name,author,recipeingredient,datepublished,recipeyield,preptime,cooktime,recipecategory,keywords,recipecuisine,aggregaterating,mainentityofpage,image,url,datemodified,publisher,review,interactionstatistic
0,-1,-1,0,1,-1,1,1,0,1,0,0,0,0,0,0,-1,0
1,-1,-1,1,2,1,2,2,1,-1,0,0,0,0,1,0,-1,0
2,-1,-1,2,3,2,3,3,2,2,0,0,0,0,2,0,-1,0
3,-1,-1,3,4,3,4,4,3,2,0,0,0,0,3,0,-1,0
4,-1,-1,4,5,4,4,5,4,2,0,0,0,0,4,0,-1,0
5,-1,-1,5,-1,-1,-1,6,5,-1,0,0,0,0,5,0,-1,0
6,-1,-1,6,6,5,5,7,6,-1,0,0,0,0,6,0,-1,0
7,-1,-1,7,7,6,6,8,7,2,0,0,0,0,7,0,-1,0
8,-1,-1,8,-1,7,7,9,8,3,0,0,0,0,8,0,-1,0
9,-1,-1,9,-1,8,8,10,9,4,0,0,0,0,9,0,-1,0
10,-1,-1,10,-1,-1,-1,11,10,-1,0,0,0,0,10,0,-1,0
11,-1,-1,11,8,9,-1,12,11,-1,0,0,0,0,11,0,-1,0
12,-1,-1,12,-1,-1,9,13,12,-1,0,0,0,0,12,0,-1,0
13,-1,-1,13,9,10,10,14,13,4,0,0,0,0,13,0,-1,0
14,-1,-1,14,-1,-1,-1,15,14,-1,0,0,0,0,14,0,-1,0
15,-1,-1,15,10,11,11,16,15,-1,0,0,0,0,15,0,-1,0
16,-1,-1,16,11,12,12,17,16,4,0,0,0,0,16,0,-1,0
17,-1,-1,17,12,13,13,18,17,-1,0,0,0,0,17,0,-1,0
18,-1,-1,18,12,13,14,19,18,4,0,0,0,0,18,0,-1,0
19,-1,-1,19,-1,-1,15,20,19,5,0,0,0,0,19,0,-1,0
20,-1,-1,20,12,13,16,21,20,-1,0,0,0,0,20,0,-1,0
21,-1,-1,21,12,-1,-1,22,21,6,0,0,0,0,21,0,-1,0
22,-1,-1,22,13,14,16,23,22,-1,0,0,0,0,22,0,-1,0
23,-1,-1,23,13,14,17,24,23,7,0,0,0,0,23,0,-1,0
24,-1,-1,24,14,15,18,25,24,8,0,0,0,0,24,0,-1,0
25,-1,-1,25,-1,16,-1,26,25,9,0,0,0,0,25,0,-1,0
26,-1,-1,26,-1,17,-1,27,26,10,0,0,0,0,26,0,-1,0
27,-1,-1,27,15,18,-1,28,27,11,0,0,0,0,27,0,-1,0
28,-1,-1,28,16,19,19,29,28,12,0,0,0,0,28,0,-1,0
29,-1,-1,29,17,19,20,30,29,-1,0,0,0,0,29,0,-1,0
30,-1,-1,30,18,20,21,31,30,13,0,0,0,0,30,0,-1,0
31,-1,-1,31,19,20,-1,32,31,13,0,0,0,0,31,0,-1,0
32,-1,-1,32,-1,20,22,33,32,-1,0,0,0,0,32,0,-1,0
33,-1,-1,33,20,21,-1,34,33,-1,0,0,0,0,33,0,-1,0
34,-1,-1,34,21,22,23,35,34,14,0,0,0,0,34,0,-1,0
35,-1,-1,35,-1,-1,-1,36,35,15,0,0,0,0,35,0,-1,0
36,-1,-1,36,22,-1,24,37,36,16,0,0,0,0,36,0,-1,0
37,-1,-1,37,23,23,25,38,37,-1,0,0,0,0,37,0,-1,0
38,-1,-1,38,23,24,26,39,38,16,0,0,0,0,38,0,-1,0
39,-1,-1,39,-1,25,27,40,39,-1,0,0,0,0,39,0,-1,0
40,-1,-1,40,-1,-1,-1,40,39,-1,0,0,0,0,40,0,-1,0
41,-1,-1,41,24,25,28,41,40,-1,0,0,0,0,41,0,-1,0
42,-1,-1,42,25,26,29,42,41,17,0,0,0,0,42,0,-1,0
43,-1,-1,43,26,27,30,43,42,-1,0,0,0,0,43,0,-1,0
44,-1,-1,44,27,28,31,44,43,18,0,0,0,0,44,0,-1,0
45,-1,-1,45,-1,-1,-1,45,44,-1,0,0,0,0,45,0,-1,0
46,-1,-1,46,28,29,-1,46,45,18,0,0,0,0,46,0,-1,0
47,-1,-1,47,-1,-1,32,47,46,-1,0,0,0,0,47,0,-1,0
48,-1,-1,48,29,29,33,48,47,18,0,0,0,0,48,0,-1,0
49,-1,-1,49,-1,-1,-1,49,48,-1,0,0,0,0,49,0,-1,0
50,-1,-1,50,-1,30,34,50,49,-1,0,0,0,0,50,0,-1,0
51,-1,-1,51,30,31,35,51,50,18,0,0,0,0,51,0,-1,0
52,-1,-1,52,-1,31,36,52,51,19,0,0,0,0,52,0,-1,0
53,-1,-1,53,30,32,36,53,52,20,0,0,0,0,53,0,-1,0
54,-1,-1,54,31,-1,-1,54,53,-1,0,0,0,0,54,0,-1,0
55,-1,-1,55,31,33,-1,55,54,21,0,0,0,0,55,0,-1,0
56,-1,-1,56,-1,-1,-1,56,55,-1,0,0,0,0,56,0,-1,0
57,-1,-1,57,32,34,-1,57,56,-1,0,0,0,0,57,0,-1,0
58,-1,-1,58,33,-1,-1,58,57,22,0,0,0,0,58,0,-1,0
59,-1,-1,59,34,35,37,-1,58,23,0,0,0,0,59,0,-1,0
60,-1,-1,60,35,36,38,59,59,24,0,0,0,0,60,0,-1,0
61,-1,-1,61,36,37,39,60,60,25,0,0,0,0,61,0,-1,0
62,-1,-1,62,-1,-1,40,61,61,-1,0,0,0,0,62,0,-1,0
63,-1,-1,63,37,37,41,62,62,-1,0,0,0,0,63,0,-1,0
64,-1,-1,64,-1,-1,-1,63,63,-1,0,0,0,0,64,0,-1,0
65,-1,-1,65,37,38,42,63,63,-1,0,0,0,0,65,0,-1,0
66,-1,-1,66,38,39,43,64,64,26,0,0,0,0,66,0,-1,0
67,-1,-1,67,-1,-1,-1,65,65,-1,0,0,0,0,67,0,-1,0
68,-1,-1,68,-1,40,44,66,66,26,0,0,0,0,68,0,-1,0
69,-1,-1,69,-1,-1,45,67,67,26,0,0,0,0,69,0,-1,0
70,-1,-1,70,39,-1,46,68,68,-1,0,0,0,0,70,0,-1,0
71,-1,-1,71,-1,-1,-1,69,69,-1,0,0,0,0,71,0,-1,0
72,-1,-1,72,-1,-1,-1,69,70,26,0,0,0,0,72,0,-1,0
73,-1,-1,73,-1,41,-1,70,71,26,0,0,0,0,73,0,-1,0
74,-1,-1,74,40,42,47,71,72,-1,0,0,0,0,74,0,-1,0
75,-1,-1,75,-1,-1,-1,72,73,-1,0,0,0,0,75,0,-1,0
76,-1,-1,76,-1,43,48,73,74,26,0,0,0,0,76,0,-1,0
77,-1,-1,77,40,43,49,74,75,26,0,0,0,0,77,0,-1,0
78,-1,-1,78,40,44,50,75,76,-1,0,0,0,0,78,0,-1,0
79,-1,-1,79,40,45,50,75,77,26,0,0,0,0,79,0,-1,0
80,-1,-1,80,-1,-1,-1,75,78,-1,0,0,0,0,80,0,-1,0
81,-1,-1,81,41,45,50,75,78,-1,0,0,0,0,81,0,-1,0
82,-1,-1,82,42,46,51,76,79,27,0,0,0,0,82,0,-1,0
83,-1,-1,83,-1,47,-1,77,80,-1,0,0,0,0,83,0,-1,0
84,-1,-1,84,43,48,52,78,81,28,0,0,0,0,84,0,-1,0
85,-1,-1,85,44,-1,53,78,82,29,0,0,0,0,85,0,-1,0
86,-1,-1,86,-1,-1,-1,79,83,-1,0,0,0,0,86,0,-1,0
87,-1,-1,87,45,49,53,80,84,30,0,0,0,0,87,0,-1,0
88,-1,-1,88,-1,-1,54,81,85,31,0,0,0,0,88,0,-1,0
89,-1,-1,89,45,49,-1,82,86,32,0,0,0,0,89,0,-1,0
90,-1,-1,90,45,50,54,83,87,32,0,0,0,0,90,0,-1,0
91,-1,-1,91,45,51,55,84,88,-1,0,0,0,0,91,0,-1,0
92,-1,-1,92,46,52,-1,85,89,32,0,0,0,0,92,0,-1,0
93,-1,-1,93,-1,53,-1,86,90,32,0,0,0,0,93,0,-1,0
94,-1,-1,94,47,54,56,87,91,32,0,0,0,0,94,0,-1,0
95,-1,-1,95,48,54,57,88,92,-1,0,0,0,0,95,0,-1,0
96,-1,-1,96,-1,-1,-1,89,93,-1,0,0,0,0,96,0,-1,0
97,-1,-1,97,-1,55,-1,90,94,33,0,0,0,0,97,0,-1,0
98,-1,-1,98,49,56,58,91,95,34,0,0,0,0,98,0,-1,0
99,-1,-1,99,50,57,59,92,96,-1,0,0,0,0,99,0,-1,0
100,-1,-1,100,51,-1,-1,93,97,-1,0,0,0,0,100,0,-1,0
101,-1,-1,101,51,58,60,94,98,-1,0,0,0,0,101,0,-1,0
102,-1,-1,102,-1,-1,-1,95,99,-1,0,0,0,0,102,0,-1,0
103,-1,-1,103,52,59,61,96,100,-1,0,0,0,0,103,0,-1,0
104,-1,-1,104,-1,-1,62,97,101,-1,0,0,0,0,104,0,-1,0
105,-1,-1,105,-1,60,63,98,102,34,0,0,0,0,105,0,-1,0
106,-1,-1,106,53,61,64,99,103,35,0,0,0,0,106,0,-1,0
107,-1,-1,107,54,62,65,100,104,-1,0,0,0,0,107,0,-1,0
108,-1,-1,108,55,63,-1,101,105,-1,0,0,0,0,108,0,-1,0
109,-1,-1,109,-1,-1,-1,102,106,36,0,0,0,0,109,0,-1,0
110,-1,1,110,56,64,-1,103,107,37,0,0,0,0,110,0,-1,0
111,-1,-1,111,-1,-1,66,104,108,-1,0,0,0,0,111,0,-1,0
112,-1,-1,112,57,65,67,105,109,38,0,0,0,0,112,0,-1,0
113,-1,-1,113,58,-1,-1,106,110,39,0,0,0,0,113,0,-1,0
114,-1,-1,114,59,65,68,107,111,40,0,0,0,0,114,0,-1,0
115,-1,-1,115,-1,-1,-1,108,112,41,0,0,0,0,115,0,-1,0
116,-1,-1,116,59,65,69,109,113,41,0,0,0,0,116,0,-1,0
117,-1,-1,117,60,66,70,110,114,41,0,0,0,0,117,0,-1,0
118,-1,-1,118,-1,67,71,111,115,41,0,0,0,0,118,0,-1,0
119,-1,-1,119,61,68,72,112,116,42,0,0,0,0,119,0,-1,0
120,-1,-1,120,62,69,73,113,117,43,0,0,0,0,120,0,-1,0
121,-1,-1,121,63,70,74,114,118,44,0,0,0,0,121,0,-1,0
122,-1,-1,122,-1,71,75,115,119,45,0,0,0,0,122,0,-1,0
123,-1,-1,123,64,72,76,116,120,46,0,0,0,0,123,0,-1,0
124,-1,-1,124,-1,73,-1,117,121,-1,0,0,0,0,124,0,-1,0
125,-1,-1,125,65,74,77,118,122,-1,0,0,0,0,125,0,-1,0
126,-1,2,126,-1,75,78,119,123,47,0,0,0,0,126,0,-1,0
127,-1,-1,127,65,76,79,120,124,48,0,0,0,0,127,0,-1,0
128,-1,-1,128,65,77,80,121,125,-1,0,0,0,0,128,0,-1,0
129,-1,-1,129,-1,-1,-1,-1,126,-1,0,0,0,0,129,0,-1,0
130,-1,-1,130,66,78,81,122,127,49,0,0,0,0,130,0,-1,0
131,-1,-1,131,-1,79,-1,123,128,50,0,0,0,0,131,0,-1,0
132,-1,-1,132,67,80,82,124,129,51,0,0,0,0,132,0,-1,0
133,-1,-1,133,68,81,83,125,130,52,0,0,0,0,133,0,-1,0
134,-1,-1,134,69,81,83,126,131,52,0,0,0,0,134,0,-1,0
135,-1,-1,135,69,82,84,127,132,52,0,0,0,0,135,0,-1,0
136,-1,-1,136,-1,-1,-1,128,133,53,0,0,0,0,136,0,-1,0
137,-1,-1,137,69,82,85,129,134,54,0,0,0,0,137,0,-1,0
138,-1,-1,138,-1,-1,-1,130,135,55,0,0,0,0,138,0,-1,0
139,-1,-1,139,70,83,85,131,136,55,0,0,0,0,139,0,-1,0
140,-1,-1,140,71,-1,-1,132,137,55,0,0,0,0,140,0,-1,0
141,-1,-1,141,71,84,86,133,138,55,0,0,0,0,141,0,-1,0
142,-1,-1,142,72,84,-1,134,139,56,0,0,0,0,142,0,-1,0
143,-1,-1,143,72,-1,-1,135,140,57,0,0,0,0,143,0,-1,0
144,-1,-1,144,73,85,-1,136,141,57,0,0,0,0,144,0,-1,0
145,-1,-1,145,-1,85,-1,137,142,57,0,0,0,0,145,0,-1,0
146,-1,-1,146,74,-1,-1,137,143,-1,0,0,0,0,146,0,-1,0
147,-1,-1,147,75,86,87,138,144,58,0,0,0,0,147,0,-1,0
148,-1,-1,148,76,87,88,139,145,59,0,0,0,0,148,0,-1,0
149,-1,-1,149,-1,-1,-1,139,146,-1,0,0,0,0,149,0,-1,0
150,-1,-1,150,77,-1,-1,139,146,-1,0,0,0,0,150,0,-1,0
151,-1,-1,151,78,88,89,140,147,-1,0,0,0,0,151,0,-1,0
152,-1,-1,152,-1,-1,-1,141,148,-1,0,0,0,0,152,0,-1,0
153,-1,-1,153,79,89,-1,142,149,60,0,0,0,0,153,0,-1,0
154,-1,-1,154,-1,89,-1,143,150,-1,0,0,0,0,154,0,-1,0
155,-1,-1,155,79,-1,89,144,151,-1,0,0,0,0,155,0,-1,0
156,-1,-1,156,-1,-1,-1,145,152,-1,0,0,0,0,156,0,-1,0
157,-1,-1,157,80,90,90,146,153,61,0,0,0,0,157,0,-1,0
158,-1,-1,158,81,91,91,147,154,62,0,0,0,0,158,0,-1,0
159,-1,-1,159,-1,92,-1,148,155,63,0,0,0,0,159,0,-1,0
160,-1,-1,160,81,93,-1,149,156,-1,0,0,0,0,160,0,-1,0
161,-1,-1,161,-1,94,-1,150,157,-1,0,0,0,0,161,0,-1,0
162,-1,-1,162,81,95,92,151,158,-1,0,0,0,0,162,0,-1,0
163,-1,-1,163,82,96,93,152,159,64,0,0,0,0,163,0,-1,0
164,-1,-1,164,82,96,94,153,160,65,0,0,0,0,164,0,-1,0
165,-1,-1,165,83,-1,95,154,161,-1,0,0,0,0,165,0,-1,0
166,-1,-1,166,-1,97,96,155,162,65,0,0,0,0,166,0,-1,0
167,-1,-1,167,-1,98,97,156,163,-1,0,0,0,0,167,0,-1,0
168,-1,-1,168,-1,-1,98,157,164,-1,0,0,0,0,168,0,-1,0
169,-1,-1,169,-1,99,99,158,165,66,0,0,0,0,169,0,-1,0
170,-1,-1,170,-1,100,100,159,166,67,0,0,0,0,170,0,-1,0
171,-1,-1,171,84,101,101,160,167,67,0,0,0,0,171,0,-1,0
172,-1,-1,172,85,102,102,161,168,68,0,0,0,0,172,0,-1,0
173,-1,-1,173,86,102,103,162,169,69,0,0,0,0,173,0,-1,0
174,-1,-1,174,-1,103,104,163,170,-1,0,0,0,0,174,0,-1,0
175,-1,-1,175,87,103,105,164,171,69,0,0,0,0,175,0,-1,0
176,-1,-1,176,88,-1,-1,164,172,69,0,0,0,0,176,0,-1,0
177,-1,-1,177,-1,104,106,165,173,69,0,0,0,0,177,0,-1,0
178,-1,-1,178,89,105,-1,166,174,69,0,0,0,0,178,0,-1,0
179,-1,-1,179,-1,105,107,167,175,69,0,0,0,0,179,0,-1,0
180,-1,-1,180,90,106,108,167,176,-1,0,0,0,0,180,0,-1,0
181,-1,-1,181,91,107,109,168,177,-1,0,0,0,0,181,0,-1,0
182,-1,-1,182,91,108,109,168,178,70,0,0,0,0,182,0,-1,0
183,-1,-1,183,92,108,110,169,179,71,0,0,0,0,183,0,-1,0
184,-1,-1,184,93,109,111,170,180,72,0,0,0,0,184,0,-1,0
185,-1,-1,185,-1,110,112,171,181,72,0,0,0,0,185,0,-1,0
186,-1,-1,186,-1,-1,-1,172,182,-1,0,0,0,0,186,0,-1,0
187,-1,-1,187,94,111,113,173,183,72,0,0,0,0,187,0,-1,0
188,-1,3,188,-1,-1,-1,173,184,-1,0,0,0,0,188,0,-1,0
189,-1,-1,189,95,112,114,174,185,-1,0,0,0,0,189,0,-1,0
190,-1,-1,190,-1,-1,-1,175,186,-1,0,0,0,0,190,0,-1,0
191,-1,-1,191,96,113,115,176,187,73,0,0,0,0,191,0,-1,0
192,-1,-1,192,-1,113,116,177,188,74,0,0,0,0,192,0,-1,0
193,-1,-1,193,97,114,117,177,189,-1,0,0,0,0,193,0,-1,0
194,-1,-1,194,-1,115,118,178,190,-1,0,0,0,0,194,0,-1,0
195,-1,-1,195,98,116,119,179,191,75,0,0,0,0,195,0,-1,0
196,-1,-1,196,-1,117,120,180,192,76,0,0,0,0,196,0,-1,0
197,-1,-1,197,99,118,121,181,193,77,0,0,0,0,197,0,-1,0
198,-1,-1,198,100,119,-1,182,194,-1,0,0,0,0,198,0,-1,0
199,-1,-1,199,101,120,122,183,195,78,0,0,0,0,199,0,-1,0
200,-1,-1,200,-1,120,-1,184,196,-1,0,0,0,0,200,0,-1,0
201,-1,-1,201,102,121,123,185,197,79,0,0,0,0,201,0,-1,0
202,-1,-1,202,102,122,124,186,198,80,0,0,0,0,202,0,-1,0
203,-1,-1,203,103,123,-1,187,199,81,0,0,0,0,203,0,-1,0
204,-1,-1,204,104,124,125,188,200,82,0,0,0,0,204,0,-1,0
205,-1,-1,205,-1,-1,-1,189,201,83,0,0,0,0,205,0,-1,0
206,-1,-1,206,104,125,126,190,202,83,0,0,0,0,206,0,-1,0
207,-1,-1,207,105,-1,-1,191,203,-1,0,0,0,0,207,0,-1,0
208,-1,-1,208,106,126,-1,192,204,83,0,0,0,0,208,0,-1,0
209,-1,-1,209,107,-1,-1,193,205,-1,0,0,0,0,209,0,-1,0
210,-1,-1,210,108,127,127,194,206,-1,0,0,0,0,210,0,-1,0
211,-1,-1,211,109,128,128,195,207,83,0,0,0,0,211,0,-1,0
212,-1,-1,212,109,128,129,196,208,-1,0,0,0,0,212,0,-1,0
213,-1,-1,213,-1,-1,-1,197,209,-1,0,0,0,0,213,0,-1,0
214,-1,-1,214,-1,129,130,198,210,-1,0,0,0,0,214,0,-1,0
215,-1,-1,215,109,130,131,199,211,83,0,0,0,0,215,0,-1,0
216,-1,-1,216,-1,-1,-1,200,212,-1,0,0,0,0,216,0,-1,0
217,-1,-1,217,-1,131,132,200,213,83,0,0,0,0,217,0,-1,0
218,-1,-1,218,-1,132,133,201,214,84,0,0,0,0,218,0,-1,0
219,-1,-1,219,-1,133,134,202,215,-1,0,0,0,0,219,0,-1,0
220,-1,-1,220,110,134,135,203,216,-1,0,0,0,0,220,0,-1,0
221,-1,-1,221,111,135,136,204,217,85,0,0,0,0,221,0,-1,0
222,-1,-1,222,-1,136,137,205,218,-1,0,0,0,0,222,0,-1,0
223,-1,-1,223,112,-1,138,206,219,-1,0,0,0,0,223,0,-1,0
224,-1,-1,224,-1,137,139,207,220,-1,0,0,0,0,224,0,-1,0
225,-1,-1,225,113,138,140,208,221,-1,0,0,0,0,225,0,-1,0
226,-1,-1,226,114,139,141,209,222,85,0,0,0,0,226,0,-1,0
227,-1,-1,227,114,140,-1,210,223,-1,0,0,0,0,227,0,-1,0
228,-1,-1,228,-1,-1,-1,211,224,85,0,0,0,0,228,0,-1,0
229,-1,-1,229,114,140,142,212,225,86,0,0,0,0,229,0,-1,0
230,-1,-1,230,115,141,-1,213,226,87,0,0,0,0,230,0,-1,0
231,-1,-1,231,116,142,143,214,227,-1,0,0,0,0,231,0,-1,0
232,-1,-1,232,117,143,144,215,228,87,0,0,0,0,232,0,-1,0
233,-1,-1,233,118,144,145,216,229,-1,0,0,0,0,233,0,-1,0
234,-1,-1,234,-1,144,146,216,230,87,0,0,0,0,234,0,-1,0
235,-1,-1,235,-1,145,147,217,231,87,0,0,0,0,235,0,-1,0
236,-1,-1,236,-1,-1,-1,218,232,-1,0,0,0,0,236,0,-1,0
237,-1,-1,237,-1,-1,-1,219,233,-1,0,0,0,0,237,0,-1,0
238,-1,-1,238,-1,145,-1,220,234,87,0,0,0,0,238,0,-1,0
239,-1,-1,239,-1,-1,-1,221,235,-1,0,0,0,0,239,0,-1,0
240,-1,-1,240,-1,146,148,221,235,-1,0,0,0,0,240,0,-1,0
241,-1,-1,241,-1,146,149,221,235,-1,0,0,0,0,241,0,-1,0
242,-1,-1,242,-1,147,150,221,235,-1,0,0,0,0,242,0,-1,0
243,-1,-1,243,119,148,151,221,235,-1,0,0,0,0,243,0,-1,0
244,-1,-1,244,119,149,-1,222,236,87,0,0,0,0,244,0,-1,0
245,-1,-1,245,-1,150,152,223,237,-1,0,0,0,0,245,0,-1,0
246,-1,-1,246,-1,151,153,224,238,-1,0,0,0,0,246,0,-1,0
247,-1,-1,247,120,152,154,225,239,87,0,0,0,0,247,0,-1,0
248,-1,-1,248,120,153,155,226,240,87,0,0,0,0,248,0,-1,0
249,-1,-1,249,-1,-1,-1,227,241,-1,0,0,0,0,249,0,-1,0
250,-1,-1,250,121,154,156,228,242,-1,0,0,0,0,250,0,-1,0
251,-1,-1,251,-1,-1,-1,229,243,-1,0,0,0,0,251,0,-1,0
252,-1,-1,252,-1,154,157,230,244,87,0,0,0,0,252,0,-1,0
253,-1,-1,253,122,155,-1,231,245,88,0,0,0,0,253,0,-1,0
254,-1,-1,254,123,156,157,232,246,89,0,0,0,0,254,0,-1,0
255,-1,-1,255,123,-1,-1,233,247,-1,0,0,0,0,255,0,-1,0
256,-1,-1,256,123,157,158,234,248,89,0,0,0,0,256,0,-1,0
257,-1,-1,257,124,-1,-1,235,249,89,0,0,0,0,257,0,-1,0
258,-1,-1,258,125,158,159,236,250,89,0,0,0,0,258,0,-1,0
259,-1,-1,259,-1,159,-1,237,251,89,0,0,0,0,259,0,-1,0
260,-1,-1,260,126,160,-1,238,252,89,0,0,0,0,260,0,-1,0
261,-1,-1,261,127,161,160,-1,253,90,0,0,0,0,261,0,-1,0
262,-1,-1,262,128,-1,-1,239,254,-1,0,0,0,0,262,0,-1,0
263,-1,-1,263,129,162,160,240,255,91,0,0,0,0,263,0,-1,0
264,-1,-1,264,-1,-1,-1,240,256,91,0,0,0,0,264,0,-1,0
265,-1,-1,265,-1,163,161,241,257,-1,0,0,0,0,265,0,-1,0
266,-1,-1,266,-1,164,162,242,258,92,0,0,0,0,266,0,-1,0
267,-1,-1,267,130,165,163,243,259,93,0,0,0,0,267,0,-1,0
268,-1,-1,268,131,166,164,244,260,94,0,0,0,0,268,0,-1,0
269,-1,-1,269,132,-1,-1,245,261,-1,0,0,0,0,269,0,-1,0
270,-1,-1,270,-1,166,-1,246,262,-1,0,0,0,0,270,0,-1,0
271,-1,-1,271,133,167,165,247,263,95,0,0,0,0,271,0,-1,0
272,-1,-1,272,133,168,166,248,264,96,0,0,0,0,272,0,-1,0
273,-1,-1,273,133,-1,167,248,265,-1,0,0,0,0,273,0,-1,0
274,-1,-1,274,134,169,168,249,266,97,0,0,0,0,274,0,-1,0
275,-1,-1,275,-1,169,-1,250,267,-1,0,0,0,0,275,0,-1,0
276,-1,-1,276,135,170,168,251,268,98,0,0,0,0,276,0,-1,0
277,-1,-1,277,136,171,-1,252,269,99,0,0,0,0,277,0,-1,0
278,-1,-1,278,136,172,169,253,270,100,0,0,0,0,278,0,-1,0
279,-1,-1,279,137,173,170,254,271,-1,0,0,0,0,279,0,-1,0
280,-1,-1,280,-1,-1,-1,255,272,-1,0,0,0,0,280,0,-1,0
281,-1,-1,281,-1,-1,-1,256,273,-1,0,0,0,0,281,0,-1,0
282,-1,-1,282,-1,174,170,257,274,100,0,0,0,0,282,0,-1,0
283,-1,-1,283,138,175,171,258,275,-1,0,0,0,0,283,0,-1,0
284,-1,-1,284,-1,176,172,259,276,-1,0,0,0,0,284,0,-1,0
285,-1,-1,285,139,177,173,260,277,100,0,0,0,0,285,0,-1,0
286,-1,-1,286,140,-1,-1,261,278,-1,0,0,0,0,286,0,-1,0
287,-1,-1,287,141,178,174,262,279,100,0,0,0,0,287,0,-1,0
288,-1,-1,288,-1,179,175,263,280,100,0,0,0,0,288,0,-1,0
289,-1,-1,289,142,180,176,264,281,100,0,0,0,0,289,0,-1,0
290,-1,-1,290,-1,181,177,265,282,-1,0,0,0,0,290,0,-1,0
291,-1,-1,291,143,182,178,266,283,-1,0,0,0,0,291,0,-1,0
292,-1,-1,292,144,182,179,267,284,100,0,0,0,0,292,0,-1,0
293,-1,-1,293,145,182,180,268,285,-1,0,0,0,0,293,0,-1,0
294,-1,-1,294,146,182,180,269,286,101,0,0,0,0,294,0,-1,0
295,-1,-1,295,147,183,181,270,287,-1,0,0,0,0,295,0,-1,0
296,-1,-1,296,148,184,182,271,288,102,0,0,0,0,296,0,-1,0
297,-1,-1,297,-1,185,183,272,289,103,0,0,0,0,297,0,-1,0
298,-1,-1,298,149,-1,184,273,290,104,0,0,0,0,298,0,-1,0
299,-1,-1,299,-1,-1,-1,274,291,-1,0,0,0,0,299,0,-1,0
300,-1,-1,300,150,186,185,275,292,105,0,0,0,0,300,0,-1,0
301,-1,-1,301,-1,187,-1,276,293,-1,0,0,0,0,301,0,-1,0
302,-1,-1,302,-1,188,-1,277,294,106,0,0,0,0,302,0,-1,0
303,-1,-1,303,151,189,186,278,295,107,0,0,0,0,303,0,-1,0
304,-1,-1,304,152,190,187,279,296,-1,0,0,0,0,304,0,-1,0
305,-1,-1,305,153,191,188,279,296,-1,0,0,0,0,305,0,-1,0
306,-1,-1,306,154,192,189,279,296,-1,0,0,0,0,306,0,-1,0
307,-1,-1,307,-1,-1,190,279,296,-1,0,0,0,0,307,0,-1,0
308,-1,-1,308,155,193,-1,280,297,-1,0,0,0,0,308,0,-1,0
309,-1,-1,309,156,194,190,281,298,108,0,0,0,0,309,0,-1,0
310,-1,-1,310,157,195,191,282,299,-1,0,0,0,0,310,0,-1,0
311,-1,-1,311,-1,196,192,283,300,109,0,0,0,0,311,0,-1,0
312,-1,-1,312,158,197,193,284,301,110,0,0,0,0,312,0,-1,0
313,-1,-1,313,159,-1,-1,285,302,-1,0,0,0,0,313,0,-1,0
314,-1,-1,314,160,198,194,286,303,111,0,0,0,0,314,0,-1,0
315,-1,-1,315,161,199,195,286,303,111,0,0,0,0,315,0,-1,0
316,-1,-1,316,162,200,196,287,304,112,0,0,0,0,316,0,-1,0
317,-1,-1,317,-1,-1,-1,288,305,113,0,0,0,0,317,0,-1,0
318,-1,4,318,-1,-1,-1,289,306,113,0,0,0,0,318,0,-1,0
319,-1,-1,319,163,200,196,290,307,-1,0,0,0,0,319,0,-1,0
320,-1,-1,320,163,201,197,291,308,114,0,0,0,0,320,0,-1,0
321,-1,-1,321,-1,-1,-1,292,309,-1,0,0,0,0,321,0,-1,0
322,-1,-1,322,164,202,198,293,310,-1,0,0,0,0,322,0,-1,0
323,-1,-1,323,-1,203,-1,294,311,115,0,0,0,0,323,0,-1,0
324,-1,-1,324,165,204,199,295,312,-1,0,0,0,0,324,0,-1,0
325,-1,-1,325,166,205,199,296,313,116,0,0,0,0,325,0,-1,0
326,-1,-1,326,-1,205,-1,297,314,-1,0,0,0,0,326,0,-1,0
327,-1,-1,327,167,206,200,298,315,117,0,0,0,0,327,0,-1,0
328,-1,-1,328,-1,-1,-1,298,315,117,0,0,0,0,328,0,-1,0
329,-1,-1,329,168,206,200,299,316,118,0,0,0,0,329,0,-1,0
330,-1,-1,330,-1,207,201,300,317,119,0,0,0,0,330,0,-1,0
331,-1,-1,331,168,208,202,301,318,120,0,0,0,0,331,0,-1,0
332,-1,-1,332,169,209,203,301,319,-1,0,0,0,0,332,0,-1,0
333,-1,-1,333,-1,-1,-1,302,320,121,0,0,0,0,333,0,-1,0
334,-1,-1,334,170,209,204,302,321,122,0,0,0,0,334,0,-1,0
335,-1,-1,335,170,210,205,303,322,123,0,0,0,0,335,0,-1,0
336,-1,-1,336,171,210,206,304,323,124,0,0,0,0,336,0,-1,0
337,-1,-1,337,172,211,207,305,324,-1,0,0,0,0,337,0,-1,0
338,-1,5,338,173,212,208,306,325,125,0,0,0,0,338,0,-1,0
339,-1,-1,339,174,-1,-1,307,326,125,0,0,0,0,339,0,-1,0
340,-1,-1,340,175,-1,-1,308,327,125,0,0,0,0,340,0,-1,0
341,-1,-1,341,-1,213,209,309,328,-1,0,0,0,0,341,0,-1,0
342,-1,-1,342,176,214,210,310,329,125,0,0,0,0,342,0,-1,0
343,-1,-1,343,176,215,211,311,330,125,0,0,0,0,343,0,-1,0
344,-1,-1,344,-1,216,212,312,331,125,0,0,0,0,344,0,-1,0
345,-1,-1,345,177,217,213,313,332,125,0,0,0,0,345,0,-1,0
346,-1,-1,346,-1,218,214,314,333,-1,0,0,0,0,346,0,-1,0
347,-1,-1,347,-1,219,215,315,334,125,0,0,0,0,347,0,-1,0
348,-1,-1,348,178,220,216,316,335,125,0,0,0,0,348,0,-1,0
349,-1,-1,349,179,221,217,317,336,125,0,0,0,0,349,0,-1,0
350,-1,-1,350,180,222,218,318,337,126,0,0,0,0,350,0,-1,0
351,-1,-1,351,181,-1,219,319,338,127,0,0,0,0,351,0,-1,0
352,-1,6,352,182,222,220,320,339,-1,0,0,0,0,352,0,-1,0
353,-1,-1,353,183,222,221,321,340,128,0,0,0,0,353,0,-1,0
354,-1,-1,354,-1,-1,-1,322,341,129,0,0,0,0,354,0,-1,0
355,-1,-1,355,184,223,222,323,342,129,0,0,0,0,355,0,-1,0
356,-1,-1,356,185,224,223,324,343,130,0,0,0,0,356,0,-1,0
357,-1,-1,357,-1,225,224,325,344,-1,0,0,0,0,357,0,-1,0
358,-1,-1,358,-1,-1,-1,326,345,131,0,0,0,0,358,0,-1,0
359,-1,-1,359,-1,226,224,327,346,-1,0,0,0,0,359,0,-1,0
360,-1,-1,360,-1,-1,-1,328,347,-1,0,0,0,0,360,0,-1,0
361,-1,-1,361,-1,-1,-1,329,348,-1,0,0,0,0,361,0,-1,0
362,-1,-1,362,186,227,225,330,349,132,0,0,0,0,362,0,-1,0
363,-1,-1,363,186,228,226,331,350,133,0,0,0,0,363,0,-1,0
364,-1,-1,364,187,-1,-1,331,351,133,0,0,0,0,364,0,-1,0
365,-1,-1,365,-1,229,227,332,352,-1,0,0,0,0,365,0,-1,0
366,-1,-1,366,-1,-1,-1,333,353,133,0,0,0,0,366,0,-1,0
367,-1,-1,367,-1,-1,-1,334,354,-1,0,0,0,0,367,0,-1,0
368,-1,-1,368,188,230,228,335,355,-1,0,0,0,0,368,0,-1,0
369,-1,-1,369,189,231,229,336,356,134,0,0,0,0,369,0,-1,0
370,-1,-1,370,190,232,230,337,357,134,0,0,0,0,370,0,-1,0
371,-1,-1,371,191,232,231,338,358,-1,0,0,0,0,371,0,-1,0
372,-1,-1,372,192,233,232,339,359,135,0,0,0,0,372,0,-1,0
373,-1,-1,373,-1,-1,-1,339,360,-1,0,0,0,0,373,0,-1,0
374,-1,-1,374,192,233,233,339,361,136,0,0,0,0,374,0,-1,0
375,-1,-1,375,192,234,234,340,362,136,0,0,0,0,375,0,-1,0
376,-1,-1,376,-1,-1,235,340,363,136,0,0,0,0,376,0,-1,0
377,-1,-1,377,193,235,236,341,364,136,0,0,0,0,377,0,-1,0
378,-1,-1,378,194,236,237,342,365,137,0,0,0,0,378,0,-1,0
379,-1,-1,379,195,237,238,343,366,137,0,0,0,0,379,0,-1,0
380,-1,-1,380,196,238,239,344,367,138,0,0,0,0,380,0,-1,0
381,-1,-1,381,-1,239,240,345,368,138,0,0,0,0,381,0,-1,0
382,-1,7,382,-1,240,-1,346,369,-1,0,0,0,0,382,0,-1,0
383,-1,-1,383,197,241,-1,347,370,138,0,0,0,0,383,0,-1,0
384,-1,-1,384,-1,242,241,348,371,-1,0,0,0,0,384,0,-1,0
385,-1,-1,385,197,243,242,349,372,139,0,0,0,0,385,0,-1,0
386,-1,-1,386,198,243,243,350,373,140,0,0,0,0,386,0,-1,0
387,-1,-1,387,-1,244,-1,351,374,-1,0,0,0,0,387,0,-1,0
388,-1,-1,388,199,244,244,352,375,140,0,0,0,0,388,0,-1,0
389,-1,-1,389,200,245,245,353,376,-1,0,0,0,0,389,0,-1,0
390,-1,-1,390,201,246,246,354,377,140,0,0,0,0,390,0,-1,0
391,-1,-1,391,202,247,247,355,378,141,0,0,0,0,391,0,-1,0
392,-1,-1,392,-1,247,247,356,379,142,0,0,0,0,392,0,-1,0
393,-1,-1,393,203,248,248,357,380,142,0,0,0,0,393,0,-1,0
394,-1,-1,394,-1,249,-1,358,381,142,0,0,0,0,394,0,-1,0
395,-1,-1,395,203,250,249,359,382,143,0,0,0,0,395,0,-1,0
396,-1,-1,396,204,251,250,360,383,144,0,0,0,0,396,0,-1,0
397,-1,-1,397,205,252,251,361,384,144,0,0,0,0,397,0,-1,0
398,-1,-1,398,206,-1,252,362,385,145,0,0,0,0,398,0,-1,0
399,-1,-1,399,207,253,253,363,386,146,0,0,0,0,399,0,-1,0
400,-1,-1,400,208,254,-1,364,387,146,0,0,0,0,400,0,-1,0
401,-1,-1,401,209,255,-1,365,388,-1,0,0,0,0,401,0,-1,0
402,-1,-1,402,209,255,254,366,389,146,0,0,0,0,402,0,-1,0
403,-1,-1,403,209,256,255,367,390,147,0,0,0,0,403,0,-1,0
404,-1,-1,404,210,256,256,368,391,148,0,0,0,0,404,0,-1,0
405,-1,-1,405,211,257,257,369,392,148,0,0,0,0,405,0,-1,0
406,-1,-1,406,212,258,-1,370,393,-1,0,0,0,0,406,0,-1,0
407,-1,-1,407,213,-1,-1,-1,394,-1,0,0,0,0,407,0,-1,0
408,-1,-1,408,213,258,258,371,395,148,0,0,0,0,408,0,-1,0
409,-1,-1,409,214,259,-1,372,396,148,0,0,0,0,409,0,-1,0
410,-1,-1,410,215,260,259,373,397,-1,0,0,0,0,410,0,-1,0
411,-1,-1,411,216,261,260,374,398,-1,0,0,0,0,411,0,-1,0
412,-1,-1,412,-1,262,-1,375,399,149,0,0,0,0,412,0,-1,0
413,-1,-1,413,217,263,261,376,400,150,0,0,0,0,413,0,-1,0
414,-1,-1,414,-1,263,261,377,401,150,0,0,0,0,414,0,-1,0
415,-1,-1,415,218,264,261,378,402,151,0,0,0,0,415,0,-1,0
416,-1,-1,416,219,265,262,379,403,152,0,0,0,0,416,0,-1,0
417,-1,-1,417,220,-1,-1,-1,404,-1,0,0,0,0,417,0,-1,0
418,-1,-1,418,-1,-1,-1,380,405,-1,0,0,0,0,418,0,-1,0
419,-1,-1,419,-1,-1,-1,-1,406,-1,0,0,0,0,419,0,-1,0
420,-1,-1,420,-1,266,263,381,407,153,0,0,0,0,420,0,-1,0
421,-1,-1,421,221,267,264,382,408,153,0,0,0,0,421,0,-1,0
422,-1,-1,422,222,268,265,383,409,153,0,0,0,0,422,0,-1,0
423,-1,-1,423,223,269,266,384,410,153,0,0,0,0,423,0,-1,0
424,-1,-1,424,224,270,-1,385,411,153,0,0,0,0,424,0,-1,0
425,-1,-1,425,225,271,267,386,412,153,0,0,0,0,425,0,-1,0
426,-1,-1,426,226,272,268,387,413,153,0,0,0,0,426,0,-1,0
427,-1,-1,427,227,272,269,388,414,153,0,0,0,0,427,0,-1,0
428,-1,-1,428,-1,273,-1,389,415,-1,0,0,0,0,428,0,-1,0
429,-1,-1,429,-1,-1,-1,390,416,-1,0,0,0,0,429,0,-1,0
430,-1,-1,430,228,274,270,391,417,-1,0,0,0,0,430,0,-1,0
431,-1,-1,431,229,275,271,392,418,-1,0,0,0,0,431,0,-1,0
432,-1,-1,432,-1,276,272,392,418,-1,0,0,0,0,432,0,-1,0
433,-1,-1,433,-1,277,273,392,419,154,0,0,0,0,433,0,-1,0
434,-1,-1,434,-1,277,274,392,420,155,0,0,0,0,434,0,-1,0
435,-1,-1,435,-1,-1,275,393,421,-1,0,0,0,0,435,0,-1,0
436,-1,-1,436,230,277,276,394,422,-1,0,0,0,0,436,0,-1,0
437,-1,-1,437,-1,-1,-1,395,423,-1,0,0,0,0,437,0,-1,0
438,-1,-1,438,-1,277,-1,395,423,-1,0,0,0,0,438,0,-1,0
439,-1,-1,439,-1,-1,-1,396,424,-1,0,0,0,0,439,0,-1,0
440,-1,-1,440,231,278,277,396,425,156,0,0,0,0,440,0,-1,0
441,-1,-1,441,232,279,278,397,426,-1,0,0,0,0,441,0,-1,0
442,-1,-1,442,232,280,279,398,427,157,0,0,0,0,442,0,-1,0
443,-1,-1,443,233,-1,280,399,428,-1,0,0,0,0,443,0,-1,0
444,-1,-1,444,234,-1,-1,399,429,158,0,0,0,0,444,0,-1,0
445,-1,-1,445,235,-1,-1,400,430,-1,0,0,0,0,445,0,-1,0
446,-1,-1,446,236,280,-1,401,431,-1,0,0,0,0,446,0,-1,0
447,-1,-1,447,237,-1,-1,402,432,-1,0,0,0,0,447,0,-1,0
448,-1,-1,448,238,281,-1,403,433,-1,0,0,0,0,448,0,-1,0
449,-1,-1,449,-1,-1,-1,404,434,158,0,0,0,0,449,0,-1,0
450,-1,-1,450,-1,282,281,405,435,158,0,0,0,0,450,0,-1,0
451,-1,-1,451,238,283,282,406,436,-1,0,0,0,0,451,0,-1,0
452,-1,-1,452,-1,284,-1,407,437,158,0,0,0,0,452,0,-1,0
453,-1,-1,453,-1,284,283,407,438,-1,0,0,0,0,453,0,-1,0
454,-1,-1,454,239,285,284,408,439,-1,0,0,0,0,454,0,-1,0
455,-1,-1,455,240,286,285,409,440,158,0,0,0,0,455,0,-1,0
456,-1,-1,456,241,-1,-1,410,441,-1,0,0,0,0,456,0,-1,0
457,-1,-1,457,-1,-1,-1,411,442,-1,0,0,0,0,457,0,-1,0
458,-1,-1,458,242,287,286,412,443,159,0,0,0,0,458,0,-1,0
459,-1,-1,459,-1,288,287,413,444,-1,0,0,0,0,459,0,-1,0
460,-1,-1,460,243,289,288,413,445,160,0,0,0,0,460,0,-1,0
461,-1,-1,461,243,289,289,414,446,-1,0,0,0,0,461,0,-1,0
462,-1,-1,462,244,289,290,415,447,161,0,0,0,0,462,0,-1,0
463,-1,-1,463,245,290,291,416,448,-1,0,0,0,0,463,0,-1,0
464,-1,-1,464,246,291,292,417,449,162,0,0,0,0,464,0,-1,0
465,-1,-1,465,-1,292,293,418,450,162,0,0,0,0,465,0,-1,0
466,-1,-1,466,-1,-1,-1,419,451,162,0,0,0,0,466,0,-1,0
467,-1,-1,467,-1,293,294,420,452,162,0,0,0,0,467,0,-1,0
468,-1,-1,468,247,294,295,420,453,-1,0,0,0,0,468,0,-1,0
469,-1,-1,469,248,295,-1,421,454,162,0,0,0,0,469,0,-1,0
470,-1,-1,470,249,-1,296,422,455,162,0,0,0,0,470,0,-1,0
471,-1,-1,471,250,296,297,422,456,162,0,0,0,0,471,0,-1,0
472,-1,-1,472,250,297,298,423,457,163,0,0,0,0,472,0,-1,0
473,-1,-1,473,251,298,299,424,458,164,0,0,0,0,473,0,-1,0
474,-1,-1,474,251,299,300,425,459,-1,0,0,0,0,474,0,-1,0
475,-1,-1,475,252,300,301,426,460,-1,0,0,0,0,475,0,-1,0
476,-1,-1,476,252,301,-1,427,461,-1,0,0,0,0,476,0,-1,0
477,-1,-1,477,252,301,302,428,462,-1,0,0,0,0,477,0,-1,0
478,-1,-1,478,-1,302,-1,429,463,164,0,0,0,0,478,0,-1,0
479,-1,-1,479,253,-1,-1,430,464,-1,0,0,0,0,479,0,-1,0
480,-1,-1,480,254,303,303,431,465,164,0,0,0,0,480,0,-1,0
481,-1,-1,481,255,304,304,432,466,-1,0,0,0,0,481,0,-1,0
482,-1,-1,482,256,305,305,433,467,165,0,0,0,0,482,0,-1,0
483,-1,-1,483,257,-1,305,434,468,-1,0,0,0,0,483,0,-1,0
484,-1,-1,484,258,306,306,435,469,166,0,0,0,0,484,0,-1,0
485,-1,-1,485,259,307,307,436,470,-1,0,0,0,0,485,0,-1,0
486,-1,-1,486,260,307,-1,437,471,167,0,0,0,0,486,0,-1,0
487,-1,-1,487,-1,308,308,438,472,168,0,0,0,0,487,0,-1,0
488,-1,-1,488,261,309,309,438,473,169,0,0,0,0,488,0,-1,0
489,-1,-1,489,262,310,310,439,474,170,0,0,0,0,489,0,-1,0
490,-1,-1,490,263,311,311,440,475,170,0,0,0,0,490,0,-1,0
491,-1,-1,491,264,312,312,441,476,170,0,0,0,0,491,0,-1,0
492,-1,-1,492,265,312,313,442,477,170,0,0,0,0,492,0,-1,0
493,-1,-1,493,-1,-1,-1,443,478,-1,0,0,0,0,493,0,-1,0
494,-1,-1,494,266,313,314,444,479,171,0,0,0,0,494,0,-1,0
495,-1,-1,495,266,314,315,445,480,172,0,0,0,0,495,0,-1,0
496,-1,-1,496,-1,-1,-1,446,481,-1,0,0,0,0,496,0,-1,0
497,-1,-1,497,267,315,316,447,482,-1,0,0,0,0,497,0,-1,0
498,-1,-1,498,267,315,317,448,483,173,0,0,0,0,498,0,-1,0
499,-1,-1,499,-1,316,318,449,484,174,0,0,0,0,499,0,-1,0
500,-1,-1,500,-1,-1,-1,449,485,-1,0,0,0,0,500,0,-1,0
501,-1,-1,501,268,317,-1,450,486,174,0,0,0,0,501,0,-1,0
502,-1,-1,502,269,318,-1,451,487,174,0,0,0,0,502,0,-1,0
503,-1,-1,503,269,319,-1,452,488,175,0,0,0,0,503,0,-1,0
504,-1,-1,504,-1,-1,-1,453,489,-1,0,0,0,0,504,0,-1,0
505,-1,-1,505,270,320,-1,454,490,176,0,0,0,0,505,0,-1,0
506,-1,-1,506,-1,321,319,455,491,-1,0,0,0,0,506,0,-1,0
507,-1,-1,507,271,321,320,456,492,176,0,0,0,0,507,0,-1,0
508,-1,-1,508,272,321,321,457,493,-1,0,0,0,0,508,0,-1,0
509,-1,-1,509,-1,322,321,458,494,-1,0,0,0,0,509,0,-1,0
510,-1,-1,510,-1,323,322,459,495,-1,0,0,0,0,510,0,-1,0
511,-1,-1,511,-1,-1,323,460,496,-1,0,0,0,0,511,0,-1,0
512,-1,-1,512,272,324,324,461,497,-1,0,0,0,0,512,0,-1,0
513,-1,-1,513,273,325,325,462,498,-1,0,0,0,0,513,0,-1,0
514,-1,-1,514,274,326,326,463,499,177,0,0,0,0,514,0,-1,0
515,-1,-1,515,-1,-1,-1,464,500,178,0,0,0,0,515,0,-1,0
516,-1,-1,516,274,327,-1,465,501,-1,0,0,0,0,516,0,-1,0
517,-1,-1,517,274,327,327,466,502,178,0,0,0,0,517,0,-1,0
518,-1,-1,518,275,328,-1,467,503,179,0,0,0,0,518,0,-1,0
519,-1,-1,519,276,329,328,468,504,-1,0,0,0,0,519,0,-1,0
520,-1,-1,520,277,330,329,469,505,180,0,0,0,0,520,0,-1,0
521,-1,-1,521,278,331,330,470,506,-1,0,0,0,0,521,0,-1,0
522,-1,-1,522,279,332,-1,471,507,180,0,0,0,0,522,0,-1,0
523,-1,-1,523,280,332,331,472,508,180,0,0,0,0,523,0,-1,0
524,-1,-1,524,281,333,332,473,509,180,0,0,0,0,524,0,-1,0
525,-1,-1,525,-1,334,333,474,510,180,0,0,0,0,525,0,-1,0
526,-1,-1,526,282,334,334,475,511,-1,0,0,0,0,526,0,-1,0
527,-1,-1,527,-1,335,335,476,512,-1,0,0,0,0,527,0,-1,0
528,-1,-1,528,282,336,336,477,513,180,0,0,0,0,528,0,-1,0
529,-1,-1,529,283,337,-1,478,514,-1,0,0,0,0,529,0,-1,0
530,-1,-1,530,-1,338,-1,479,515,181,0,0,0,0,530,0,-1,0
531,-1,-1,531,284,338,337,480,516,-1,0,0,0,0,531,0,-1,0
532,-1,-1,532,285,339,337,480,517,182,0,0,0,0,532,0,-1,0
533,-1,-1,533,285,340,338,481,518,183,0,0,0,0,533,0,-1,0
534,-1,-1,534,285,341,338,482,519,-1,0,0,0,0,534,0,-1,0
535,-1,-1,535,-1,342,338,483,520,-1,0,0,0,0,535,0,-1,0
536,-1,-1,536,-1,342,339,484,521,-1,0,0,0,0,536,0,-1,0
537,-1,-1,537,-1,-1,-1,485,522,-1,0,0,0,0,537,0,-1,0
538,-1,-1,538,-1,342,340,486,523,-1,0,0,0,0,538,0,-1,0
539,-1,-1,539,285,343,-1,487,524,183,0,0,0,0,539,0,-1,0
540,-1,-1,540,285,343,341,488,525,184,0,0,0,0,540,0,-1,0
541,-1,-1,541,-1,-1,-1,489,526,185,0,0,0,0,541,0,-1,0
542,-1,-1,542,285,344,342,490,527,185,0,0,0,0,542,0,-1,0
543,-1,-1,543,286,345,343,491,528,186,0,0,0,0,543,0,-1,0
544,-1,-1,544,287,346,344,492,529,187,0,0,0,0,544,0,-1,0
545,-1,-1,545,288,347,345,493,530,187,0,0,0,0,545,0,-1,0
546,-1,-1,546,289,348,345,494,531,-1,0,0,0,0,546,0,-1,0
547,-1,-1,547,290,348,346,495,532,187,0,0,0,0,547,0,-1,0
548,-1,-1,548,291,348,347,496,533,188,0,0,0,0,548,0,-1,0
549,-1,-1,549,-1,348,348,497,534,189,0,0,0,0,549,0,-1,0
550,-1,-1,550,-1,348,349,498,535,-1,0,0,0,0,550,0,-1,0
551,-1,-1,551,292,-1,-1,499,536,-1,0,0,0,0,551,0,-1,0
552,-1,-1,552,293,349,350,500,537,-1,0,0,0,0,552,0,-1,0
553,-1,-1,553,-1,350,350,501,538,-1,0,0,0,0,553,0,-1,0
554,-1,-1,554,-1,351,351,502,539,-1,0,0,0,0,554,0,-1,0
555,-1,-1,555,-1,-1,352,503,540,190,0,0,0,0,555,0,-1,0
556,-1,-1,556,294,352,353,504,541,191,0,0,0,0,556,0,-1,0
557,-1,-1,557,295,353,353,505,542,192,0,0,0,0,557,0,-1,0
558,-1,-1,558,296,354,354,506,543,-1,0,0,0,0,558,0,-1,0
559,-1,-1,559,297,355,355,507,544,-1,0,0,0,0,559,0,-1,0
560,-1,-1,560,298,356,356,508,545,193,0,0,0,0,560,0,-1,0
561,-1,-1,561,-1,357,357,509,546,194,0,0,0,0,561,0,-1,0
562,-1,-1,562,299,-1,-1,510,547,194,0,0,0,0,562,0,-1,0
563,-1,-1,563,300,358,358,510,548,194,0,0,0,0,563,0,-1,0
564,-1,-1,564,301,359,359,511,549,194,0,0,0,0,564,0,-1,0
565,-1,-1,565,-1,360,-1,512,550,-1,0,0,0,0,565,0,-1,0
566,-1,-1,566,302,361,359,513,551,194,0,0,0,0,566,0,-1,0
567,-1,-1,567,303,361,360,514,552,-1,0,0,0,0,567,0,-1,0
568,-1,-1,568,304,361,-1,515,553,-1,0,0,0,0,568,0,-1,0
569,-1,-1,569,-1,-1,-1,516,554,-1,0,0,0,0,569,0,-1,0
570,-1,-1,570,-1,362,361,516,555,194,0,0,0,0,570,0,-1,0
571,-1,-1,571,-1,363,362,516,555,194,0,0,0,0,571,0,-1,0
572,-1,-1,572,-1,364,363,517,556,194,0,0,0,0,572,0,-1,0
573,-1,-1,573,305,365,364,518,557,195,0,0,0,0,573,0,-1,0
574,-1,-1,574,306,366,365,518,558,195,0,0,0,0,574,0,-1,0
575,-1,-1,575,307,367,-1,519,559,-1,0,0,0,0,575,0,-1,0
576,-1,-1,576,-1,-1,-1,520,560,-1,0,0,0,0,576,0,-1,0
577,-1,-1,577,308,368,366,521,561,196,0,0,0,0,577,0,-1,0
578,-1,-1,578,309,369,367,522,562,197,0,0,0,0,578,0,-1,0
579,-1,-1,579,310,369,368,523,563,198,0,0,0,0,579,0,-1,0
580,-1,-1,580,-1,-1,369,524,564,-1,0,0,0,0,580,0,-1,0
581,-1,-1,581,310,370,370,525,565,-1,0,0,0,0,581,0,-1,0
582,-1,-1,582,310,370,371,526,566,199,0,0,0,0,582,0,-1,0
583,-1,-1,583,311,370,372,527,567,200,0,0,0,0,583,0,-1,0
584,-1,-1,584,312,370,373,528,568,200,0,0,0,0,584,0,-1,0
585,-1,-1,585,-1,-1,-1,529,569,-1,0,0,0,0,585,0,-1,0
586,-1,-1,586,-1,371,-1,530,570,200,0,0,0,0,586,0,-1,0
587,-1,-1,587,-1,-1,-1,531,571,200,0,0,0,0,587,0,-1,0
588,-1,-1,588,313,372,-1,532,572,201,0,0,0,0,588,0,-1,0
589,-1,-1,589,314,373,374,533,573,202,0,0,0,0,589,0,-1,0
590,-1,-1,590,315,374,375,533,573,202,0,0,0,0,590,0,-1,0
591,-1,-1,591,316,375,-1,534,574,202,0,0,0,0,591,0,-1,0
592,-1,-1,592,317,376,376,535,575,203,0,0,0,0,592,0,-1,0
593,-1,-1,593,318,377,377,536,576,204,0,0,0,0,593,0,-1,0
594,-1,-1,594,-1,378,378,537,577,204,0,0,0,0,594,0,-1,0
595,-1,-1,595,319,379,379,538,578,205,0,0,0,0,595,0,-1,0
596,-1,-1,596,320,380,380,539,579,206,0,0,0,0,596,0,-1,0
597,-1,-1,597,321,381,-1,540,580,-1,0,0,0,0,597,0,-1,0
598,-1,-1,598,321,381,381,540,581,206,0,0,0,0,598,0,-1,0
599,-1,-1,599,-1,-1,-1,541,582,-1,0,0,0,0,599,0,-1,0
600,-1,-1,600,322,381,-1,542,583,206,0,0,0,0,600,0,-1,0
601,-1,-1,601,323,382,382,543,584,207,0,0,0,0,601,0,-1,0
602,-1,-1,602,324,383,383,543,585,208,0,0,0,0,602,0,-1,0
603,-1,-1,603,324,384,384,544,586,209,0,0,0,0,603,0,-1,0
604,-1,-1,604,324,385,-1,545,587,210,0,0,0,0,604,0,-1,0
605,-1,-1,605,324,386,385,546,588,211,0,0,0,0,605,0,-1,0
606,-1,-1,606,-1,387,386,547,589,-1,0,0,0,0,606,0,-1,0
607,-1,-1,607,324,387,386,548,590,211,0,0,0,0,607,0,-1,0
608,-1,-1,608,325,387,387,549,591,211,0,0,0,0,608,0,-1,0
609,-1,-1,609,-1,-1,-1,550,592,211,0,0,0,0,609,0,-1,0
610,-1,-1,610,326,388,-1,551,593,211,0,0,0,0,610,0,-1,0
611,-1,-1,611,-1,389,-1,552,594,211,0,0,0,0,611,0,-1,0
612,-1,-1,612,327,390,388,553,595,211,0,0,0,0,612,0,-1,0
613,-1,-1,613,-1,-1,-1,554,596,-1,0,0,0,0,613,0,-1,0
614,-1,-1,614,328,391,389,555,597,212,0,0,0,0,614,0,-1,0
615,-1,-1,615,329,392,390,556,598,-1,0,0,0,0,615,0,-1,0
616,-1,-1,616,330,393,390,556,599,213,0,0,0,0,616,0,-1,0
617,-1,-1,617,331,394,391,557,600,213,0,0,0,0,617,0,-1,0
618,-1,-1,618,332,394,392,558,601,-1,0,0,0,0,618,0,-1,0
619,-1,-1,619,333,395,393,558,602,213,0,0,0,0,619,0,-1,0
620,-1,-1,620,-1,396,-1,559,603,213,0,0,0,0,620,0,-1,0
621,-1,-1,621,333,397,394,560,604,-1,0,0,0,0,621,0,-1,0
622,-1,-1,622,334,398,-1,561,605,-1,0,0,0,0,622,0,-1,0
623,-1,-1,623,335,399,395,562,606,213,0,0,0,0,623,0,-1,0
624,-1,-1,624,-1,399,396,563,607,-1,0,0,0,0,624,0,-1,0
625,-1,-1,625,336,400,397,564,608,214,0,0,0,0,625,0,-1,0
626,-1,-1,626,337,401,398,565,609,-1,0,0,0,0,626,0,-1,0
627,-1,-1,627,338,402,399,565,609,-1,0,0,0,0,627,0,-1,0
628,-1,-1,628,339,403,400,565,610,215,0,0,0,0,628,0,-1,0
629,-1,-1,629,340,403,-1,566,611,215,0,0,0,0,629,0,-1,0
630,-1,-1,630,-1,404,401,567,612,216,0,0,0,0,630,0,-1,0
631,-1,-1,631,341,405,402,568,613,-1,0,0,0,0,631,0,-1,0
632,-1,-1,632,342,406,403,569,614,216,0,0,0,0,632,0,-1,0
633,-1,-1,633,-1,-1,-1,570,615,216,0,0,0,0,633,0,-1,0
634,-1,-1,634,342,407,404,571,616,-1,0,0,0,0,634,0,-1,0
635,-1,-1,635,343,408,405,572,617,217,0,0,0,0,635,0,-1,0
636,-1,-1,636,344,409,406,573,618,217,0,0,0,0,636,0,-1,0
637,-1,-1,637,345,409,407,574,619,218,0,0,0,0,637,0,-1,0
638,-1,-1,638,-1,410,408,574,620,218,0,0,0,0,638,0,-1,0
639,-1,-1,639,-1,411,-1,575,621,218,0,0,0,0,639,0,-1,0
640,-1,-1,640,346,412,409,576,622,-1,0,0,0,0,640,0,-1,0
641,-1,-1,641,-1,413,410,577,623,-1,0,0,0,0,641,0,-1,0
642,-1,-1,642,-1,414,411,578,624,219,0,0,0,0,642,0,-1,0
643,-1,-1,643,347,415,412,579,625,-1,0,0,0,0,643,0,-1,0
644,-1,-1,644,348,416,413,580,626,220,0,0,0,0,644,0,-1,0
645,-1,-1,645,349,417,-1,581,627,-1,0,0,0,0,645,0,-1,0
646,-1,-1,646,350,418,413,582,628,221,0,0,0,0,646,0,-1,0
647,-1,-1,647,351,419,-1,583,629,222,0,0,0,0,647,0,-1,0
648,-1,-1,648,-1,419,414,584,630,222,0,0,0,0,648,0,-1,0
649,-1,-1,649,-1,420,415,585,631,223,0,0,0,0,649,0,-1,0
650,-1,-1,650,352,421,416,586,632,223,0,0,0,0,650,0,-1,0
651,-1,-1,651,-1,422,-1,587,633,224,0,0,0,0,651,0,-1,0
652,-1,-1,652,353,423,417,588,634,225,0,0,0,0,652,0,-1,0
653,-1,-1,653,354,424,418,589,635,-1,0,0,0,0,653,0,-1,0
654,-1,-1,654,355,425,419,590,636,226,0,0,0,0,654,0,-1,0
655,-1,-1,655,356,426,420,591,637,227,0,0,0,0,655,0,-1,0
656,-1,-1,656,357,-1,420,592,638,-1,0,0,0,0,656,0,-1,0
657,-1,-1,657,358,427,421,593,639,-1,0,0,0,0,657,0,-1,0
658,-1,-1,658,359,428,422,594,640,228,0,0,0,0,658,0,-1,0
659,-1,-1,659,360,429,423,595,641,-1,0,0,0,0,659,0,-1,0
660,-1,-1,660,360,430,424,596,642,229,0,0,0,0,660,0,-1,0
661,-1,-1,661,361,431,425,597,643,230,0,0,0,0,661,0,-1,0
662,-1,-1,662,362,432,426,598,644,231,0,0,0,0,662,0,-1,0
663,-1,-1,663,363,433,-1,599,645,231,0,0,0,0,663,0,-1,0
664,-1,-1,664,364,433,427,600,646,-1,0,0,0,0,664,0,-1,0
665,-1,-1,665,365,434,428,601,647,232,0,0,0,0,665,0,-1,0
666,-1,-1,666,365,435,429,601,648,233,0,0,0,0,666,0,-1,0
667,-1,-1,667,-1,436,430,602,649,233,0,0,0,0,667,0,-1,0
668,-1,-1,668,366,-1,-1,603,650,234,0,0,0,0,668,0,-1,0
669,-1,-1,669,367,437,431,604,651,235,0,0,0,0,669,0,-1,0
670,-1,-1,670,368,438,-1,605,652,236,0,0,0,0,670,0,-1,0
671,-1,-1,671,369,439,432,606,653,-1,0,0,0,0,671,0,-1,0
672,-1,-1,672,-1,440,-1,607,654,236,0,0,0,0,672,0,-1,0
673,-1,-1,673,370,441,433,608,655,236,0,0,0,0,673,0,-1,0
674,-1,-1,674,371,-1,-1,609,656,236,0,0,0,0,674,0,-1,0
675,-1,-1,675,372,442,434,610,657,236,0,0,0,0,675,0,-1,0
676,-1,-1,676,373,-1,-1,611,658,236,0,0,0,0,676,0,-1,0
677,-1,-1,677,374,443,-1,612,659,236,0,0,0,0,677,0,-1,0
678,-1,-1,678,-1,-1,-1,613,660,-1,0,0,0,0,678,0,-1,0
679,-1,-1,679,-1,444,435,614,661,-1,0,0,0,0,679,0,-1,0
680,-1,-1,680,-1,445,436,615,662,-1,0,0,0,0,680,0,-1,0
681,-1,-1,681,-1,-1,-1,615,662,-1,0,0,0,0,681,0,-1,0
682,-1,-1,682,-1,-1,-1,616,663,-1,0,0,0,0,682,0,-1,0
683,-1,-1,683,375,446,437,617,664,236,0,0,0,0,683,0,-1,0
684,-1,-1,684,375,447,438,618,665,-1,0,0,0,0,684,0,-1,0
685,-1,-1,685,376,448,439,618,666,237,0,0,0,0,685,0,-1,0
686,-1,-1,686,377,-1,-1,618,667,-1,0,0,0,0,686,0,-1,0
687,-1,-1,687,378,449,440,619,668,-1,0,0,0,0,687,0,-1,0
688,-1,-1,688,379,450,441,620,669,238,0,0,0,0,688,0,-1,0
689,-1,-1,689,380,450,-1,621,670,238,0,0,0,0,689,0,-1,0
690,-1,-1,690,381,450,441,622,671,239,0,0,0,0,690,0,-1,0
691,-1,-1,691,382,451,442,623,672,240,0,0,0,0,691,0,-1,0
692,-1,-1,692,383,452,443,624,673,240,0,0,0,0,692,0,-1,0
693,-1,-1,693,-1,453,444,625,674,241,0,0,0,0,693,0,-1,0
694,-1,-1,694,383,454,445,626,675,-1,0,0,0,0,694,0,-1,0
695,-1,-1,695,384,455,446,627,676,-1,0,0,0,0,695,0,-1,0
696,-1,-1,696,385,456,447,-1,677,242,0,0,0,0,696,0,-1,0
697,-1,-1,697,-1,457,448,628,678,243,0,0,0,0,697,0,-1,0
698,-1,-1,698,386,458,449,629,679,243,0,0,0,0,698,0,-1,0
699,-1,-1,699,387,-1,450,630,680,243,0,0,0,0,699,0,-1,0
700,-1,-1,700,388,459,451,631,681,243,0,0,0,0,700,0,-1,0
701,-1,-1,701,389,460,452,632,682,-1,0,0,0,0,701,0,-1,0
702,-1,-1,702,-1,461,-1,633,683,-1,0,0,0,0,702,0,-1,0
703,-1,-1,703,390,462,-1,634,684,243,0,0,0,0,703,0,-1,0
704,-1,-1,704,-1,-1,-1,635,685,243,0,0,0,0,704,0,-1,0
705,-1,-1,705,-1,-1,-1,636,686,243,0,0,0,0,705,0,-1,0
706,-1,-1,706,391,463,453,637,687,244,0,0,0,0,706,0,-1,0
707,-1,-1,707,-1,464,454,638,688,245,0,0,0,0,707,0,-1,0
708,-1,-1,708,391,465,455,639,689,245,0,0,0,0,708,0,-1,0
709,-1,-1,709,-1,466,456,640,690,245,0,0,0,0,709,0,-1,0
710,-1,-1,710,-1,-1,-1,641,691,245,0,0,0,0,710,0,-1,0
711,-1,-1,711,392,466,457,642,692,-1,0,0,0,0,711,0,-1,0
712,-1,-1,712,393,467,458,643,693,246,0,0,0,0,712,0,-1,0
713,-1,-1,713,394,468,459,644,694,247,0,0,0,0,713,0,-1,0
714,-1,-1,714,-1,469,460,645,695,247,0,0,0,0,714,0,-1,0
715,-1,-1,715,395,470,461,646,696,248,0,0,0,0,715,0,-1,0
716,-1,-1,716,396,471,462,646,697,249,0,0,0,0,716,0,-1,0
717,-1,-1,717,-1,-1,-1,646,698,-1,0,0,0,0,717,0,-1,0
718,-1,-1,718,-1,472,463,647,699,-1,0,0,0,0,718,0,-1,0
719,-1,-1,719,397,-1,-1,648,700,-1,0,0,0,0,719,0,-1,0
720,-1,-1,720,398,473,464,648,700,-1,0,0,0,0,720,0,-1,0
721,-1,-1,721,399,474,465,649,701,250,0,0,0,0,721,0,-1,0
722,-1,-1,722,400,-1,-1,650,702,251,0,0,0,0,722,0,-1,0
723,-1,-1,723,401,475,466,651,703,252,0,0,0,0,723,0,-1,0
724,-1,-1,724,402,476,467,652,704,253,0,0,0,0,724,0,-1,0
725,-1,-1,725,402,-1,-1,653,705,253,0,0,0,0,725,0,-1,0
726,-1,-1,726,402,477,468,654,706,254,0,0,0,0,726,0,-1,0
727,-1,-1,727,403,477,468,655,707,255,0,0,0,0,727,0,-1,0
728,-1,-1,728,404,478,-1,656,708,255,0,0,0,0,728,0,-1,0
729,-1,-1,729,405,479,469,657,709,255,0,0,0,0,729,0,-1,0
730,-1,-1,730,406,480,470,658,710,255,0,0,0,0,730,0,-1,0
731,-1,-1,731,407,481,471,659,711,255,0,0,0,0,731,0,-1,0
732,-1,-1,732,-1,482,472,660,712,-1,0,0,0,0,732,0,-1,0
733,-1,-1,733,408,483,473,660,713,255,0,0,0,0,733,0,-1,0
734,-1,-1,734,409,484,473,661,714,255,0,0,0,0,734,0,-1,0
735,-1,-1,735,-1,485,474,662,715,255,0,0,0,0,735,0,-1,0
736,-1,-1,736,410,486,475,663,716,-1,0,0,0,0,736,0,-1,0
737,-1,-1,737,411,487,476,663,717,256,0,0,0,0,737,0,-1,0
738,-1,-1,738,412,488,477,663,718,-1,0,0,0,0,738,0,-1,0
739,-1,-1,739,-1,489,478,664,719,-1,0,0,0,0,739,0,-1,0
740,-1,-1,740,413,490,479,665,720,-1,0,0,0,0,740,0,-1,0
741,-1,-1,741,414,491,-1,666,721,257,0,0,0,0,741,0,-1,0
742,-1,-1,742,-1,492,-1,667,722,-1,0,0,0,0,742,0,-1,0
743,-1,-1,743,414,492,480,667,723,257,0,0,0,0,743,0,-1,0
744,-1,-1,744,415,493,481,668,724,257,0,0,0,0,744,0,-1,0
745,-1,-1,745,415,494,481,668,725,257,0,0,0,0,745,0,-1,0
746,-1,-1,746,415,495,482,668,726,-1,0,0,0,0,746,0,-1,0
747,-1,-1,747,416,496,483,669,727,-1,0,0,0,0,747,0,-1,0
748,-1,-1,748,417,497,484,670,728,258,0,0,0,0,748,0,-1,0
749,-1,-1,749,-1,-1,-1,671,729,-1,0,0,0,0,749,0,-1,0
750,-1,-1,750,417,498,485,672,730,259,0,0,0,0,750,0,-1,0
751,-1,-1,751,-1,-1,-1,673,731,-1,0,0,0,0,751,0,-1,0
752,-1,-1,752,418,499,486,674,732,260,0,0,0,0,752,0,-1,0
753,-1,-1,753,419,500,487,675,733,260,0,0,0,0,753,0,-1,0
754,-1,-1,754,420,501,488,676,734,260,0,0,0,0,754,0,-1,0
755,-1,-1,755,421,502,489,677,735,260,0,0,0,0,755,0,-1,0
756,-1,-1,756,422,503,490,678,736,260,0,0,0,0,756,0,-1,0
757,-1,-1,757,-1,504,491,679,737,-1,0,0,0,0,757,0,-1,0
758,-1,-1,758,423,504,492,680,738,260,0,0,0,0,758,0,-1,0
759,-1,-1,759,424,-1,-1,681,739,261,0,0,0,0,759,0,-1,0
760,-1,-1,760,-1,504,493,682,740,262,0,0,0,0,760,0,-1,0
761,-1,-1,761,425,505,494,683,741,262,0,0,0,0,761,0,-1,0
762,-1,-1,762,426,506,494,684,742,263,0,0,0,0,762,0,-1,0
763,-1,-1,763,427,507,494,685,743,264,0,0,0,0,763,0,-1,0
764,-1,-1,764,-1,508,495,686,744,-1,0,0,0,0,764,0,-1,0
765,-1,8,765,-1,-1,-1,687,745,265,0,0,0,0,765,0,-1,0
766,-1,-1,766,428,509,496,688,746,266,0,0,0,0,766,0,-1,0
767,-1,-1,767,-1,510,497,689,747,267,0,0,0,0,767,0,-1,0
768,-1,-1,768,429,511,498,690,748,-1,0,0,0,0,768,0,-1,0
769,-1,-1,769,430,512,499,691,749,268,0,0,0,0,769,0,-1,0
770,-1,-1,770,-1,513,500,692,750,269,0,0,0,0,770,0,-1,0
771,-1,-1,771,431,514,501,693,751,270,0,0,0,0,771,0,-1,0
772,-1,-1,772,432,515,502,694,752,271,0,0,0,0,772,0,-1,0
773,-1,-1,773,433,516,-1,695,753,-1,0,0,0,0,773,0,-1,0
774,-1,-1,774,-1,517,503,696,754,272,0,0,0,0,774,0,-1,0
775,-1,-1,775,434,-1,-1,697,755,272,0,0,0,0,775,0,-1,0
776,-1,-1,776,434,518,504,698,756,272,0,0,0,0,776,0,-1,0
777,-1,-1,777,435,519,505,699,757,-1,0,0,0,0,777,0,-1,0
778,-1,-1,778,436,520,506,700,758,272,0,0,0,0,778,0,-1,0
779,-1,-1,779,437,521,507,701,759,272,0,0,0,0,779,0,-1,0
780,-1,-1,780,437,522,508,702,760,272,0,0,0,0,780,0,-1,0
781,-1,-1,781,437,523,509,703,761,273,0,0,0,0,781,0,-1,0
782,-1,-1,782,-1,-1,-1,704,762,274,0,0,0,0,782,0,-1,0
783,-1,-1,783,437,524,510,705,763,274,0,0,0,0,783,0,-1,0
784,-1,-1,784,438,525,510,706,764,275,0,0,0,0,784,0,-1,0
785,-1,-1,785,439,526,511,707,765,-1,0,0,0,0,785,0,-1,0
786,-1,-1,786,440,527,512,708,766,276,0,0,0,0,786,0,-1,0
787,-1,-1,787,441,528,513,708,767,277,0,0,0,0,787,0,-1,0
788,-1,-1,788,-1,529,514,709,768,-1,0,0,0,0,788,0,-1,0
789,-1,-1,789,442,530,515,710,769,278,0,0,0,0,789,0,-1,0
790,-1,-1,790,442,530,516,711,770,279,0,0,0,0,790,0,-1,0
791,-1,-1,791,-1,531,517,712,771,-1,0,0,0,0,791,0,-1,0
792,-1,-1,792,-1,-1,517,713,772,-1,0,0,0,0,792,0,-1,0
793,-1,-1,793,443,532,518,714,773,279,0,0,0,0,793,0,-1,0
794,-1,-1,794,444,533,519,715,774,-1,0,0,0,0,794,0,-1,0
795,-1,-1,795,-1,534,520,716,775,-1,0,0,0,0,795,0,-1,0
796,-1,-1,796,445,535,521,717,776,280,0,0,0,0,796,0,-1,0
797,-1,-1,797,446,536,522,718,777,-1,0,0,0,0,797,0,-1,0
798,-1,-1,798,447,537,523,719,778,281,0,0,0,0,798,0,-1,0
799,-1,-1,799,447,-1,-1,720,779,282,0,0,0,0,799,0,-1,0
800,-1,-1,800,448,538,524,721,780,282,0,0,0,0,800,0,-1,0
801,-1,-1,801,449,539,525,722,781,-1,0,0,0,0,801,0,-1,0
802,-1,-1,802,450,539,526,723,782,283,0,0,0,0,802,0,-1,0
803,-1,-1,803,451,540,527,724,783,-1,0,0,0,0,803,0,-1,0
804,-1,-1,804,-1,-1,-1,725,784,284,0,0,0,0,804,0,-1,0
805,-1,-1,805,452,541,528,726,785,284,0,0,0,0,805,0,-1,0
806,-1,-1,806,452,542,529,727,786,284,0,0,0,0,806,0,-1,0
807,-1,-1,807,453,543,-1,728,787,284,0,0,0,0,807,0,-1,0
808,-1,-1,808,454,544,530,729,788,-1,0,0,0,0,808,0,-1,0
809,-1,-1,809,455,545,531,730,789,285,0,0,0,0,809,0,-1,0
810,-1,-1,810,456,546,532,731,790,286,0,0,0,0,810,0,-1,0
811,-1,-1,811,457,547,533,732,791,-1,0,0,0,0,811,0,-1,0
812,-1,-1,812,458,548,534,733,792,-1,0,0,0,0,812,0,-1,0
813,-1,-1,813,459,549,535,734,793,287,0,0,0,0,813,0,-1,0
814,-1,-1,814,459,550,536,735,794,288,0,0,0,0,814,0,-1,0
815,-1,-1,815,460,551,537,736,795,-1,0,0,0,0,815,0,-1,0
816,-1,-1,816,461,552,538,737,796,289,0,0,0,0,816,0,-1,0
817,-1,-1,817,462,553,539,738,797,290,0,0,0,0,817,0,-1,0
818,-1,-1,818,462,554,540,739,798,291,0,0,0,0,818,0,-1,0
819,-1,-1,819,-1,555,541,739,799,291,0,0,0,0,819,0,-1,0
820,-1,-1,820,-1,556,-1,740,800,-1,0,0,0,0,820,0,-1,0
821,-1,-1,821,463,557,542,741,801,-1,0,0,0,0,821,0,-1,0
822,-1,-1,822,464,558,543,742,802,291,0,0,0,0,822,0,-1,0
823,-1,-1,823,465,559,544,743,803,291,0,0,0,0,823,0,-1,0
824,-1,-1,824,-1,560,-1,744,804,291,0,0,0,0,824,0,-1,0
825,-1,-1,825,466,561,545,745,805,292,0,0,0,0,825,0,-1,0
826,-1,-1,826,466,562,-1,745,806,293,0,0,0,0,826,0,-1,0
827,-1,-1,827,467,563,546,-1,807,294,0,0,0,0,827,0,-1,0
828,-1,-1,828,-1,564,547,746,808,-1,0,0,0,0,828,0,-1,0
829,-1,-1,829,468,565,548,747,809,295,0,0,0,0,829,0,-1,0
830,-1,-1,830,469,566,548,748,810,-1,0,0,0,0,830,0,-1,0
831,-1,-1,831,-1,567,549,749,811,296,0,0,0,0,831,0,-1,0
832,-1,-1,832,470,568,550,750,812,296,0,0,0,0,832,0,-1,0
833,-1,-1,833,471,569,551,751,813,296,0,0,0,0,833,0,-1,0
834,-1,-1,834,472,569,552,752,814,296,0,0,0,0,834,0,-1,0
835,-1,-1,835,-1,-1,553,753,815,296,0,0,0,0,835,0,-1,0
836,-1,-1,836,473,570,554,754,816,296,0,0,0,0,836,0,-1,0
837,-1,-1,837,474,571,555,755,817,296,0,0,0,0,837,0,-1,0
838,-1,-1,838,475,572,556,755,818,-1,0,0,0,0,838,0,-1,0
839,-1,-1,839,476,573,557,756,819,297,0,0,0,0,839,0,-1,0
840,-1,-1,840,477,574,558,757,820,-1,0,0,0,0,840,0,-1,0
841,-1,-1,841,478,-1,-1,758,821,-1,0,0,0,0,841,0,-1,0
842,-1,-1,842,479,575,-1,759,822,298,0,0,0,0,842,0,-1,0
843,-1,-1,843,-1,576,558,760,823,298,0,0,0,0,843,0,-1,0
844,-1,-1,844,480,576,559,761,824,-1,0,0,0,0,844,0,-1,0
845,-1,-1,845,481,577,560,762,825,-1,0,0,0,0,845,0,-1,0
846,-1,-1,846,-1,-1,561,763,826,298,0,0,0,0,846,0,-1,0
847,-1,9,847,-1,-1,-1,764,827,298,0,0,0,0,847,0,-1,0
848,-1,-1,848,-1,-1,-1,765,828,298,0,0,0,0,848,0,-1,0
849,-1,-1,849,482,578,562,766,829,298,0,0,0,0,849,0,-1,0
850,-1,-1,850,483,579,563,767,830,-1,0,0,0,0,850,0,-1,0
851,-1,-1,851,-1,-1,564,768,831,298,0,0,0,0,851,0,-1,0
852,-1,-1,852,-1,580,565,769,832,-1,0,0,0,0,852,0,-1,0
853,-1,-1,853,-1,581,566,770,833,-1,0,0,0,0,853,0,-1,0
854,-1,-1,854,-1,-1,-1,770,833,-1,0,0,0,0,854,0,-1,0
855,-1,-1,855,483,-1,-1,771,834,299,0,0,0,0,855,0,-1,0
856,-1,-1,856,484,582,567,772,835,-1,0,0,0,0,856,0,-1,0
857,-1,-1,857,485,582,568,773,836,300,0,0,0,0,857,0,-1,0
858,-1,-1,858,486,583,-1,774,837,300,0,0,0,0,858,0,-1,0
859,-1,10,859,-1,-1,-1,774,838,300,0,0,0,0,859,0,-1,0
860,-1,-1,860,487,584,-1,775,839,-1,0,0,0,0,860,0,-1,0
861,-1,-1,861,488,585,569,776,840,301,0,0,0,0,861,0,-1,0
862,-1,-1,862,-1,585,570,777,841,302,0,0,0,0,862,0,-1,0
863,-1,-1,863,489,586,571,778,842,-1,0,0,0,0,863,0,-1,0
864,-1,-1,864,490,586,572,779,843,302,0,0,0,0,864,0,-1,0
865,-1,-1,865,-1,-1,-1,780,844,303,0,0,0,0,865,0,-1,0
866,-1,-1,866,491,587,-1,781,845,304,0,0,0,0,866,0,-1,0
867,-1,-1,867,492,588,573,782,846,-1,0,0,0,0,867,0,-1,0
868,-1,-1,868,492,589,574,783,847,305,0,0,0,0,868,0,-1,0
869,-1,-1,869,-1,-1,-1,784,848,306,0,0,0,0,869,0,-1,0
870,-1,-1,870,-1,590,575,785,849,306,0,0,0,0,870,0,-1,0
871,-1,-1,871,492,591,576,786,850,306,0,0,0,0,871,0,-1,0
872,-1,-1,872,493,592,577,787,851,307,0,0,0,0,872,0,-1,0
873,-1,-1,873,494,593,578,788,852,308,0,0,0,0,873,0,-1,0
874,-1,-1,874,494,594,579,789,853,308,0,0,0,0,874,0,-1,0
875,-1,-1,875,-1,595,580,790,854,309,0,0,0,0,875,0,-1,0
876,-1,-1,876,495,596,581,791,855,310,0,0,0,0,876,0,-1,0
877,-1,-1,877,496,596,582,792,856,310,0,0,0,0,877,0,-1,0
878,-1,-1,878,497,597,583,792,857,310,0,0,0,0,878,0,-1,0
879,-1,-1,879,-1,-1,-1,793,858,-1,0,0,0,0,879,0,-1,0
880,-1,-1,880,498,598,584,794,859,310,0,0,0,0,880,0,-1,0
881,-1,-1,881,-1,599,-1,795,860,310,0,0,0,0,881,0,-1,0
882,-1,-1,882,499,600,585,796,861,310,0,0,0,0,882,0,-1,0
883,-1,-1,883,500,601,585,796,862,310,0,0,0,0,883,0,-1,0
884,-1,-1,884,-1,-1,-1,797,863,-1,0,0,0,0,884,0,-1,0
885,-1,-1,885,501,602,586,797,864,310,0,0,0,0,885,0,-1,0
886,-1,-1,886,502,603,-1,798,865,310,0,0,0,0,886,0,-1,0
887,-1,-1,887,503,604,587,799,866,311,0,0,0,0,887,0,-1,0
888,-1,-1,888,-1,605,588,800,867,312,0,0,0,0,888,0,-1,0
889,-1,-1,889,504,605,588,801,868,313,0,0,0,0,889,0,-1,0
890,-1,-1,890,505,606,589,802,869,314,0,0,0,0,890,0,-1,0
891,-1,-1,891,506,607,590,802,870,-1,0,0,0,0,891,0,-1,0
892,-1,-1,892,-1,607,591,803,871,315,0,0,0,0,892,0,-1,0
893,-1,-1,893,507,608,591,804,872,316,0,0,0,0,893,0,-1,0
894,-1,-1,894,507,608,592,805,873,316,0,0,0,0,894,0,-1,0
895,-1,-1,895,508,609,-1,805,874,-1,0,0,0,0,895,0,-1,0
896,-1,-1,896,-1,-1,-1,805,875,-1,0,0,0,0,896,0,-1,0
897,-1,-1,897,509,610,593,806,876,316,0,0,0,0,897,0,-1,0
898,-1,-1,898,-1,610,593,807,877,-1,0,0,0,0,898,0,-1,0
899,-1,-1,899,510,611,594,807,877,-1,0,0,0,0,899,0,-1,0
900,-1,-1,900,511,-1,-1,807,877,-1,0,0,0,0,900,0,-1,0
901,-1,-1,901,-1,612,595,808,878,317,0,0,0,0,901,0,-1,0
902,-1,-1,902,512,613,596,809,879,318,0,0,0,0,902,0,-1,0
903,-1,-1,903,512,614,597,-1,880,319,0,0,0,0,903,0,-1,0
904,-1,-1,904,513,615,598,810,881,320,0,0,0,0,904,0,-1,0
905,-1,-1,905,-1,-1,-1,811,882,-1,0,0,0,0,905,0,-1,0
906,-1,-1,906,-1,-1,-1,812,883,320,0,0,0,0,906,0,-1,0
907,-1,-1,907,514,616,599,813,884,321,0,0,0,0,907,0,-1,0
908,-1,-1,908,-1,-1,-1,814,885,-1,0,0,0,0,908,0,-1,0
909,-1,-1,909,515,617,600,814,886,322,0,0,0,0,909,0,-1,0
910,-1,-1,910,-1,618,-1,815,887,323,0,0,0,0,910,0,-1,0
911,-1,-1,911,516,619,601,816,888,-1,0,0,0,0,911,0,-1,0
912,-1,-1,912,517,620,602,817,889,323,0,0,0,0,912,0,-1,0
913,-1,-1,913,518,621,603,818,890,-1,0,0,0,0,913,0,-1,0
914,-1,-1,914,519,622,604,819,891,323,0,0,0,0,914,0,-1,0
915,-1,-1,915,-1,623,-1,820,892,323,0,0,0,0,915,0,-1,0
916,-1,-1,916,520,623,605,821,893,323,0,0,0,0,916,0,-1,0
917,-1,-1,917,521,624,606,822,894,-1,0,0,0,0,917,0,-1,0
918,-1,-1,918,-1,-1,-1,823,895,323,0,0,0,0,918,0,-1,0
919,-1,-1,919,-1,625,606,824,896,324,0,0,0,0,919,0,-1,0
920,-1,-1,920,522,626,607,825,897,325,0,0,0,0,920,0,-1,0
921,-1,-1,921,523,627,608,826,898,326,0,0,0,0,921,0,-1,0
922,-1,-1,922,524,628,609,827,899,327,0,0,0,0,922,0,-1,0
923,-1,-1,923,-1,629,-1,828,900,-1,0,0,0,0,923,0,-1,0
924,-1,-1,924,-1,629,609,829,901,327,0,0,0,0,924,0,-1,0
925,-1,-1,925,525,629,610,830,902,-1,0,0,0,0,925,0,-1,0
926,-1,-1,926,526,629,610,831,903,327,0,0,0,0,926,0,-1,0
927,-1,-1,927,-1,629,611,832,904,-1,0,0,0,0,927,0,-1,0
928,-1,-1,928,526,630,-1,833,905,327,0,0,0,0,928,0,-1,0
929,-1,-1,929,527,631,612,834,906,-1,0,0,0,0,929,0,-1,0
930,-1,-1,930,528,632,613,835,907,327,0,0,0,0,930,0,-1,0
931,-1,-1,931,-1,-1,-1,836,908,327,0,0,0,0,931,0,-1,0
932,-1,-1,932,-1,633,614,837,909,327,0,0,0,0,932,0,-1,0
933,-1,-1,933,529,634,-1,-1,910,-1,0,0,0,0,933,0,-1,0
934,-1,-1,934,-1,-1,-1,838,911,327,0,0,0,0,934,0,-1,0
935,-1,-1,935,530,635,615,839,912,327,0,0,0,0,935,0,-1,0
936,-1,-1,936,531,636,616,840,913,327,0,0,0,0,936,0,-1,0
937,-1,-1,937,-1,637,-1,841,914,-1,0,0,0,0,937,0,-1,0
938,-1,-1,938,-1,638,617,842,915,327,0,0,0,0,938,0,-1,0
939,-1,-1,939,532,638,618,843,916,328,0,0,0,0,939,0,-1,0
940,-1,-1,940,533,638,619,844,917,-1,0,0,0,0,940,0,-1,0
941,-1,-1,941,-1,-1,-1,845,918,-1,0,0,0,0,941,0,-1,0
942,-1,-1,942,-1,639,620,846,919,-1,0,0,0,0,942,0,-1,0
943,-1,-1,943,534,640,621,847,920,-1,0,0,0,0,943,0,-1,0
944,-1,-1,944,534,641,622,848,921,329,0,0,0,0,944,0,-1,0
945,-1,-1,945,534,642,623,849,922,-1,0,0,0,0,945,0,-1,0
946,-1,-1,946,534,643,624,850,923,330,0,0,0,0,946,0,-1,0
947,-1,-1,947,-1,644,625,851,924,330,0,0,0,0,947,0,-1,0
948,-1,-1,948,535,645,626,852,925,331,0,0,0,0,948,0,-1,0
949,-1,-1,949,536,646,627,853,926,-1,0,0,0,0,949,0,-1,0
950,-1,-1,950,537,647,628,854,927,332,0,0,0,0,950,0,-1,0
951,-1,-1,951,538,647,629,855,928,-1,0,0,0,0,951,0,-1,0
952,-1,-1,952,-1,-1,-1,856,929,-1,0,0,0,0,952,0,-1,0
953,-1,-1,953,539,648,630,857,930,-1,0,0,0,0,953,0,-1,0
954,-1,-1,954,-1,649,631,858,931,333,0,0,0,0,954,0,-1,0
955,-1,-1,955,540,650,631,859,932,333,0,0,0,0,955,0,-1,0
956,-1,-1,956,541,651,632,860,933,333,0,0,0,0,956,0,-1,0
957,-1,-1,957,542,652,633,861,934,333,0,0,0,0,957,0,-1,0
958,-1,-1,958,-1,-1,-1,-1,935,334,0,0,0,0,958,0,-1,0
959,-1,-1,959,-1,653,-1,862,936,-1,0,0,0,0,959,0,-1,0
960,-1,-1,960,543,654,634,863,937,-1,0,0,0,0,960,0,-1,0
961,-1,-1,961,-1,-1,635,864,938,335,0,0,0,0,961,0,-1,0
962,-1,-1,962,544,655,-1,865,939,336,0,0,0,0,962,0,-1,0
963,-1,-1,963,-1,656,636,866,940,337,0,0,0,0,963,0,-1,0
964,-1,-1,964,-1,657,637,867,941,337,0,0,0,0,964,0,-1,0
965,-1,-1,965,545,658,638,868,942,337,0,0,0,0,965,0,-1,0
966,-1,-1,966,546,659,639,869,943,337,0,0,0,0,966,0,-1,0
967,-1,-1,967,547,660,640,870,944,337,0,0,0,0,967,0,-1,0
968,-1,-1,968,548,-1,641,871,945,-1,0,0,0,0,968,0,-1,0
969,-1,-1,969,548,661,642,872,946,338,0,0,0,0,969,0,-1,0
970,-1,-1,970,549,662,643,873,947,339,0,0,0,0,970,0,-1,0
971,-1,-1,971,550,663,644,874,948,340,0,0,0,0,971,0,-1,0
972,-1,-1,972,-1,-1,645,875,949,-1,0,0,0,0,972,0,-1,0
973,-1,-1,973,550,664,646,876,950,341,0,0,0,0,973,0,-1,0
974,-1,-1,974,551,664,647,876,951,342,0,0,0,0,974,0,-1,0
975,-1,-1,975,-1,665,648,877,952,-1,0,0,0,0,975,0,-1,0
976,-1,-1,976,-1,-1,-1,878,953,343,0,0,0,0,976,0,-1,0
977,-1,-1,977,552,666,649,879,954,344,0,0,0,0,977,0,-1,0
978,-1,-1,978,552,-1,-1,880,955,344,0,0,0,0,978,0,-1,0
979,-1,-1,979,553,666,650,881,956,344,0,0,0,0,979,0,-1,0
980,-1,-1,980,-1,667,651,882,957,-1,0,0,0,0,980,0,-1,0
981,-1,-1,981,-1,-1,652,883,958,344,0,0,0,0,981,0,-1,0
982,-1,-1,982,554,668,653,883,959,-1,0,0,0,0,982,0,-1,0
983,-1,-1,983,555,669,654,884,960,345,0,0,0,0,983,0,-1,0
984,-1,-1,984,556,670,-1,885,961,-1,0,0,0,0,984,0,-1,0
985,-1,-1,985,-1,670,655,886,962,-1,0,0,0,0,985,0,-1,0
986,-1,-1,986,-1,670,-1,887,963,346,0,0,0,0,986,0,-1,0
987,-1,-1,987,557,670,656,888,964,346,0,0,0,0,987,0,-1,0
988,-1,-1,988,558,671,657,889,965,346,0,0,0,0,988,0,-1,0
989,-1,-1,989,-1,672,658,890,966,346,0,0,0,0,989,0,-1,0
990,-1,-1,990,559,-1,659,891,967,346,0,0,0,0,990,0,-1,0
991,-1,-1,991,560,673,660,892,968,346,0,0,0,0,991,0,-1,0
992,-1,-1,992,560,674,661,893,969,346,0,0,0,0,992,0,-1,0
993,-1,-1,993,-1,-1,-1,894,970,-1,0,0,0,0,993,0,-1,0
994,-1,-1,994,561,675,662,895,971,-1,0,0,0,0,994,0,-1,0
995,-1,-1,995,-1,-1,-1,-1,972,-1,0,0,0,0,995,0,-1,0
996,-1,-1,996,-1,676,-1,896,973,346,0,0,0,0,996,0,-1,0
997,-1,-1,997,562,676,663,897,974,346,0,0,0,0,997,0,-1,0
998,-1,-1,998,563,676,664,898,975,347,0,0,0,0,998,0,-1,0
999,-1,-1,999,564,677,-1,899,976,348,0,0,0,0,999,0,-1,0
1000,-1,-1,1000,565,678,665,900,977,348,0,0,0,0,1000,0,-1,0
1001,-1,-1,1001,566,679,666,901,978,349,0,0,0,0,1001,0,-1,0
1002,-1,-1,1002,567,680,667,902,979,350,0,0,0,0,1002,0,-1,0
1003,-1,-1,1003,-1,-1,-1,903,980,-1,0,0,0,0,1003,0,-1,0
1004,-1,-1,1004,-1,681,668,903,980,-1,0,0,0,0,1004,0,-1,0
1005,-1,-1,1005,568,682,669,904,981,-1,0,0,0,0,1005,0,-1,0
1006,-1,-1,1006,569,683,670,905,982,-1,0,0,0,0,1006,0,-1,0
1007,-1,-1,1007,-1,-1,-1,906,983,-1,0,0,0,0,1007,0,-1,0
1008,-1,-1,1008,570,684,671,906,983,-1,0,0,0,0,1008,0,-1,0
1009,-1,-1,1009,571,684,672,907,984,350,0,0,0,0,1009,0,-1,0
1010,-1,-1,1010,571,685,673,908,985,-1,0,0,0,0,1010,0,-1,0
1011,-1,-1,1011,572,686,674,909,986,350,0,0,0,0,1011,0,-1,0
1012,-1,-1,1012,573,687,675,910,987,350,0,0,0,0,1012,0,-1,0
1013,-1,-1,1013,574,688,675,911,988,-1,0,0,0,0,1013,0,-1,0
1014,-1,-1,1014,575,-1,-1,911,989,351,0,0,0,0,1014,0,-1,0
1015,-1,-1,1015,576,689,-1,912,990,-1,0,0,0,0,1015,0,-1,0
1016,-1,-1,1016,577,689,676,913,991,352,0,0,0,0,1016,0,-1,0
1017,-1,-1,1017,578,690,677,914,992,-1,0,0,0,0,1017,0,-1,0
1018,-1,-1,1018,579,691,678,915,993,-1,0,0,0,0,1018,0,-1,0
1019,-1,-1,1019,-1,692,679,916,994,-1,0,0,0,0,1019,0,-1,0
1020,-1,-1,1020,580,692,-1,917,995,-1,0,0,0,0,1020,0,-1,0
1021,-1,-1,1021,581,693,680,918,996,353,0,0,0,0,1021,0,-1,0
1022,-1,-1,1022,581,694,681,919,997,-1,0,0,0,0,1022,0,-1,0
1023,-1,-1,1023,582,695,-1,920,998,353,0,0,0,0,1023,0,-1,0
1024,-1,-1,1024,-1,-1,-1,921,999,-1,0,0,0,0,1024,0,-1,0
1025,-1,-1,1025,-1,-1,-1,922,1000,354,0,0,0,0,1025,0,-1,0
1026,-1,-1,1026,583,696,682,923,1001,-1,0,0,0,0,1026,0,-1,0
1027,-1,-1,1027,584,697,-1,924,1002,355,0,0,0,0,1027,0,-1,0
1028,-1,-1,1028,584,698,683,925,1003,-1,0,0,0,0,1028,0,-1,0
1029,-1,-1,1029,-1,698,684,926,1004,355,0,0,0,0,1029,0,-1,0
1030,-1,-1,1030,585,699,685,927,1005,356,0,0,0,0,1030,0,-1,0
1031,-1,-1,1031,586,700,686,928,1006,357,0,0,0,0,1031,0,-1,0
1032,-1,-1,1032,587,701,687,929,1007,-1,0,0,0,0,1032,0,-1,0
1033,-1,-1,1033,587,702,688,930,1008,-1,0,0,0,0,1033,0,-1,0
1034,-1,-1,1034,588,703,689,931,1009,358,0,0,0,0,1034,0,-1,0
1035,-1,-1,1035,588,703,689,932,1010,359,0,0,0,0,1035,0,-1,0
1036,-1,-1,1036,589,704,689,933,1011,359,0,0,0,0,1036,0,-1,0
1037,-1,-1,1037,590,704,690,934,1012,-1,0,0,0,0,1037,0,-1,0
1038,-1,-1,1038,-1,-1,-1,935,1013,-1,0,0,0,0,1038,0,-1,0
1039,-1,-1,1039,-1,-1,-1,936,1014,359,0,0,0,0,1039,0,-1,0
1040,-1,-1,1040,591,705,691,937,1015,360,0,0,0,0,1040,0,-1,0
1041,-1,-1,1041,592,706,692,938,1016,361,0,0,0,0,1041,0,-1,0
1042,-1,-1,1042,593,707,693,939,1017,362,0,0,0,0,1042,0,-1,0
1043,-1,-1,1043,594,708,694,940,1018,-1,0,0,0,0,1043,0,-1,0
1044,-1,-1,1044,595,-1,-1,941,1019,-1,0,0,0,0,1044,0,-1,0
1045,-1,11,1045,-1,-1,695,942,1020,-1,0,0,0,0,1045,0,-1,0
1046,-1,-1,1046,596,709,696,943,1021,363,0,0,0,0,1046,0,-1,0
1047,-1,-1,1047,597,710,697,944,1022,-1,0,0,0,0,1047,0,-1,0
1048,-1,-1,1048,598,710,698,945,1023,-1,0,0,0,0,1048,0,-1,0
1049,-1,-1,1049,-1,711,699,946,1024,-1,0,0,0,0,1049,0,-1,0
1050,-1,-1,1050,-1,712,700,947,1025,363,0,0,0,0,1050,0,-1,0
1051,-1,-1,1051,599,713,701,948,1026,363,0,0,0,0,1051,0,-1,0
1052,-1,-1,1052,600,714,-1,949,1027,-1,0,0,0,0,1052,0,-1,0
1053,-1,-1,1053,601,715,702,950,1028,364,0,0,0,0,1053,0,-1,0
1054,-1,-1,1054,602,716,703,-1,1029,365,0,0,0,0,1054,0,-1,0
1055,-1,-1,1055,603,717,704,951,1030,366,0,0,0,0,1055,0,-1,0
1056,-1,-1,1056,-1,718,705,951,1031,366,0,0,0,0,1056,0,-1,0
1057,-1,-1,1057,604,-1,-1,952,1032,366,0,0,0,0,1057,0,-1,0
1058,-1,-1,1058,604,719,706,953,1033,-1,0,0,0,0,1058,0,-1,0
1059,-1,-1,1059,604,720,707,954,1034,-1,0,0,0,0,1059,0,-1,0
1060,-1,-1,1060,-1,721,708,955,1035,366,0,0,0,0,1060,0,-1,0
1061,-1,-1,1061,604,-1,709,956,1036,-1,0,0,0,0,1061,0,-1,0
1062,-1,-1,1062,605,722,710,957,1037,367,0,0,0,0,1062,0,-1,0
1063,-1,-1,1063,606,723,711,958,1038,368,0,0,0,0,1063,0,-1,0
1064,-1,-1,1064,606,724,712,958,1039,-1,0,0,0,0,1064,0,-1,0
1065,-1,-1,1065,607,724,713,959,1040,-1,0,0,0,0,1065,0,-1,0
1066,-1,-1,1066,-1,725,-1,960,1041,368,0,0,0,0,1066,0,-1,0
1067,-1,-1,1067,607,725,714,961,1042,368,0,0,0,0,1067,0,-1,0
1068,-1,-1,1068,608,726,-1,962,1043,-1,0,0,0,0,1068,0,-1,0
1069,-1,-1,1069,-1,-1,-1,963,1044,-1,0,0,0,0,1069,0,-1,0
1070,-1,-1,1070,609,727,715,964,1045,-1,0,0,0,0,1070,0,-1,0
1071,-1,-1,1071,610,727,716,965,1046,-1,0,0,0,0,1071,0,-1,0
1072,-1,-1,1072,611,728,717,966,1047,369,0,0,0,0,1072,0,-1,0
1073,-1,-1,1073,611,729,718,967,1048,370,0,0,0,0,1073,0,-1,0
1074,-1,-1,1074,612,730,719,968,1049,371,0,0,0,0,1074,0,-1,0
1075,-1,-1,1075,613,731,720,969,1050,372,0,0,0,0,1075,0,-1,0
1076,-1,-1,1076,614,-1,-1,970,1051,373,0,0,0,0,1076,0,-1,0
1077,-1,-1,1077,615,732,721,971,1052,373,0,0,0,0,1077,0,-1,0
1078,-1,-1,1078,616,733,722,972,1053,373,0,0,0,0,1078,0,-1,0
1079,-1,-1,1079,617,734,723,973,1054,373,0,0,0,0,1079,0,-1,0
1080,-1,-1,1080,618,734,-1,974,1055,373,0,0,0,0,1080,0,-1,0
1081,-1,-1,1081,619,735,724,975,1056,374,0,0,0,0,1081,0,-1,0
1082,-1,-1,1082,620,736,725,976,1057,375,0,0,0,0,1082,0,-1,0
1083,-1,-1,1083,621,737,726,977,1058,376,0,0,0,0,1083,0,-1,0
1084,-1,-1,1084,622,737,-1,978,1059,377,0,0,0,0,1084,0,-1,0
1085,-1,-1,1085,623,738,727,979,1060,378,0,0,0,0,1085,0,-1,0
1086,-1,-1,1086,-1,739,728,980,1061,379,0,0,0,0,1086,0,-1,0
1087,-1,-1,1087,-1,740,-1,981,1062,380,0,0,0,0,1087,0,-1,0
1088,-1,-1,1088,624,741,729,982,1063,381,0,0,0,0,1088,0,-1,0
1089,-1,-1,1089,-1,742,730,983,1064,-1,0,0,0,0,1089,0,-1,0
1090,-1,-1,1090,625,743,731,984,1065,-1,0,0,0,0,1090,0,-1,0
1091,-1,-1,1091,626,744,732,985,1066,381,0,0,0,0,1091,0,-1,0
1092,-1,-1,1092,626,744,733,986,1067,381,0,0,0,0,1092,0,-1,0
1093,-1,-1,1093,-1,-1,-1,987,1068,-1,0,0,0,0,1093,0,-1,0
1094,-1,-1,1094,626,745,734,988,1069,381,0,0,0,0,1094,0,-1,0
1095,-1,-1,1095,627,745,735,989,1070,-1,0,0,0,0,1095,0,-1,0
1096,-1,-1,1096,-1,-1,-1,990,1071,-1,0,0,0,0,1096,0,-1,0
1097,-1,-1,1097,628,746,-1,991,1072,-1,0,0,0,0,1097,0,-1,0
1098,-1,-1,1098,629,747,-1,992,1073,382,0,0,0,0,1098,0,-1,0
1099,-1,-1,1099,630,747,736,993,1074,383,0,0,0,0,1099,0,-1,0
1100,-1,-1,1100,631,748,737,994,1075,-1,0,0,0,0,1100,0,-1,0
1101,-1,-1,1101,-1,-1,-1,995,1076,-1,0,0,0,0,1101,0,-1,0
1102,-1,-1,1102,-1,749,738,996,1077,-1,0,0,0,0,1102,0,-1,0
1103,-1,-1,1103,-1,750,739,997,1078,383,0,0,0,0,1103,0,-1,0
1104,-1,-1,1104,632,751,740,998,1079,384,0,0,0,0,1104,0,-1,0
1105,-1,-1,1105,-1,752,741,999,1080,385,0,0,0,0,1105,0,-1,0
1106,-1,-1,1106,-1,-1,-1,1000,1081,386,0,0,0,0,1106,0,-1,0
1107,-1,-1,1107,633,753,-1,1001,1082,-1,0,0,0,0,1107,0,-1,0
1108,-1,-1,1108,633,754,742,1002,1083,386,0,0,0,0,1108,0,-1,0
1109,-1,-1,1109,-1,755,742,1003,1084,-1,0,0,0,0,1109,0,-1,0
1110,-1,-1,1110,-1,756,-1,1004,1085,386,0,0,0,0,1110,0,-1,0
1111,-1,-1,1111,-1,757,742,1005,1086,-1,0,0,0,0,1111,0,-1,0
1112,-1,-1,1112,634,758,743,1006,1087,386,0,0,0,0,1112,0,-1,0
1113,-1,-1,1113,635,759,744,1007,1088,386,0,0,0,0,1113,0,-1,0
1114,-1,-1,1114,636,760,745,1008,1089,386,0,0,0,0,1114,0,-1,0
1115,-1,-1,1115,-1,-1,-1,1009,1090,-1,0,0,0,0,1115,0,-1,0
1116,-1,-1,1116,-1,-1,745,1010,1091,386,0,0,0,0,1116,0,-1,0
1117,-1,-1,1117,-1,761,746,1011,1092,-1,0,0,0,0,1117,0,-1,0
1118,-1,-1,1118,637,762,747,1012,1093,386,0,0,0,0,1118,0,-1,0
1119,-1,-1,1119,638,763,748,1013,1094,386,0,0,0,0,1119,0,-1,0
1120,-1,-1,1120,639,763,749,1014,1095,-1,0,0,0,0,1120,0,-1,0
1121,-1,-1,1121,-1,764,750,1015,1096,387,0,0,0,0,1121,0,-1,0
1122,-1,-1,1122,640,765,751,1016,1097,-1,0,0,0,0,1122,0,-1,0
1123,-1,-1,1123,641,766,752,1017,1098,388,0,0,0,0,1123,0,-1,0
1124,-1,-1,1124,642,766,753,1018,1099,-1,0,0,0,0,1124,0,-1,0
1125,-1,-1,1125,643,767,753,1018,1100,388,0,0,0,0,1125,0,-1,0
1126,-1,-1,1126,643,768,754,1018,1101,389,0,0,0,0,1126,0,-1,0
1127,-1,-1,1127,643,769,755,1019,1102,390,0,0,0,0,1127,0,-1,0
1128,-1,-1,1128,643,770,756,1020,1103,-1,0,0,0,0,1128,0,-1,0
1129,-1,-1,1129,644,771,757,1021,1104,-1,0,0,0,0,1129,0,-1,0
1130,-1,-1,1130,645,772,757,1022,1105,-1,0,0,0,0,1130,0,-1,0
1131,-1,-1,1131,646,773,758,1023,1106,390,0,0,0,0,1131,0,-1,0
1132,-1,-1,1132,-1,-1,-1,1024,1107,390,0,0,0,0,1132,0,-1,0
1133,-1,-1,1133,-1,-1,-1,1025,1108,-1,0,0,0,0,1133,0,-1,0
1134,-1,-1,1134,647,774,759,1026,1109,390,0,0,0,0,1134,0,-1,0
1135,-1,-1,1135,648,774,759,1027,1110,391,0,0,0,0,1135,0,-1,0
1136,-1,-1,1136,649,775,759,1028,1111,392,0,0,0,0,1136,0,-1,0
1137,-1,-1,1137,-1,776,760,1029,1112,393,0,0,0,0,1137,0,-1,0
1138,-1,-1,1138,650,777,-1,1030,1113,394,0,0,0,0,1138,0,-1,0
1139,-1,-1,1139,-1,778,761,1031,1114,-1,0,0,0,0,1139,0,-1,0
1140,-1,-1,1140,650,779,762,1032,1115,394,0,0,0,0,1140,0,-1,0
1141,-1,-1,1141,651,780,763,1033,1116,394,0,0,0,0,1141,0,-1,0
1142,-1,-1,1142,651,781,764,1034,1117,394,0,0,0,0,1142,0,-1,0
1143,-1,-1,1143,652,782,765,1034,1117,394,0,0,0,0,1143,0,-1,0
1144,-1,-1,1144,-1,-1,-1,1035,1118,-1,0,0,0,0,1144,0,-1,0
1145,-1,-1,1145,653,783,765,1035,1118,-1,0,0,0,0,1145,0,-1,0
1146,-1,-1,1146,-1,784,766,1035,1118,-1,0,0,0,0,1146,0,-1,0
1147,-1,-1,1147,654,-1,767,1036,1119,394,0,0,0,0,1147,0,-1,0
1148,-1,-1,1148,655,785,768,1037,1120,-1,0,0,0,0,1148,0,-1,0
1149,-1,-1,1149,-1,786,769,1037,1121,394,0,0,0,0,1149,0,-1,0
1150,-1,-1,1150,656,786,770,1038,1122,395,0,0,0,0,1150,0,-1,0
1151,-1,-1,1151,657,787,771,1039,1123,396,0,0,0,0,1151,0,-1,0
1152,-1,-1,1152,657,788,772,1040,1124,397,0,0,0,0,1152,0,-1,0
1153,-1,-1,1153,658,789,773,1041,1125,398,0,0,0,0,1153,0,-1,0
1154,-1,-1,1154,659,-1,774,1042,1126,399,0,0,0,0,1154,0,-1,0
1155,-1,-1,1155,659,790,775,1043,1127,399,0,0,0,0,1155,0,-1,0
1156,-1,-1,1156,-1,-1,-1,1044,1128,-1,0,0,0,0,1156,0,-1,0
1157,-1,-1,1157,-1,791,-1,1045,1129,-1,0,0,0,0,1157,0,-1,0
1158,-1,-1,1158,-1,-1,-1,1046,1130,-1,0,0,0,0,1158,0,-1,0
1159,-1,-1,1159,659,792,776,1047,1131,-1,0,0,0,0,1159,0,-1,0
1160,-1,-1,1160,659,793,776,1047,1131,-1,0,0,0,0,1160,0,-1,0
1161,-1,-1,1161,659,794,777,1047,1132,399,0,0,0,0,1161,0,-1,0
1162,-1,-1,1162,660,795,778,1048,1133,-1,0,0,0,0,1162,0,-1,0
1163,-1,-1,1163,-1,796,779,1049,1134,399,0,0,0,0,1163,0,-1,0
1164,-1,-1,1164,661,797,-1,1050,1135,399,0,0,0,0,1164,0,-1,0
1165,-1,-1,1165,-1,-1,-1,1051,1136,-1,0,0,0,0,1165,0,-1,0
1166,-1,-1,1166,-1,-1,-1,1052,1137,-1,0,0,0,0,1166,0,-1,0
1167,-1,-1,1167,662,798,780,1053,1138,-1,0,0,0,0,1167,0,-1,0
1168,-1,-1,1168,-1,799,781,1054,1139,399,0,0,0,0,1168,0,-1,0
1169,-1,-1,1169,663,800,782,1055,1140,-1,0,0,0,0,1169,0,-1,0
1170,-1,-1,1170,663,801,783,1056,1141,399,0,0,0,0,1170,0,-1,0
1171,-1,-1,1171,-1,802,783,1057,1142,400,0,0,0,0,1171,0,-1,0
1172,-1,-1,1172,663,803,784,1057,1143,401,0,0,0,0,1172,0,-1,0
1173,-1,-1,1173,-1,-1,-1,1058,1144,-1,0,0,0,0,1173,0,-1,0
1174,-1,-1,1174,664,804,785,1059,1145,402,0,0,0,0,1174,0,-1,0
1175,-1,-1,1175,665,805,786,1060,1146,403,0,0,0,0,1175,0,-1,0
1176,-1,-1,1176,666,806,-1,1061,1147,403,0,0,0,0,1176,0,-1,0
1177,-1,-1,1177,667,807,-1,1062,1148,-1,0,0,0,0,1177,0,-1,0
1178,-1,-1,1178,668,-1,-1,1063,1149,404,0,0,0,0,1178,0,-1,0
1179,-1,-1,1179,669,807,787,1064,1150,405,0,0,0,0,1179,0,-1,0
1180,-1,-1,1180,669,808,788,1064,1151,405,0,0,0,0,1180,0,-1,0
1181,-1,-1,1181,670,809,789,1064,1152,405,0,0,0,0,1181,0,-1,0
1182,-1,-1,1182,-1,-1,-1,1065,1153,-1,0,0,0,0,1182,0,-1,0
1183,-1,-1,1183,-1,810,790,1066,1154,405,0,0,0,0,1183,0,-1,0
1184,-1,-1,1184,671,811,791,1067,1155,406,0,0,0,0,1184,0,-1,0
1185,-1,-1,1185,-1,812,792,1068,1156,-1,0,0,0,0,1185,0,-1,0
1186,-1,-1,1186,672,813,793,1069,1157,-1,0,0,0,0,1186,0,-1,0
1187,-1,-1,1187,673,813,794,1070,1158,407,0,0,0,0,1187,0,-1,0
1188,-1,-1,1188,674,813,795,1071,1159,408,0,0,0,0,1188,0,-1,0
1189,-1,-1,1189,675,-1,796,1072,1160,-1,0,0,0,0,1189,0,-1,0
1190,-1,-1,1190,-1,814,797,1073,1161,409,0,0,0,0,1190,0,-1,0
1191,-1,-1,1191,676,815,798,1074,1162,410,0,0,0,0,1191,0,-1,0
1192,-1,-1,1192,677,816,799,1075,1163,411,0,0,0,0,1192,0,-1,0
1193,-1,-1,1193,678,817,800,1076,1164,-1,0,0,0,0,1193,0,-1,0
1194,-1,-1,1194,-1,-1,-1,1077,1165,412,0,0,0,0,1194,0,-1,0
1195,-1,-1,1195,-1,-1,-1,1078,1166,-1,0,0,0,0,1195,0,-1,0
1196,-1,-1,1196,679,818,-1,1079,1167,-1,0,0,0,0,1196,0,-1,0
1197,-1,-1,1197,-1,819,801,1080,1168,-1,0,0,0,0,1197,0,-1,0
1198,-1,-1,1198,679,-1,-1,1081,1169,412,0,0,0,0,1198,0,-1,0
1199,-1,-1,1199,680,-1,-1,1082,1170,-1,0,0,0,0,1199,0,-1,0
1200,-1,-1,1200,-1,820,802,1082,1171,412,0,0,0,0,1200,0,-1,0
1201,-1,-1,1201,681,821,803,1083,1172,412,0,0,0,0,1201,0,-1,0
1202,-1,12,1202,-1,822,804,1084,1173,412,0,0,0,0,1202,0,-1,0
1203,-1,-1,1203,682,823,805,1085,1174,413,0,0,0,0,1203,0,-1,0
1204,-1,-1,1204,683,824,806,1086,1175,414,0,0,0,0,1204,0,-1,0
1205,-1,-1,1205,-1,-1,-1,1087,1176,-1,0,0,0,0,1205,0,-1,0
1206,-1,-1,1206,684,825,806,1088,1177,414,0,0,0,0,1206,0,-1,0
1207,-1,-1,1207,-1,826,-1,1089,1178,414,0,0,0,0,1207,0,-1,0
1208,-1,-1,1208,685,827,807,1090,1179,414,0,0,0,0,1208,0,-1,0
1209,-1,-1,1209,686,-1,-1,1091,1180,415,0,0,0,0,1209,0,-1,0
1210,-1,-1,1210,687,827,808,1092,1181,416,0,0,0,0,1210,0,-1,0
1211,-1,-1,1211,688,828,809,1093,1182,416,0,0,0,0,1211,0,-1,0
1212,-1,-1,1212,689,829,810,1094,1183,416,0,0,0,0,1212,0,-1,0
1213,-1,-1,1213,690,830,811,1095,1184,416,0,0,0,0,1213,0,-1,0
1214,-1,-1,1214,691,831,812,1096,1185,-1,0,0,0,0,1214,0,-1,0
1215,-1,-1,1215,692,831,813,1097,1186,416,0,0,0,0,1215,0,-1,0
1216,-1,-1,1216,693,832,814,1098,1187,416,0,0,0,0,1216,0,-1,0
1217,-1,-1,1217,694,833,815,1099,1188,417,0,0,0,0,1217,0,-1,0
1218,-1,-1,1218,695,834,816,1100,1189,418,0,0,0,0,1218,0,-1,0
1219,-1,-1,1219,-1,835,-1,1101,1190,419,0,0,0,0,1219,0,-1,0
1220,-1,-1,1220,696,836,817,1102,1191,420,0,0,0,0,1220,0,-1,0
1221,-1,-1,1221,697,837,818,1103,1192,420,0,0,0,0,1221,0,-1,0
1222,-1,-1,1222,698,-1,819,1104,1193,420,0,0,0,0,1222,0,-1,0
1223,-1,-1,1223,698,838,820,1105,1194,-1,0,0,0,0,1223,0,-1,0
1224,-1,-1,1224,699,839,821,1106,1195,420,0,0,0,0,1224,0,-1,0
1225,-1,-1,1225,700,839,822,1107,1196,420,0,0,0,0,1225,0,-1,0
1226,-1,-1,1226,701,840,823,1108,1197,421,0,0,0,0,1226,0,-1,0
1227,-1,-1,1227,702,841,-1,1109,1198,422,0,0,0,0,1227,0,-1,0
1228,-1,-1,1228,703,841,824,1110,1199,423,0,0,0,0,1228,0,-1,0
1229,-1,-1,1229,-1,841,825,1111,1200,423,0,0,0,0,1229,0,-1,0
1230,-1,-1,1230,-1,-1,826,1112,1201,423,0,0,0,0,1230,0,-1,0
1231,-1,-1,1231,-1,842,827,1112,1202,424,0,0,0,0,1231,0,-1,0
1232,-1,-1,1232,704,843,828,1113,1203,425,0,0,0,0,1232,0,-1,0
1233,-1,-1,1233,705,843,829,1114,1204,-1,0,0,0,0,1233,0,-1,0
1234,-1,-1,1234,-1,844,830,1115,1205,-1,0,0,0,0,1234,0,-1,0
1235,-1,-1,1235,705,845,831,1116,1206,426,0,0,0,0,1235,0,-1,0
1236,-1,-1,1236,706,846,-1,1117,1207,-1,0,0,0,0,1236,0,-1,0
1237,-1,-1,1237,-1,-1,-1,1118,1208,427,0,0,0,0,1237,0,-1,0
1238,-1,-1,1238,706,847,832,1119,1209,428,0,0,0,0,1238,0,-1,0
1239,-1,-1,1239,707,848,833,1120,1210,428,0,0,0,0,1239,0,-1,0
1240,-1,-1,1240,708,849,834,1121,1211,-1,0,0,0,0,1240,0,-1,0
1241,-1,-1,1241,709,849,-1,1122,1212,-1,0,0,0,0,1241,0,-1,0
1242,-1,-1,1242,-1,850,-1,1123,1213,428,0,0,0,0,1242,0,-1,0
1243,-1,-1,1243,-1,851,835,1124,1214,-1,0,0,0,0,1243,0,-1,0
1244,-1,-1,1244,-1,852,-1,1125,1215,-1,0,0,0,0,1244,0,-1,0
1245,-1,-1,1245,710,853,836,1126,1216,429,0,0,0,0,1245,0,-1,0
1246,-1,-1,1246,711,854,837,1127,1217,430,0,0,0,0,1246,0,-1,0
1247,-1,-1,1247,-1,-1,-1,1128,1218,-1,0,0,0,0,1247,0,-1,0
1248,-1,-1,1248,712,855,838,1129,1219,-1,0,0,0,0,1248,0,-1,0
1249,-1,-1,1249,713,856,839,1130,1220,431,0,0,0,0,1249,0,-1,0
1250,-1,-1,1250,714,856,-1,1131,1221,432,0,0,0,0,1250,0,-1,0
1251,-1,-1,1251,-1,-1,840,1132,1222,433,0,0,0,0,1251,0,-1,0
1252,-1,-1,1252,-1,-1,-1,1133,1223,-1,0,0,0,0,1252,0,-1,0
1253,-1,-1,1253,715,-1,-1,1134,1224,-1,0,0,0,0,1253,0,-1,0
1254,-1,-1,1254,716,857,841,1135,1225,434,0,0,0,0,1254,0,-1,0
1255,-1,-1,1255,717,857,842,1136,1226,-1,0,0,0,0,1255,0,-1,0
1256,-1,-1,1256,718,858,843,1137,1227,-1,0,0,0,0,1256,0,-1,0
1257,-1,-1,1257,719,859,844,1138,1228,-1,0,0,0,0,1257,0,-1,0
1258,-1,-1,1258,720,860,845,1139,1229,435,0,0,0,0,1258,0,-1,0
1259,-1,-1,1259,721,-1,846,1140,1230,435,0,0,0,0,1259,0,-1,0
1260,-1,-1,1260,721,861,847,1141,1231,-1,0,0,0,0,1260,0,-1,0
1261,-1,-1,1261,721,862,848,1142,1232,436,0,0,0,0,1261,0,-1,0
1262,-1,-1,1262,-1,-1,-1,1143,1233,437,0,0,0,0,1262,0,-1,0
1263,-1,-1,1263,722,862,849,1144,1234,438,0,0,0,0,1263,0,-1,0
1264,-1,-1,1264,723,863,850,1145,1235,-1,0,0,0,0,1264,0,-1,0
1265,-1,-1,1265,-1,-1,-1,1145,1235,-1,0,0,0,0,1265,0,-1,0
1266,-1,-1,1266,724,864,851,1146,1236,439,0,0,0,0,1266,0,-1,0
1267,-1,-1,1267,725,865,852,1146,1237,439,0,0,0,0,1267,0,-1,0
1268,-1,-1,1268,726,865,853,1147,1238,-1,0,0,0,0,1268,0,-1,0
1269,-1,-1,1269,-1,866,-1,1148,1239,439,0,0,0,0,1269,0,-1,0
1270,-1,-1,1270,-1,867,854,1148,1240,-1,0,0,0,0,1270,0,-1,0
1271,-1,-1,1271,727,868,855,1149,1241,-1,0,0,0,0,1271,0,-1,0
1272,-1,-1,1272,728,869,856,1150,1242,440,0,0,0,0,1272,0,-1,0
1273,-1,-1,1273,728,869,857,1151,1243,441,0,0,0,0,1273,0,-1,0
1274,-1,-1,1274,729,870,858,1151,1244,442,0,0,0,0,1274,0,-1,0
1275,-1,-1,1275,730,871,-1,1152,1245,442,0,0,0,0,1275,0,-1,0
1276,-1,-1,1276,731,872,859,1153,1246,-1,0,0,0,0,1276,0,-1,0
1277,-1,-1,1277,732,873,860,1153,1246,-1,0,0,0,0,1277,0,-1,0
1278,-1,-1,1278,-1,874,861,1154,1247,443,0,0,0,0,1278,0,-1,0
1279,-1,-1,1279,-1,875,-1,1155,1248,-1,0,0,0,0,1279,0,-1,0
1280,-1,-1,1280,-1,875,-1,1156,1249,444,0,0,0,0,1280,0,-1,0
1281,-1,-1,1281,-1,876,862,1157,1250,445,0,0,0,0,1281,0,-1,0
1282,-1,-1,1282,-1,-1,-1,1158,1251,445,0,0,0,0,1282,0,-1,0
1283,-1,-1,1283,-1,877,-1,1159,1252,-1,0,0,0,0,1283,0,-1,0
1284,-1,-1,1284,733,878,863,1160,1253,445,0,0,0,0,1284,0,-1,0
1285,-1,-1,1285,734,-1,-1,1161,1254,445,0,0,0,0,1285,0,-1,0
1286,-1,-1,1286,735,879,864,1162,1255,446,0,0,0,0,1286,0,-1,0
1287,-1,-1,1287,736,880,-1,1163,1256,447,0,0,0,0,1287,0,-1,0
1288,-1,-1,1288,-1,881,865,1164,1257,-1,0,0,0,0,1288,0,-1,0
1289,-1,-1,1289,-1,882,866,1165,1258,-1,0,0,0,0,1289,0,-1,0
1290,-1,-1,1290,736,882,-1,1166,1259,-1,0,0,0,0,1290,0,-1,0
1291,-1,-1,1291,736,882,-1,1167,1260,-1,0,0,0,0,1291,0,-1,0
1292,-1,-1,1292,737,883,-1,1168,1261,448,0,0,0,0,1292,0,-1,0
1293,-1,-1,1293,-1,884,867,1169,1262,449,0,0,0,0,1293,0,-1,0
1294,-1,-1,1294,738,885,868,1170,1263,-1,0,0,0,0,1294,0,-1,0
1295,-1,-1,1295,-1,-1,-1,1171,1264,-1,0,0,0,0,1295,0,-1,0
1296,-1,-1,1296,739,-1,-1,1172,1265,450,0,0,0,0,1296,0,-1,0
1297,-1,-1,1297,-1,886,869,1173,1266,451,0,0,0,0,1297,0,-1,0
1298,-1,-1,1298,739,887,870,1174,1267,452,0,0,0,0,1298,0,-1,0
1299,-1,-1,1299,-1,-1,-1,1175,1268,452,0,0,0,0,1299,0,-1,0
1300,-1,-1,1300,-1,-1,871,1176,1269,452,0,0,0,0,1300,0,-1,0
1301,-1,-1,1301,-1,888,872,1177,1270,452,0,0,0,0,1301,0,-1,0
1302,-1,-1,1302,-1,889,873,1178,1271,452,0,0,0,0,1302,0,-1,0
1303,-1,-1,1303,740,890,-1,1179,1272,-1,0,0,0,0,1303,0,-1,0
1304,-1,-1,1304,741,-1,873,1180,1273,453,0,0,0,0,1304,0,-1,0
1305,-1,-1,1305,742,891,874,1181,1274,454,0,0,0,0,1305,0,-1,0
1306,-1,-1,1306,743,892,875,1182,1275,454,0,0,0,0,1306,0,-1,0
1307,-1,-1,1307,-1,892,-1,1183,1276,454,0,0,0,0,1307,0,-1,0
1308,-1,-1,1308,744,892,-1,1184,1277,-1,0,0,0,0,1308,0,-1,0
1309,-1,-1,1309,745,893,876,1185,1278,-1,0,0,0,0,1309,0,-1,0
1310,-1,-1,1310,-1,894,877,1186,1279,454,0,0,0,0,1310,0,-1,0
1311,-1,-1,1311,746,895,878,1187,1280,-1,0,0,0,0,1311,0,-1,0
1312,-1,-1,1312,-1,-1,-1,1188,1281,-1,0,0,0,0,1312,0,-1,0
1313,-1,-1,1313,747,896,879,1189,1282,-1,0,0,0,0,1313,0,-1,0
1314,-1,-1,1314,748,897,880,1190,1283,-1,0,0,0,0,1314,0,-1,0
1315,-1,-1,1315,749,898,881,1191,1284,454,0,0,0,0,1315,0,-1,0
1316,-1,-1,1316,750,899,882,1192,1285,-1,0,0,0,0,1316,0,-1,0
1317,-1,-1,1317,751,900,883,1193,1286,455,0,0,0,0,1317,0,-1,0
1318,-1,-1,1318,-1,901,-1,1194,1287,-1,0,0,0,0,1318,0,-1,0
1319,-1,-1,1319,752,902,883,1195,1288,456,0,0,0,0,1319,0,-1,0
1320,-1,-1,1320,-1,903,884,1196,1289,457,0,0,0,0,1320,0,-1,0
1321,-1,-1,1321,753,904,885,1196,1289,457,0,0,0,0,1321,0,-1,0
1322,-1,-1,1322,754,905,886,1197,1290,457,0,0,0,0,1322,0,-1,0
1323,-1,-1,1323,-1,906,887,1198,1291,-1,0,0,0,0,1323,0,-1,0
1324,-1,-1,1324,755,-1,-1,1199,1292,457,0,0,0,0,1324,0,-1,0
1325,-1,-1,1325,756,907,-1,1200,1293,457,0,0,0,0,1325,0,-1,0
1326,-1,-1,1326,757,-1,888,1201,1294,457,0,0,0,0,1326,0,-1,0
1327,-1,-1,1327,-1,-1,-1,1202,1295,-1,0,0,0,0,1327,0,-1,0
1328,-1,-1,1328,758,908,889,1203,1296,457,0,0,0,0,1328,0,-1,0
1329,-1,-1,1329,759,-1,-1,1204,1297,458,0,0,0,0,1329,0,-1,0
1330,-1,-1,1330,-1,-1,-1,1205,1298,459,0,0,0,0,1330,0,-1,0
1331,-1,-1,1331,760,909,890,1206,1299,459,0,0,0,0,1331,0,-1,0
1332,-1,-1,1332,761,910,891,1207,1300,459,0,0,0,0,1332,0,-1,0
1333,-1,-1,1333,762,911,891,1208,1301,459,0,0,0,0,1333,0,-1,0
1334,-1,-1,1334,763,911,892,1209,1302,459,0,0,0,0,1334,0,-1,0
1335,-1,-1,1335,-1,-1,-1,1209,1302,459,0,0,0,0,1335,0,-1,0
1336,-1,-1,1336,-1,912,-1,1210,1303,-1,0,0,0,0,1336,0,-1,0
1337,-1,-1,1337,764,913,893,1211,1304,459,0,0,0,0,1337,0,-1,0
1338,-1,-1,1338,765,914,894,1212,1305,460,0,0,0,0,1338,0,-1,0
1339,-1,-1,1339,765,915,895,1213,1306,461,0,0,0,0,1339,0,-1,0
1340,-1,-1,1340,766,916,-1,1213,1307,462,0,0,0,0,1340,0,-1,0
1341,-1,-1,1341,767,916,896,1214,1308,462,0,0,0,0,1341,0,-1,0
1342,-1,-1,1342,768,916,897,1215,1309,463,0,0,0,0,1342,0,-1,0
1343,-1,-1,1343,769,916,898,1216,1310,-1,0,0,0,0,1343,0,-1,0
1344,-1,-1,1344,770,916,899,1217,1311,464,0,0,0,0,1344,0,-1,0
1345,-1,-1,1345,771,916,900,1218,1312,465,0,0,0,0,1345,0,-1,0
1346,-1,-1,1346,-1,-1,-1,1219,1313,-1,0,0,0,0,1346,0,-1,0
1347,-1,-1,1347,771,-1,901,1220,1314,466,0,0,0,0,1347,0,-1,0
1348,-1,-1,1348,-1,-1,-1,1220,1315,467,0,0,0,0,1348,0,-1,0
1349,-1,-1,1349,772,917,902,1221,1316,468,0,0,0,0,1349,0,-1,0
1350,-1,-1,1350,773,918,903,1222,1317,-1,0,0,0,0,1350,0,-1,0
1351,-1,-1,1351,774,919,904,1223,1318,-1,0,0,0,0,1351,0,-1,0
1352,-1,-1,1352,775,920,905,1224,1319,469,0,0,0,0,1352,0,-1,0
1353,-1,-1,1353,776,921,906,1225,1320,-1,0,0,0,0,1353,0,-1,0
1354,-1,-1,1354,777,922,907,1226,1321,469,0,0,0,0,1354,0,-1,0
1355,-1,-1,1355,-1,923,-1,1227,1322,469,0,0,0,0,1355,0,-1,0
1356,-1,-1,1356,777,924,908,1228,1323,470,0,0,0,0,1356,0,-1,0
1357,-1,-1,1357,778,924,909,1229,1324,471,0,0,0,0,1357,0,-1,0
1358,-1,-1,1358,779,925,910,1230,1325,472,0,0,0,0,1358,0,-1,0
1359,-1,-1,1359,780,926,-1,1231,1326,-1,0,0,0,0,1359,0,-1,0
1360,-1,-1,1360,-1,-1,-1,1232,1327,-1,0,0,0,0,1360,0,-1,0
1361,-1,-1,1361,781,927,911,1233,1328,473,0,0,0,0,1361,0,-1,0
1362,-1,-1,1362,781,928,911,1233,1329,473,0,0,0,0,1362,0,-1,0
1363,-1,-1,1363,-1,929,-1,1234,1330,473,0,0,0,0,1363,0,-1,0
1364,-1,-1,1364,-1,929,912,1235,1331,-1,0,0,0,0,1364,0,-1,0
1365,-1,-1,1365,782,-1,-1,1236,1332,-1,0,0,0,0,1365,0,-1,0
1366,-1,-1,1366,783,930,913,1237,1333,474,0,0,0,0,1366,0,-1,0
1367,-1,-1,1367,784,931,913,1238,1334,475,0,0,0,0,1367,0,-1,0
1368,-1,-1,1368,785,931,913,1239,1335,475,0,0,0,0,1368,0,-1,0
1369,-1,-1,1369,-1,932,914,1240,1336,476,0,0,0,0,1369,0,-1,0
1370,-1,-1,1370,786,933,915,1241,1337,477,0,0,0,0,1370,0,-1,0
1371,-1,-1,1371,-1,933,-1,1242,1338,-1,0,0,0,0,1371,0,-1,0
1372,-1,-1,1372,787,934,915,1243,1339,-1,0,0,0,0,1372,0,-1,0
1373,-1,-1,1373,788,935,-1,1244,1340,-1,0,0,0,0,1373,0,-1,0
1374,-1,-1,1374,789,-1,-1,1245,1341,-1,0,0,0,0,1374,0,-1,0
1375,-1,-1,1375,790,936,916,1246,1342,477,0,0,0,0,1375,0,-1,0
1376,-1,-1,1376,791,936,917,1247,1343,477,0,0,0,0,1376,0,-1,0
1377,-1,-1,1377,791,937,918,1248,1344,-1,0,0,0,0,1377,0,-1,0
1378,-1,-1,1378,-1,-1,-1,1249,1345,-1,0,0,0,0,1378,0,-1,0
1379,-1,-1,1379,792,-1,-1,1250,1346,477,0,0,0,0,1379,0,-1,0
1380,-1,-1,1380,793,938,919,1251,1347,478,0,0,0,0,1380,0,-1,0
1381,-1,-1,1381,794,939,-1,1252,1348,479,0,0,0,0,1381,0,-1,0
1382,-1,-1,1382,795,940,920,1253,1349,479,0,0,0,0,1382,0,-1,0
1383,-1,-1,1383,796,941,921,1254,1350,479,0,0,0,0,1383,0,-1,0
1384,-1,-1,1384,797,942,922,1255,1351,480,0,0,0,0,1384,0,-1,0
1385,-1,-1,1385,-1,943,923,1256,1352,481,0,0,0,0,1385,0,-1,0
1386,-1,-1,1386,798,944,924,1257,1353,-1,0,0,0,0,1386,0,-1,0
1387,-1,-1,1387,-1,-1,-1,1258,1354,482,0,0,0,0,1387,0,-1,0
1388,-1,-1,1388,799,945,-1,1259,1355,482,0,0,0,0,1388,0,-1,0
1389,-1,-1,1389,-1,-1,-1,1260,1356,483,0,0,0,0,1389,0,-1,0
1390,-1,-1,1390,800,946,925,1261,1357,484,0,0,0,0,1390,0,-1,0
1391,-1,-1,1391,801,946,926,1262,1358,-1,0,0,0,0,1391,0,-1,0
1392,-1,-1,1392,801,947,927,1263,1359,-1,0,0,0,0,1392,0,-1,0
1393,-1,-1,1393,802,948,-1,1264,1360,485,0,0,0,0,1393,0,-1,0
1394,-1,-1,1394,803,948,928,1265,1361,485,0,0,0,0,1394,0,-1,0
1395,-1,-1,1395,-1,948,-1,1266,1362,485,0,0,0,0,1395,0,-1,0
1396,-1,-1,1396,803,949,929,1267,1363,486,0,0,0,0,1396,0,-1,0
1397,-1,-1,1397,804,950,930,1268,1364,-1,0,0,0,0,1397,0,-1,0
1398,-1,-1,1398,-1,951,-1,1269,1365,-1,0,0,0,0,1398,0,-1,0
1399,-1,-1,1399,805,952,931,1270,1366,-1,0,0,0,0,1399,0,-1,0
1400,-1,-1,1400,806,953,932,1271,1367,-1,0,0,0,0,1400,0,-1,0
1401,-1,-1,1401,807,954,933,1271,1368,487,0,0,0,0,1401,0,-1,0
1402,-1,-1,1402,808,954,934,1272,1369,487,0,0,0,0,1402,0,-1,0
1403,-1,-1,1403,808,955,935,1272,1370,487,0,0,0,0,1403,0,-1,0
1404,-1,-1,1404,809,956,936,1273,1371,487,0,0,0,0,1404,0,-1,0
1405,-1,-1,1405,810,957,-1,1274,1372,487,0,0,0,0,1405,0,-1,0
1406,-1,-1,1406,811,958,937,1275,1373,488,0,0,0,0,1406,0,-1,0
1407,-1,-1,1407,812,-1,-1,1276,1374,489,0,0,0,0,1407,0,-1,0
1408,-1,-1,1408,813,959,937,1277,1375,490,0,0,0,0,1408,0,-1,0
1409,-1,-1,1409,813,960,938,1278,1376,491,0,0,0,0,1409,0,-1,0
1410,-1,-1,1410,-1,961,939,1279,1377,491,0,0,0,0,1410,0,-1,0
1411,-1,-1,1411,814,962,940,1280,1378,-1,0,0,0,0,1411,0,-1,0
1412,-1,-1,1412,-1,963,941,1281,1379,-1,0,0,0,0,1412,0,-1,0
1413,-1,-1,1413,-1,964,942,1282,1380,492,0,0,0,0,1413,0,-1,0
1414,-1,-1,1414,815,965,943,1283,1381,493,0,0,0,0,1414,0,-1,0
1415,-1,-1,1415,-1,-1,944,1284,1382,493,0,0,0,0,1415,0,-1,0
1416,-1,-1,1416,816,965,945,1285,1383,-1,0,0,0,0,1416,0,-1,0
1417,-1,-1,1417,-1,966,946,1286,1384,-1,0,0,0,0,1417,0,-1,0
1418,-1,-1,1418,816,967,-1,1287,1385,493,0,0,0,0,1418,0,-1,0
1419,-1,-1,1419,-1,968,-1,1287,1386,494,0,0,0,0,1419,0,-1,0
1420,-1,-1,1420,817,969,947,1288,1387,-1,0,0,0,0,1420,0,-1,0
1421,-1,-1,1421,817,970,948,1289,1388,494,0,0,0,0,1421,0,-1,0
1422,-1,-1,1422,818,971,949,1290,1389,-1,0,0,0,0,1422,0,-1,0
1423,-1,-1,1423,-1,972,950,1291,1390,-1,0,0,0,0,1423,0,-1,0
1424,-1,-1,1424,818,972,951,1292,1391,495,0,0,0,0,1424,0,-1,0
1425,-1,-1,1425,818,973,952,1293,1392,496,0,0,0,0,1425,0,-1,0
1426,-1,-1,1426,-1,974,953,1293,1393,497,0,0,0,0,1426,0,-1,0
1427,-1,-1,1427,-1,-1,-1,1294,1394,-1,0,0,0,0,1427,0,-1,0
1428,-1,-1,1428,819,975,953,1295,1395,498,0,0,0,0,1428,0,-1,0
1429,-1,-1,1429,820,976,954,1296,1396,498,0,0,0,0,1429,0,-1,0
1430,-1,-1,1430,821,977,955,1297,1397,-1,0,0,0,0,1430,0,-1,0
1431,-1,-1,1431,-1,-1,-1,1298,1398,-1,0,0,0,0,1431,0,-1,0
1432,-1,-1,1432,821,978,956,1299,1399,-1,0,0,0,0,1432,0,-1,0
1433,-1,-1,1433,822,-1,957,1300,1400,498,0,0,0,0,1433,0,-1,0
1434,-1,-1,1434,823,978,958,1300,1401,498,0,0,0,0,1434,0,-1,0
1435,-1,-1,1435,824,979,959,1301,1402,-1,0,0,0,0,1435,0,-1,0
1436,-1,-1,1436,-1,-1,-1,1302,1403,-1,0,0,0,0,1436,0,-1,0
1437,-1,-1,1437,825,-1,-1,1303,1404,-1,0,0,0,0,1437,0,-1,0
1438,-1,-1,1438,-1,980,960,1304,1405,-1,0,0,0,0,1438,0,-1,0
1439,-1,-1,1439,-1,-1,-1,1305,1406,-1,0,0,0,0,1439,0,-1,0
1440,-1,-1,1440,825,981,961,1305,1407,498,0,0,0,0,1440,0,-1,0
1441,-1,-1,1441,-1,982,-1,1306,1408,498,0,0,0,0,1441,0,-1,0
1442,-1,-1,1442,-1,-1,-1,1307,1409,-1,0,0,0,0,1442,0,-1,0
1443,-1,-1,1443,-1,983,-1,1308,1410,499,0,0,0,0,1443,0,-1,0
1444,-1,-1,1444,825,984,962,1309,1411,500,0,0,0,0,1444,0,-1,0
1445,-1,-1,1445,825,985,962,1310,1412,-1,0,0,0,0,1445,0,-1,0
1446,-1,-1,1446,826,986,963,1311,1413,500,0,0,0,0,1446,0,-1,0
1447,-1,-1,1447,-1,987,964,1312,1414,500,0,0,0,0,1447,0,-1,0
1448,-1,-1,1448,-1,988,965,1313,1415,-1,0,0,0,0,1448,0,-1,0
1449,-1,-1,1449,826,989,966,1313,1416,500,0,0,0,0,1449,0,-1,0
1450,-1,-1,1450,-1,-1,-1,1314,1417,-1,0,0,0,0,1450,0,-1,0
1451,-1,-1,1451,827,989,967,1315,1418,-1,0,0,0,0,1451,0,-1,0
1452,-1,-1,1452,828,990,967,1316,1419,-1,0,0,0,0,1452,0,-1,0
1453,-1,-1,1453,829,991,968,1317,1420,501,0,0,0,0,1453,0,-1,0
1454,-1,-1,1454,-1,992,969,1318,1421,-1,0,0,0,0,1454,0,-1,0
1455,-1,-1,1455,830,-1,-1,1319,1422,502,0,0,0,0,1455,0,-1,0
1456,-1,-1,1456,831,993,970,1320,1423,502,0,0,0,0,1456,0,-1,0
1457,-1,-1,1457,-1,-1,-1,1321,1424,-1,0,0,0,0,1457,0,-1,0
1458,-1,-1,1458,832,993,971,1322,1425,503,0,0,0,0,1458,0,-1,0
1459,-1,-1,1459,833,994,972,1323,1426,-1,0,0,0,0,1459,0,-1,0
1460,-1,-1,1460,834,994,973,1324,1427,504,0,0,0,0,1460,0,-1,0
1461,-1,-1,1461,835,995,-1,1325,1428,505,0,0,0,0,1461,0,-1,0
1462,-1,-1,1462,836,996,974,1326,1429,506,0,0,0,0,1462,0,-1,0
1463,-1,-1,1463,837,997,975,1327,1430,507,0,0,0,0,1463,0,-1,0
1464,-1,-1,1464,838,998,-1,1328,1431,508,0,0,0,0,1464,0,-1,0
1465,-1,-1,1465,839,999,976,1329,1432,508,0,0,0,0,1465,0,-1,0
1466,-1,-1,1466,839,1000,977,1330,1433,509,0,0,0,0,1466,0,-1,0
1467,-1,-1,1467,840,1001,978,1331,1434,510,0,0,0,0,1467,0,-1,0
1468,-1,-1,1468,841,1002,979,1332,1435,510,0,0,0,0,1468,0,-1,0
1469,-1,-1,1469,842,1003,980,1333,1436,511,0,0,0,0,1469,0,-1,0
1470,-1,-1,1470,843,1004,981,1334,1437,512,0,0,0,0,1470,0,-1,0
1471,-1,-1,1471,844,1005,982,1335,1438,513,0,0,0,0,1471,0,-1,0
1472,-1,-1,1472,-1,1006,983,1336,1439,513,0,0,0,0,1472,0,-1,0
1473,-1,-1,1473,-1,1006,984,1336,1440,-1,0,0,0,0,1473,0,-1,0
1474,-1,-1,1474,-1,1007,984,1337,1441,-1,0,0,0,0,1474,0,-1,0
1475,-1,-1,1475,845,1008,985,1338,1442,514,0,0,0,0,1475,0,-1,0
1476,-1,-1,1476,845,1009,986,1339,1443,-1,0,0,0,0,1476,0,-1,0
1477,-1,-1,1477,-1,1010,987,1340,1444,-1,0,0,0,0,1477,0,-1,0
1478,-1,-1,1478,846,-1,-1,1341,1445,515,0,0,0,0,1478,0,-1,0
1479,-1,-1,1479,847,1011,988,1342,1446,515,0,0,0,0,1479,0,-1,0
1480,-1,-1,1480,848,1012,989,1343,1447,516,0,0,0,0,1480,0,-1,0
1481,-1,-1,1481,849,1012,990,1344,1448,517,0,0,0,0,1481,0,-1,0
1482,-1,-1,1482,-1,-1,-1,1345,1449,518,0,0,0,0,1482,0,-1,0
1483,-1,-1,1483,-1,-1,-1,1346,1450,519,0,0,0,0,1483,0,-1,0
1484,-1,-1,1484,850,1013,991,1347,1451,520,0,0,0,0,1484,0,-1,0
1485,-1,-1,1485,851,1014,991,1348,1452,-1,0,0,0,0,1485,0,-1,0
1486,-1,-1,1486,852,1015,992,1349,1453,521,0,0,0,0,1486,0,-1,0
1487,-1,-1,1487,-1,1016,993,1350,1454,521,0,0,0,0,1487,0,-1,0
1488,-1,-1,1488,853,1017,-1,1351,1455,-1,0,0,0,0,1488,0,-1,0
1489,-1,-1,1489,853,1018,-1,1352,1456,-1,0,0,0,0,1489,0,-1,0
1490,-1,-1,1490,854,1018,994,1353,1457,521,0,0,0,0,1490,0,-1,0
1491,-1,-1,1491,855,-1,-1,1354,1458,521,0,0,0,0,1491,0,-1,0
1492,-1,-1,1492,-1,-1,-1,1355,1459,-1,0,0,0,0,1492,0,-1,0
1493,-1,-1,1493,-1,1019,995,1356,1460,522,0,0,0,0,1493,0,-1,0
1494,-1,-1,1494,856,-1,996,1357,1461,523,0,0,0,0,1494,0,-1,0
1495,-1,-1,1495,857,1020,996,1357,1461,523,0,0,0,0,1495,0,-1,0
1496,-1,-1,1496,-1,1021,-1,1358,1462,523,0,0,0,0,1496,0,-1,0
1497,-1,-1,1497,858,1022,997,1359,1463,524,0,0,0,0,1497,0,-1,0
1498,-1,-1,1498,859,1023,997,1360,1464,525,0,0,0,0,1498,0,-1,0
1499,-1,-1,1499,-1,1024,998,1361,1465,525,0,0,0,0,1499,0,-1,0
1500,-1,-1,1500,860,1025,999,1362,1466,526,0,0,0,0,1500,0,-1,0
1501,-1,-1,1501,861,1026,-1,1363,1467,-1,0,0,0,0,1501,0,-1,0
1502,-1,-1,1502,-1,1027,1000,1364,1468,527,0,0,0,0,1502,0,-1,0
1503,-1,-1,1503,862,1028,-1,1365,1469,527,0,0,0,0,1503,0,-1,0
1504,-1,-1,1504,863,1029,1001,1366,1470,528,0,0,0,0,1504,0,-1,0
1505,-1,-1,1505,864,-1,-1,1367,1471,529,0,0,0,0,1505,0,-1,0
1506,-1,-1,1506,-1,1030,1002,1368,1472,529,0,0,0,0,1506,0,-1,0
1507,-1,-1,1507,-1,1030,1003,1369,1473,-1,0,0,0,0,1507,0,-1,0
1508,-1,-1,1508,865,1031,1004,1370,1474,530,0,0,0,0,1508,0,-1,0
1509,-1,-1,1509,865,1032,1005,-1,1475,-1,0,0,0,0,1509,0,-1,0
1510,-1,-1,1510,866,1033,1005,1371,1476,-1,0,0,0,0,1510,0,-1,0
1511,-1,-1,1511,867,1034,1005,1372,1477,-1,0,0,0,0,1511,0,-1,0
1512,-1,-1,1512,867,1035,1006,1373,1478,-1,0,0,0,0,1512,0,-1,0
1513,-1,-1,1513,-1,1036,1007,1374,1479,531,0,0,0,0,1513,0,-1,0
1514,-1,-1,1514,868,1036,1007,1375,1480,531,0,0,0,0,1514,0,-1,0
1515,-1,-1,1515,869,1037,1008,1376,1481,532,0,0,0,0,1515,0,-1,0
1516,-1,-1,1516,870,1038,-1,1377,1482,533,0,0,0,0,1516,0,-1,0
1517,-1,-1,1517,-1,1039,1009,1378,1483,533,0,0,0,0,1517,0,-1,0
1518,-1,-1,1518,-1,-1,-1,1379,1484,533,0,0,0,0,1518,0,-1,0
1519,-1,-1,1519,-1,-1,-1,1380,1485,533,0,0,0,0,1519,0,-1,0
1520,-1,-1,1520,-1,1039,1010,1381,1486,534,0,0,0,0,1520,0,-1,0
1521,-1,-1,1521,871,1040,-1,1382,1487,-1,0,0,0,0,1521,0,-1,0
1522,-1,-1,1522,872,1041,1011,1383,1488,535,0,0,0,0,1522,0,-1,0
1523,-1,-1,1523,-1,1041,1012,1384,1489,-1,0,0,0,0,1523,0,-1,0
1524,-1,-1,1524,873,1042,1013,1385,1490,536,0,0,0,0,1524,0,-1,0
1525,-1,-1,1525,873,1043,1013,1386,1491,537,0,0,0,0,1525,0,-1,0
1526,-1,-1,1526,874,1044,-1,1387,1492,537,0,0,0,0,1526,0,-1,0
1527,-1,-1,1527,-1,-1,-1,1388,1493,537,0,0,0,0,1527,0,-1,0
1528,-1,-1,1528,875,1045,1014,1389,1494,537,0,0,0,0,1528,0,-1,0
1529,-1,-1,1529,-1,1046,1015,1390,1495,538,0,0,0,0,1529,0,-1,0
1530,-1,-1,1530,-1,1047,1016,1391,1496,539,0,0,0,0,1530,0,-1,0
1531,-1,-1,1531,876,1048,1017,1392,1497,540,0,0,0,0,1531,0,-1,0
1532,-1,-1,1532,876,1048,1018,1393,1498,541,0,0,0,0,1532,0,-1,0
1533,-1,-1,1533,877,-1,-1,1394,1499,-1,0,0,0,0,1533,0,-1,0
1534,-1,-1,1534,878,1049,1019,1395,1500,542,0,0,0,0,1534,0,-1,0
1535,-1,-1,1535,879,1050,1020,1396,1501,-1,0,0,0,0,1535,0,-1,0
1536,-1,-1,1536,880,1051,1021,1397,1502,542,0,0,0,0,1536,0,-1,0
1537,-1,-1,1537,-1,1052,-1,1398,1503,542,0,0,0,0,1537,0,-1,0
1538,-1,-1,1538,880,1052,1022,-1,1504,543,0,0,0,0,1538,0,-1,0
1539,-1,-1,1539,-1,1053,-1,1399,1505,-1,0,0,0,0,1539,0,-1,0
1540,-1,-1,1540,881,1054,1023,1400,1506,-1,0,0,0,0,1540,0,-1,0
1541,-1,-1,1541,882,1055,-1,1401,1507,544,0,0,0,0,1541,0,-1,0
1542,-1,-1,1542,-1,-1,1024,1402,1508,545,0,0,0,0,1542,0,-1,0
1543,-1,-1,1543,883,1056,1025,1402,1509,545,0,0,0,0,1543,0,-1,0
1544,-1,-1,1544,884,-1,-1,1402,1510,-1,0,0,0,0,1544,0,-1,0
1545,-1,-1,1545,885,1057,1026,1403,1511,546,0,0,0,0,1545,0,-1,0
1546,-1,-1,1546,885,1058,1027,-1,1512,-1,0,0,0,0,1546,0,-1,0
1547,-1,-1,1547,-1,1059,1028,1404,1513,547,0,0,0,0,1547,0,-1,0
1548,-1,-1,1548,886,-1,-1,1405,1514,-1,0,0,0,0,1548,0,-1,0
1549,-1,-1,1549,887,1060,1028,1406,1515,548,0,0,0,0,1549,0,-1,0
1550,-1,-1,1550,888,1061,-1,1407,1516,-1,0,0,0,0,1550,0,-1,0
1551,-1,-1,1551,-1,-1,-1,1408,1517,-1,0,0,0,0,1551,0,-1,0
1552,-1,-1,1552,889,1062,1028,1409,1518,-1,0,0,0,0,1552,0,-1,0
1553,-1,-1,1553,889,-1,-1,1410,1519,549,0,0,0,0,1553,0,-1,0
1554,-1,-1,1554,-1,1062,1029,1411,1520,-1,0,0,0,0,1554,0,-1,0
1555,-1,-1,1555,890,1063,1030,1412,1521,-1,0,0,0,0,1555,0,-1,0
1556,-1,-1,1556,891,1064,1031,1413,1522,549,0,0,0,0,1556,0,-1,0
1557,-1,-1,1557,892,1065,1032,1414,1523,-1,0,0,0,0,1557,0,-1,0
1558,-1,-1,1558,893,1066,1033,1415,1524,549,0,0,0,0,1558,0,-1,0
1559,-1,-1,1559,894,1067,1034,1416,1525,550,0,0,0,0,1559,0,-1,0
1560,-1,-1,1560,-1,1068,1035,1417,1526,551,0,0,0,0,1560,0,-1,0
1561,-1,-1,1561,895,-1,-1,1418,1527,552,0,0,0,0,1561,0,-1,0
1562,-1,-1,1562,896,1069,1036,1419,1528,553,0,0,0,0,1562,0,-1,0
1563,-1,-1,1563,-1,-1,1037,1420,1529,-1,0,0,0,0,1563,0,-1,0
1564,-1,-1,1564,897,1070,1038,1421,1530,553,0,0,0,0,1564,0,-1,0
1565,-1,-1,1565,898,1071,1039,1422,1531,-1,0,0,0,0,1565,0,-1,0
1566,-1,-1,1566,899,1071,1040,1423,1532,553,0,0,0,0,1566,0,-1,0
1567,-1,-1,1567,900,1072,1041,1424,1533,553,0,0,0,0,1567,0,-1,0
1568,-1,-1,1568,901,1073,1041,1425,1534,554,0,0,0,0,1568,0,-1,0
1569,-1,-1,1569,902,1073,1042,1426,1535,-1,0,0,0,0,1569,0,-1,0
1570,-1,-1,1570,903,1074,1043,1427,1536,555,0,0,0,0,1570,0,-1,0
1571,-1,-1,1571,-1,1075,1044,1428,1537,555,0,0,0,0,1571,0,-1,0
1572,-1,-1,1572,-1,1076,-1,1429,1538,555,0,0,0,0,1572,0,-1,0
1573,-1,-1,1573,904,1077,1045,1430,1539,556,0,0,0,0,1573,0,-1,0
1574,-1,-1,1574,-1,1078,1046,1431,1540,-1,0,0,0,0,1574,0,-1,0
1575,-1,-1,1575,905,1079,1047,1432,1541,557,0,0,0,0,1575,0,-1,0
1576,-1,-1,1576,906,1080,1048,1433,1542,-1,0,0,0,0,1576,0,-1,0
1577,-1,-1,1577,907,1081,1048,1434,1543,557,0,0,0,0,1577,0,-1,0
1578,-1,-1,1578,908,1082,1049,1435,1544,557,0,0,0,0,1578,0,-1,0
1579,-1,-1,1579,909,1083,1050,1436,1545,558,0,0,0,0,1579,0,-1,0
1580,-1,-1,1580,-1,1084,1051,1437,1546,-1,0,0,0,0,1580,0,-1,0
1581,-1,-1,1581,910,1085,-1,1438,1547,559,0,0,0,0,1581,0,-1,0
1582,-1,-1,1582,-1,1086,1052,1439,1548,-1,0,0,0,0,1582,0,-1,0
1583,-1,-1,1583,-1,1087,-1,1440,1549,559,0,0,0,0,1583,0,-1,0
1584,-1,-1,1584,911,1088,1053,1441,1550,-1,0,0,0,0,1584,0,-1,0
1585,-1,-1,1585,912,1088,1054,1442,1551,560,0,0,0,0,1585,0,-1,0
1586,-1,-1,1586,913,1089,1055,1443,1552,-1,0,0,0,0,1586,0,-1,0
1587,-1,-1,1587,-1,1090,1056,1444,1553,561,0,0,0,0,1587,0,-1,0
1588,-1,-1,1588,914,1091,1057,1445,1554,561,0,0,0,0,1588,0,-1,0
1589,-1,-1,1589,-1,-1,-1,1446,1555,-1,0,0,0,0,1589,0,-1,0
1590,-1,-1,1590,915,1092,1058,1447,1556,561,0,0,0,0,1590,0,-1,0
1591,-1,-1,1591,-1,1092,1059,1447,1556,561,0,0,0,0,1591,0,-1,0
1592,-1,-1,1592,-1,1092,1060,1448,1557,561,0,0,0,0,1592,0,-1,0
1593,-1,-1,1593,-1,-1,-1,1448,1558,562,0,0,0,0,1593,0,-1,0
1594,-1,-1,1594,-1,1093,1061,1449,1559,-1,0,0,0,0,1594,0,-1,0
1595,-1,-1,1595,916,1094,1062,1450,1560,563,0,0,0,0,1595,0,-1,0
1596,-1,-1,1596,-1,-1,-1,1451,1561,564,0,0,0,0,1596,0,-1,0
1597,-1,-1,1597,917,1095,1063,1452,1562,564,0,0,0,0,1597,0,-1,0
1598,-1,-1,1598,917,1096,1064,1453,1563,-1,0,0,0,0,1598,0,-1,0
1599,-1,-1,1599,918,1097,1065,1454,1564,565,0,0,0,0,1599,0,-1,0
1600,-1,-1,1600,919,1098,1066,1454,1565,566,0,0,0,0,1600,0,-1,0
1601,-1,-1,1601,-1,1099,-1,1455,1566,566,0,0,0,0,1601,0,-1,0
1602,-1,-1,1602,920,1100,-1,1456,1567,567,0,0,0,0,1602,0,-1,0
1603,-1,-1,1603,921,1101,1067,1457,1568,-1,0,0,0,0,1603,0,-1,0
1604,-1,-1,1604,922,1102,1068,1458,1569,568,0,0,0,0,1604,0,-1,0
1605,-1,-1,1605,922,1103,1069,1459,1570,569,0,0,0,0,1605,0,-1,0
1606,-1,-1,1606,923,1104,1069,1460,1571,569,0,0,0,0,1606,0,-1,0
1607,-1,-1,1607,924,1105,-1,1460,1572,569,0,0,0,0,1607,0,-1,0
1608,-1,-1,1608,925,1106,1070,1461,1573,570,0,0,0,0,1608,0,-1,0
1609,-1,-1,1609,926,1106,1071,1462,1574,-1,0,0,0,0,1609,0,-1,0
1610,-1,-1,1610,-1,-1,1072,1463,1575,571,0,0,0,0,1610,0,-1,0
1611,-1,-1,1611,927,1107,1073,1464,1576,-1,0,0,0,0,1611,0,-1,0
1612,-1,-1,1612,928,1108,1074,1465,1577,-1,0,0,0,0,1612,0,-1,0
1613,-1,-1,1613,929,1109,1075,1466,1578,571,0,0,0,0,1613,0,-1,0
1614,-1,-1,1614,-1,1110,-1,1467,1579,-1,0,0,0,0,1614,0,-1,0
1615,-1,-1,1615,930,1110,1076,1468,1580,571,0,0,0,0,1615,0,-1,0
1616,-1,-1,1616,931,1110,1077,1469,1581,572,0,0,0,0,1616,0,-1,0
1617,-1,-1,1617,932,1111,1078,1470,1582,-1,0,0,0,0,1617,0,-1,0
1618,-1,-1,1618,933,1112,1078,1470,1582,-1,0,0,0,0,1618,0,-1,0
1619,-1,-1,1619,934,1113,1078,1471,1583,573,0,0,0,0,1619,0,-1,0
1620,-1,-1,1620,-1,1114,1079,1471,1584,-1,0,0,0,0,1620,0,-1,0
1621,-1,-1,1621,935,1114,1080,1471,1585,573,0,0,0,0,1621,0,-1,0
1622,-1,-1,1622,936,1115,1081,1472,1586,-1,0,0,0,0,1622,0,-1,0
1623,-1,-1,1623,937,1116,1082,1473,1587,-1,0,0,0,0,1623,0,-1,0
1624,-1,-1,1624,-1,1117,1083,1474,1588,-1,0,0,0,0,1624,0,-1,0
1625,-1,-1,1625,-1,1118,1084,1475,1589,574,0,0,0,0,1625,0,-1,0
1626,-1,-1,1626,-1,1119,-1,1476,1590,575,0,0,0,0,1626,0,-1,0
1627,-1,-1,1627,938,1120,1084,1477,1591,576,0,0,0,0,1627,0,-1,0
1628,-1,-1,1628,-1,-1,-1,1478,1592,-1,0,0,0,0,1628,0,-1,0
1629,-1,-1,1629,938,1121,1085,1478,1593,576,0,0,0,0,1629,0,-1,0
1630,-1,-1,1630,939,1122,1085,1479,1594,576,0,0,0,0,1630,0,-1,0
1631,-1,-1,1631,-1,1123,-1,1480,1595,576,0,0,0,0,1631,0,-1,0
1632,-1,-1,1632,940,1124,-1,1481,1596,577,0,0,0,0,1632,0,-1,0
1633,-1,-1,1633,941,1125,1086,1482,1597,578,0,0,0,0,1633,0,-1,0
1634,-1,-1,1634,942,1126,1087,1483,1598,579,0,0,0,0,1634,0,-1,0
1635,-1,-1,1635,943,1126,1088,1484,1599,-1,0,0,0,0,1635,0,-1,0
1636,-1,-1,1636,-1,1127,-1,1485,1600,-1,0,0,0,0,1636,0,-1,0
1637,-1,-1,1637,944,1128,1089,1486,1601,580,0,0,0,0,1637,0,-1,0
1638,-1,-1,1638,945,1129,1090,1487,1602,-1,0,0,0,0,1638,0,-1,0
1639,-1,-1,1639,-1,1130,1091,1488,1603,-1,0,0,0,0,1639,0,-1,0
1640,-1,-1,1640,946,1131,1092,1489,1604,-1,0,0,0,0,1640,0,-1,0
1641,-1,-1,1641,-1,1132,1093,1489,1604,-1,0,0,0,0,1641,0,-1,0
1642,-1,-1,1642,947,1132,1094,1490,1605,-1,0,0,0,0,1642,0,-1,0
1643,-1,-1,1643,948,1132,1095,1491,1606,581,0,0,0,0,1643,0,-1,0
1644,-1,-1,1644,-1,1133,1096,1492,1607,581,0,0,0,0,1644,0,-1,0
1645,-1,-1,1645,-1,1134,-1,1493,1608,-1,0,0,0,0,1645,0,-1,0
1646,-1,-1,1646,949,1135,1097,1494,1609,-1,0,0,0,0,1646,0,-1,0
1647,-1,-1,1647,-1,-1,-1,1495,1610,581,0,0,0,0,1647,0,-1,0
1648,-1,-1,1648,950,-1,-1,1496,1611,-1,0,0,0,0,1648,0,-1,0
1649,-1,-1,1649,951,1136,1098,1497,1612,582,0,0,0,0,1649,0,-1,0
1650,-1,-1,1650,-1,1137,-1,1498,1613,-1,0,0,0,0,1650,0,-1,0
1651,-1,-1,1651,952,1138,1099,1498,1613,-1,0,0,0,0,1651,0,-1,0
1652,-1,-1,1652,953,1139,1100,1498,1614,583,0,0,0,0,1652,0,-1,0
1653,-1,-1,1653,954,1140,1100,1499,1615,-1,0,0,0,0,1653,0,-1,0
1654,-1,-1,1654,955,-1,-1,1500,1616,584,0,0,0,0,1654,0,-1,0
1655,-1,-1,1655,956,1141,-1,1501,1617,-1,0,0,0,0,1655,0,-1,0
1656,-1,-1,1656,-1,1142,-1,1502,1618,585,0,0,0,0,1656,0,-1,0
1657,-1,-1,1657,957,1143,-1,1503,1619,585,0,0,0,0,1657,0,-1,0
1658,-1,-1,1658,958,1144,1101,1504,1620,585,0,0,0,0,1658,0,-1,0
1659,-1,-1,1659,-1,-1,-1,1505,1621,-1,0,0,0,0,1659,0,-1,0
1660,-1,-1,1660,959,1145,1102,1506,1622,-1,0,0,0,0,1660,0,-1,0
1661,-1,-1,1661,960,1146,1102,1507,1623,585,0,0,0,0,1661,0,-1,0
1662,-1,-1,1662,961,1147,1103,1508,1624,586,0,0,0,0,1662,0,-1,0
1663,-1,-1,1663,961,1148,1104,1509,1625,587,0,0,0,0,1663,0,-1,0
1664,-1,-1,1664,-1,1149,-1,1510,1626,587,0,0,0,0,1664,0,-1,0
1665,-1,-1,1665,962,1150,1105,1511,1627,588,0,0,0,0,1665,0,-1,0
1666,-1,-1,1666,-1,1151,1106,1512,1628,589,0,0,0,0,1666,0,-1,0
1667,-1,-1,1667,963,1152,1107,1513,1629,590,0,0,0,0,1667,0,-1,0
1668,-1,-1,1668,963,1153,1108,1514,1630,590,0,0,0,0,1668,0,-1,0
1669,-1,-1,1669,-1,1154,-1,1515,1631,590,0,0,0,0,1669,0,-1,0
1670,-1,-1,1670,-1,1155,1109,1516,1632,-1,0,0,0,0,1670,0,-1,0
1671,-1,-1,1671,964,1156,1109,1517,1633,590,0,0,0,0,1671,0,-1,0
1672,-1,-1,1672,-1,-1,-1,1518,1634,590,0,0,0,0,1672,0,-1,0
1673,-1,-1,1673,-1,1156,1109,1519,1635,-1,0,0,0,0,1673,0,-1,0
1674,-1,-1,1674,965,1157,1110,1520,1636,591,0,0,0,0,1674,0,-1,0
1675,-1,-1,1675,966,1157,1111,1521,1637,592,0,0,0,0,1675,0,-1,0
1676,-1,-1,1676,-1,-1,1112,1522,1638,593,0,0,0,0,1676,0,-1,0
1677,-1,-1,1677,967,-1,-1,1522,1638,593,0,0,0,0,1677,0,-1,0
1678,-1,-1,1678,-1,1158,1113,1523,1639,593,0,0,0,0,1678,0,-1,0
1679,-1,-1,1679,968,1159,1114,1524,1640,593,0,0,0,0,1679,0,-1,0
1680,-1,-1,1680,969,1160,1115,1525,1641,593,0,0,0,0,1680,0,-1,0
1681,-1,-1,1681,-1,1161,1116,1526,1642,-1,0,0,0,0,1681,0,-1,0
1682,-1,-1,1682,-1,-1,-1,1527,1643,594,0,0,0,0,1682,0,-1,0
1683,-1,-1,1683,970,1162,1116,1528,1644,595,0,0,0,0,1683,0,-1,0
1684,-1,-1,1684,-1,1163,1117,1529,1645,-1,0,0,0,0,1684,0,-1,0
1685,-1,-1,1685,971,1164,1118,1530,1646,596,0,0,0,0,1685,0,-1,0
1686,-1,-1,1686,-1,-1,-1,1531,1647,597,0,0,0,0,1686,0,-1,0
1687,-1,-1,1687,972,1165,1119,1532,1648,597,0,0,0,0,1687,0,-1,0
1688,-1,-1,1688,972,1166,1119,1533,1649,597,0,0,0,0,1688,0,-1,0
1689,-1,-1,1689,973,1167,1120,1534,1650,598,0,0,0,0,1689,0,-1,0
1690,-1,-1,1690,973,1168,1121,1535,1651,599,0,0,0,0,1690,0,-1,0
1691,-1,-1,1691,973,1168,1122,1535,1652,600,0,0,0,0,1691,0,-1,0
1692,-1,-1,1692,974,1168,1123,1536,1653,601,0,0,0,0,1692,0,-1,0
1693,-1,-1,1693,974,1169,1124,1537,1654,-1,0,0,0,0,1693,0,-1,0
1694,-1,-1,1694,975,1170,1125,1538,1655,601,0,0,0,0,1694,0,-1,0
1695,-1,-1,1695,976,1171,1126,1539,1656,601,0,0,0,0,1695,0,-1,0
1696,-1,-1,1696,977,1172,1127,1540,1657,-1,0,0,0,0,1696,0,-1,0
1697,-1,-1,1697,977,1172,1128,1541,1658,601,0,0,0,0,1697,0,-1,0
1698,-1,-1,1698,-1,-1,-1,-1,1659,-1,0,0,0,0,1698,0,-1,0
1699,-1,-1,1699,978,-1,-1,1542,1660,602,0,0,0,0,1699,0,-1,0
1700,-1,-1,1700,979,1173,1129,1543,1661,-1,0,0,0,0,1700,0,-1,0
1701,-1,-1,1701,980,1173,1130,1544,1662,603,0,0,0,0,1701,0,-1,0
1702,-1,-1,1702,981,1174,1131,1545,1663,-1,0,0,0,0,1702,0,-1,0
1703,-1,-1,1703,981,1175,1132,1546,1664,604,0,0,0,0,1703,0,-1,0
1704,-1,-1,1704,-1,-1,-1,-1,1665,-1,0,0,0,0,1704,0,-1,0
1705,-1,-1,1705,982,1176,1133,1547,1666,-1,0,0,0,0,1705,0,-1,0
1706,-1,-1,1706,983,1177,1134,1548,1667,605,0,0,0,0,1706,0,-1,0
1707,-1,-1,1707,984,1178,1135,1549,1668,605,0,0,0,0,1707,0,-1,0
1708,-1,-1,1708,985,1179,1136,1550,1669,605,0,0,0,0,1708,0,-1,0
1709,-1,-1,1709,986,-1,1137,1551,1670,605,0,0,0,0,1709,0,-1,0
1710,-1,-1,1710,986,1179,1138,1552,1671,605,0,0,0,0,1710,0,-1,0
1711,-1,-1,1711,987,1180,1139,1553,1672,605,0,0,0,0,1711,0,-1,0
1712,-1,-1,1712,-1,1181,1140,1554,1673,-1,0,0,0,0,1712,0,-1,0
1713,-1,-1,1713,988,1182,1141,1555,1674,-1,0,0,0,0,1713,0,-1,0
1714,-1,-1,1714,989,-1,-1,1556,1675,605,0,0,0,0,1714,0,-1,0
1715,-1,-1,1715,-1,-1,-1,1557,1676,605,0,0,0,0,1715,0,-1,0
1716,-1,-1,1716,990,1183,1142,1558,1677,605,0,0,0,0,1716,0,-1,0
1717,-1,-1,1717,990,1183,1143,1559,1678,606,0,0,0,0,1717,0,-1,0
1718,-1,-1,1718,-1,1184,1144,1560,1679,-1,0,0,0,0,1718,0,-1,0
1719,-1,-1,1719,991,1185,1145,1561,1680,-1,0,0,0,0,1719,0,-1,0
1720,-1,-1,1720,992,1186,-1,1562,1681,607,0,0,0,0,1720,0,-1,0
1721,-1,-1,1721,993,1187,-1,1563,1682,607,0,0,0,0,1721,0,-1,0
1722,-1,-1,1722,994,1188,1146,1564,1683,608,0,0,0,0,1722,0,-1,0
1723,-1,-1,1723,-1,1189,1146,1565,1684,609,0,0,0,0,1723,0,-1,0
1724,-1,-1,1724,994,1190,1147,1566,1685,610,0,0,0,0,1724,0,-1,0
1725,-1,-1,1725,995,-1,-1,1567,1686,-1,0,0,0,0,1725,0,-1,0
1726,-1,-1,1726,-1,1191,-1,1568,1687,-1,0,0,0,0,1726,0,-1,0
1727,-1,-1,1727,996,1192,1148,1569,1688,610,0,0,0,0,1727,0,-1,0
1728,-1,-1,1728,997,1193,1149,1570,1689,610,0,0,0,0,1728,0,-1,0
1729,-1,-1,1729,998,1194,1150,1571,1690,611,0,0,0,0,1729,0,-1,0
1730,-1,-1,1730,-1,1195,1151,1572,1691,612,0,0,0,0,1730,0,-1,0
1731,-1,-1,1731,999,1196,1152,1573,1692,612,0,0,0,0,1731,0,-1,0
1732,-1,-1,1732,-1,1197,1153,1574,1693,613,0,0,0,0,1732,0,-1,0
1733,-1,-1,1733,-1,1198,1154,1575,1694,614,0,0,0,0,1733,0,-1,0
1734,-1,-1,1734,-1,1199,1155,1576,1695,614,0,0,0,0,1734,0,-1,0
1735,-1,-1,1735,999,1199,1156,1577,1696,614,0,0,0,0,1735,0,-1,0
1736,-1,-1,1736,1000,1200,1157,1578,1697,615,0,0,0,0,1736,0,-1,0
1737,-1,-1,1737,1001,1200,1158,1579,1698,616,0,0,0,0,1737,0,-1,0
1738,-1,-1,1738,1001,1201,1159,1580,1699,616,0,0,0,0,1738,0,-1,0
1739,-1,-1,1739,1002,1202,1160,1581,1700,617,0,0,0,0,1739,0,-1,0
1740,-1,-1,1740,1003,1203,1161,1582,1701,-1,0,0,0,0,1740,0,-1,0
1741,-1,-1,1741,1004,1204,-1,1583,1702,618,0,0,0,0,1741,0,-1,0
1742,-1,-1,1742,-1,1205,1162,1584,1703,619,0,0,0,0,1742,0,-1,0
1743,-1,-1,1743,1005,1206,1163,1585,1704,619,0,0,0,0,1743,0,-1,0
1744,-1,-1,1744,1006,1207,1163,1586,1705,620,0,0,0,0,1744,0,-1,0
1745,-1,-1,1745,1007,1208,1163,1587,1706,-1,0,0,0,0,1745,0,-1,0
1746,-1,-1,1746,1008,-1,-1,1588,1707,621,0,0,0,0,1746,0,-1,0
1747,-1,-1,1747,1009,1209,-1,1589,1708,622,0,0,0,0,1747,0,-1,0
1748,-1,-1,1748,1010,1210,1164,1590,1709,622,0,0,0,0,1748,0,-1,0
1749,-1,-1,1749,1011,-1,-1,1591,1710,623,0,0,0,0,1749,0,-1,0
1750,-1,-1,1750,1012,1211,1165,1592,1711,624,0,0,0,0,1750,0,-1,0
1751,-1,-1,1751,1013,1212,1166,1593,1712,-1,0,0,0,0,1751,0,-1,0
1752,-1,-1,1752,-1,-1,-1,-1,1713,-1,0,0,0,0,1752,0,-1,0
1753,-1,-1,1753,-1,1213,1167,1594,1714,625,0,0,0,0,1753,0,-1,0
1754,-1,-1,1754,1014,1214,1168,1595,1715,626,0,0,0,0,1754,0,-1,0
1755,-1,-1,1755,-1,1215,1169,1596,1716,-1,0,0,0,0,1755,0,-1,0
1756,-1,-1,1756,1015,1216,1170,1597,1717,627,0,0,0,0,1756,0,-1,0
1757,-1,-1,1757,1016,1217,1171,1598,1718,628,0,0,0,0,1757,0,-1,0
1758,-1,-1,1758,1017,1218,1172,1599,1719,629,0,0,0,0,1758,0,-1,0
1759,-1,-1,1759,-1,1219,-1,1600,1720,-1,0,0,0,0,1759,0,-1,0
1760,-1,-1,1760,1018,1220,1173,1601,1721,630,0,0,0,0,1760,0,-1,0
1761,-1,-1,1761,-1,1221,-1,1602,1722,631,0,0,0,0,1761,0,-1,0
1762,-1,-1,1762,1018,1222,1174,1602,1723,-1,0,0,0,0,1762,0,-1,0
1763,-1,-1,1763,-1,-1,1175,1602,1723,-1,0,0,0,0,1763,0,-1,0
1764,-1,-1,1764,1019,1223,1176,1603,1724,-1,0,0,0,0,1764,0,-1,0
1765,-1,-1,1765,-1,1224,-1,1604,1725,632,0,0,0,0,1765,0,-1,0
1766,-1,-1,1766,1020,1225,1177,1605,1726,633,0,0,0,0,1766,0,-1,0
1767,-1,-1,1767,1021,1226,1178,1605,1727,634,0,0,0,0,1767,0,-1,0
1768,-1,-1,1768,1022,1226,1179,1606,1728,635,0,0,0,0,1768,0,-1,0
1769,-1,-1,1769,1023,1227,1180,1607,1729,635,0,0,0,0,1769,0,-1,0
1770,-1,-1,1770,-1,-1,-1,1608,1730,-1,0,0,0,0,1770,0,-1,0
1771,-1,-1,1771,1024,1227,-1,1609,1731,-1,0,0,0,0,1771,0,-1,0
1772,-1,-1,1772,1025,-1,-1,1610,1732,-1,0,0,0,0,1772,0,-1,0
1773,-1,-1,1773,-1,1228,-1,1611,1733,-1,0,0,0,0,1773,0,-1,0
1774,-1,-1,1774,1026,-1,-1,1612,1734,635,0,0,0,0,1774,0,-1,0
1775,-1,-1,1775,1027,1229,1180,1613,1735,-1,0,0,0,0,1775,0,-1,0
1776,-1,-1,1776,1028,1230,1181,1614,1736,636,0,0,0,0,1776,0,-1,0
1777,-1,-1,1777,-1,1231,1182,1615,1737,637,0,0,0,0,1777,0,-1,0
1778,-1,-1,1778,1029,1232,1183,1616,1738,637,0,0,0,0,1778,0,-1,0
1779,-1,-1,1779,-1,1233,1184,1617,1739,637,0,0,0,0,1779,0,-1,0
1780,-1,-1,1780,-1,1234,1184,1618,1740,638,0,0,0,0,1780,0,-1,0
1781,-1,-1,1781,-1,-1,-1,1619,1741,-1,0,0,0,0,1781,0,-1,0
1782,-1,-1,1782,-1,1235,1185,1620,1742,639,0,0,0,0,1782,0,-1,0
1783,-1,-1,1783,1030,1236,-1,1621,1743,639,0,0,0,0,1783,0,-1,0
1784,-1,-1,1784,1031,1237,1186,1622,1744,639,0,0,0,0,1784,0,-1,0
1785,-1,-1,1785,-1,1238,-1,1623,1745,639,0,0,0,0,1785,0,-1,0
1786,-1,-1,1786,-1,-1,1187,1624,1746,-1,0,0,0,0,1786,0,-1,0
1787,-1,-1,1787,1032,1238,1188,1625,1747,-1,0,0,0,0,1787,0,-1,0
1788,-1,-1,1788,1033,1239,1189,1626,1748,639,0,0,0,0,1788,0,-1,0
1789,-1,-1,1789,-1,1240,1190,1627,1749,-1,0,0,0,0,1789,0,-1,0
1790,-1,-1,1790,1034,1241,1191,1628,1750,639,0,0,0,0,1790,0,-1,0
1791,-1,-1,1791,1034,-1,-1,1629,1751,-1,0,0,0,0,1791,0,-1,0
1792,-1,-1,1792,-1,-1,-1,1630,1752,639,0,0,0,0,1792,0,-1,0
1793,-1,13,1793,-1,-1,-1,1631,1753,-1,0,0,0,0,1793,0,-1,0
1794,-1,-1,1794,-1,1241,-1,1632,1754,-1,0,0,0,0,1794,0,-1,0
1795,-1,-1,1795,1035,1242,1192,1633,1755,639,0,0,0,0,1795,0,-1,0
1796,-1,-1,1796,1036,1243,-1,1634,1756,-1,0,0,0,0,1796,0,-1,0
1797,-1,-1,1797,1037,1244,1193,1635,1757,-1,0,0,0,0,1797,0,-1,0
1798,-1,-1,1798,1038,1245,1194,1636,1758,639,0,0,0,0,1798,0,-1,0
1799,-1,-1,1799,1039,1246,1194,1637,1759,-1,0,0,0,0,1799,0,-1,0
1800,-1,-1,1800,1040,1246,1195,1637,1759,-1,0,0,0,0,1800,0,-1,0
1801,-1,-1,1801,-1,1246,-1,1638,1760,-1,0,0,0,0,1801,0,-1,0
1802,-1,-1,1802,-1,-1,-1,1639,1761,640,0,0,0,0,1802,0,-1,0
1803,-1,-1,1803,1041,1246,1196,1640,1762,641,0,0,0,0,1803,0,-1,0
1804,-1,-1,1804,-1,1247,1197,1641,1763,642,0,0,0,0,1804,0,-1,0
1805,-1,-1,1805,1042,1248,1198,1642,1764,642,0,0,0,0,1805,0,-1,0
1806,-1,-1,1806,1042,1249,1199,1643,1765,642,0,0,0,0,1806,0,-1,0
1807,-1,-1,1807,1043,1250,1200,1644,1766,-1,0,0,0,0,1807,0,-1,0
1808,-1,-1,1808,-1,1251,1201,1645,1767,-1,0,0,0,0,1808,0,-1,0
1809,-1,-1,1809,-1,1252,1202,1646,1768,643,0,0,0,0,1809,0,-1,0
1810,-1,-1,1810,-1,1253,1203,1647,1769,644,0,0,0,0,1810,0,-1,0
1811,-1,-1,1811,1044,1254,1204,1648,1770,645,0,0,0,0,1811,0,-1,0
1812,-1,-1,1812,-1,1255,-1,1649,1771,646,0,0,0,0,1812,0,-1,0
1813,-1,-1,1813,1045,1256,1205,1650,1772,646,0,0,0,0,1813,0,-1,0
1814,-1,-1,1814,1046,-1,1206,1651,1773,647,0,0,0,0,1814,0,-1,0
1815,-1,-1,1815,-1,1257,-1,1652,1774,648,0,0,0,0,1815,0,-1,0
1816,-1,-1,1816,1047,1257,-1,1653,1775,-1,0,0,0,0,1816,0,-1,0
1817,-1,-1,1817,1048,1257,-1,1654,1776,649,0,0,0,0,1817,0,-1,0
1818,-1,-1,1818,1049,1257,1207,1655,1777,-1,0,0,0,0,1818,0,-1,0
1819,-1,-1,1819,1050,1258,1208,1656,1778,650,0,0,0,0,1819,0,-1,0
1820,-1,-1,1820,1051,1259,1209,1657,1779,650,0,0,0,0,1820,0,-1,0
1821,-1,-1,1821,-1,1259,-1,1658,1780,650,0,0,0,0,1821,0,-1,0
1822,-1,-1,1822,1052,1260,-1,1659,1781,-1,0,0,0,0,1822,0,-1,0
1823,-1,-1,1823,1053,1261,1210,1659,1781,-1,0,0,0,0,1823,0,-1,0
1824,-1,-1,1824,1054,1262,1211,1660,1782,651,0,0,0,0,1824,0,-1,0
1825,-1,-1,1825,1055,1263,1212,1661,1783,652,0,0,0,0,1825,0,-1,0
1826,-1,-1,1826,1056,1264,1213,1661,1783,652,0,0,0,0,1826,0,-1,0
1827,-1,-1,1827,1057,1265,1214,1662,1784,653,0,0,0,0,1827,0,-1,0
1828,-1,-1,1828,1058,-1,1215,1662,1785,-1,0,0,0,0,1828,0,-1,0
1829,-1,-1,1829,-1,-1,-1,1663,1786,654,0,0,0,0,1829,0,-1,0
1830,-1,-1,1830,1059,1265,1216,1664,1787,654,0,0,0,0,1830,0,-1,0
1831,-1,-1,1831,1059,1266,1217,1665,1788,-1,0,0,0,0,1831,0,-1,0
1832,-1,-1,1832,1060,1267,1218,1666,1789,654,0,0,0,0,1832,0,-1,0
1833,-1,-1,1833,1061,1268,1219,1667,1790,654,0,0,0,0,1833,0,-1,0
1834,-1,-1,1834,1062,1268,-1,1668,1791,-1,0,0,0,0,1834,0,-1,0
1835,-1,-1,1835,1063,1269,1220,1669,1792,-1,0,0,0,0,1835,0,-1,0
1836,-1,-1,1836,1064,1270,1221,1670,1793,-1,0,0,0,0,1836,0,-1,0
1837,-1,-1,1837,-1,1271,-1,1671,1794,-1,0,0,0,0,1837,0,-1,0
1838,-1,-1,1838,1065,1272,1222,1672,1795,654,0,0,0,0,1838,0,-1,0
1839,-1,-1,1839,1066,1273,1223,1673,1796,654,0,0,0,0,1839,0,-1,0
1840,-1,-1,1840,1067,1274,1224,1674,1797,654,0,0,0,0,1840,0,-1,0
1841,-1,-1,1841,1068,1275,1225,1675,1798,655,0,0,0,0,1841,0,-1,0
1842,-1,-1,1842,1069,1276,1226,1676,1799,656,0,0,0,0,1842,0,-1,0
1843,-1,-1,1843,1070,1277,-1,1677,1800,656,0,0,0,0,1843,0,-1,0
1844,-1,-1,1844,-1,-1,-1,1678,1801,-1,0,0,0,0,1844,0,-1,0
1845,-1,-1,1845,-1,1278,1227,1678,1802,656,0,0,0,0,1845,0,-1,0
1846,-1,-1,1846,1070,1279,1228,1679,1803,656,0,0,0,0,1846,0,-1,0
1847,-1,-1,1847,1070,-1,1229,1680,1804,-1,0,0,0,0,1847,0,-1,0
1848,-1,-1,1848,1071,1280,-1,1681,1805,-1,0,0,0,0,1848,0,-1,0
1849,-1,-1,1849,1072,1281,1230,1682,1806,-1,0,0,0,0,1849,0,-1,0
1850,-1,-1,1850,1073,1282,1231,1683,1807,657,0,0,0,0,1850,0,-1,0
1851,-1,-1,1851,-1,-1,-1,1684,1808,-1,0,0,0,0,1851,0,-1,0
1852,-1,-1,1852,-1,1283,1232,1685,1809,658,0,0,0,0,1852,0,-1,0
1853,-1,-1,1853,-1,1284,1233,1686,1810,-1,0,0,0,0,1853,0,-1,0
1854,-1,-1,1854,1074,1285,1234,1687,1811,659,0,0,0,0,1854,0,-1,0
1855,-1,-1,1855,1075,1286,1235,1688,1812,-1,0,0,0,0,1855,0,-1,0
1856,-1,-1,1856,1076,1287,1236,1689,1813,660,0,0,0,0,1856,0,-1,0
1857,-1,-1,1857,1077,1288,1237,1690,1814,-1,0,0,0,0,1857,0,-1,0
1858,-1,-1,1858,1078,1289,1237,1691,1815,660,0,0,0,0,1858,0,-1,0
1859,-1,-1,1859,1078,1290,-1,1692,1816,661,0,0,0,0,1859,0,-1,0
1860,-1,-1,1860,-1,1290,1238,1693,1817,-1,0,0,0,0,1860,0,-1,0
1861,-1,-1,1861,1079,1291,1239,1694,1818,-1,0,0,0,0,1861,0,-1,0
1862,-1,-1,1862,1080,1292,1240,1695,1819,662,0,0,0,0,1862,0,-1,0
1863,-1,-1,1863,-1,1293,1241,1696,1820,663,0,0,0,0,1863,0,-1,0
1864,-1,-1,1864,1081,1294,1242,1697,1821,-1,0,0,0,0,1864,0,-1,0
1865,-1,-1,1865,1082,1295,1243,1698,1822,663,0,0,0,0,1865,0,-1,0
1866,-1,-1,1866,-1,-1,-1,1699,1823,663,0,0,0,0,1866,0,-1,0
1867,-1,-1,1867,1083,1296,1244,1700,1824,664,0,0,0,0,1867,0,-1,0
1868,-1,-1,1868,1084,1297,1245,1701,1825,665,0,0,0,0,1868,0,-1,0
1869,-1,-1,1869,1084,1298,1246,1701,1826,666,0,0,0,0,1869,0,-1,0
1870,-1,-1,1870,-1,1298,1247,1702,1827,667,0,0,0,0,1870,0,-1,0
1871,-1,-1,1871,1085,1299,-1,1703,1828,667,0,0,0,0,1871,0,-1,0
1872,-1,-1,1872,1086,1300,1248,1704,1829,667,0,0,0,0,1872,0,-1,0
1873,-1,-1,1873,-1,-1,-1,1705,1830,-1,0,0,0,0,1873,0,-1,0
1874,-1,-1,1874,1087,1301,1249,1706,1831,668,0,0,0,0,1874,0,-1,0
1875,-1,-1,1875,1087,1302,1250,1707,1832,669,0,0,0,0,1875,0,-1,0
1876,-1,-1,1876,1088,1303,1251,1708,1833,670,0,0,0,0,1876,0,-1,0
1877,-1,-1,1877,1089,1304,1252,1709,1834,671,0,0,0,0,1877,0,-1,0
1878,-1,-1,1878,-1,1305,1253,1710,1835,672,0,0,0,0,1878,0,-1,0
1879,-1,-1,1879,1089,1306,1254,1711,1836,672,0,0,0,0,1879,0,-1,0
1880,-1,-1,1880,1090,1307,1255,1712,1837,673,0,0,0,0,1880,0,-1,0
1881,-1,-1,1881,1090,1308,1256,1713,1838,674,0,0,0,0,1881,0,-1,0
1882,-1,-1,1882,1091,1309,1257,1714,1839,675,0,0,0,0,1882,0,-1,0
1883,-1,-1,1883,1092,1310,1258,1715,1840,676,0,0,0,0,1883,0,-1,0
1884,-1,-1,1884,-1,1311,1259,1716,1841,677,0,0,0,0,1884,0,-1,0
1885,-1,-1,1885,1093,-1,1260,1717,1842,678,0,0,0,0,1885,0,-1,0
1886,-1,-1,1886,1094,1312,1261,1718,1843,679,0,0,0,0,1886,0,-1,0
1887,-1,-1,1887,1095,1313,-1,1719,1844,679,0,0,0,0,1887,0,-1,0
1888,-1,-1,1888,-1,-1,-1,1720,1845,-1,0,0,0,0,1888,0,-1,0
1889,-1,-1,1889,-1,1314,1261,1721,1846,-1,0,0,0,0,1889,0,-1,0
1890,-1,-1,1890,1096,1314,1262,1722,1847,-1,0,0,0,0,1890,0,-1,0
1891,-1,-1,1891,1097,1315,1263,1723,1848,679,0,0,0,0,1891,0,-1,0
1892,-1,-1,1892,1098,1316,1264,1724,1849,679,0,0,0,0,1892,0,-1,0
1893,-1,-1,1893,-1,1317,1265,1725,1850,680,0,0,0,0,1893,0,-1,0
1894,-1,-1,1894,1099,1318,1266,1726,1851,681,0,0,0,0,1894,0,-1,0
1895,-1,-1,1895,1100,1319,1266,1727,1852,682,0,0,0,0,1895,0,-1,0
1896,-1,-1,1896,1101,1320,1267,1728,1853,683,0,0,0,0,1896,0,-1,0
1897,-1,-1,1897,-1,1321,1268,1729,1854,683,0,0,0,0,1897,0,-1,0
1898,-1,-1,1898,-1,-1,-1,1730,1855,-1,0,0,0,0,1898,0,-1,0
1899,-1,-1,1899,-1,-1,-1,1731,1856,683,0,0,0,0,1899,0,-1,0
1900,-1,-1,1900,-1,1322,1269,1732,1857,-1,0,0,0,0,1900,0,-1,0
1901,-1,-1,1901,-1,1323,1270,1733,1858,-1,0,0,0,0,1901,0,-1,0
1902,-1,-1,1902,-1,-1,-1,1734,1859,683,0,0,0,0,1902,0,-1,0
1903,-1,-1,1903,1102,1324,1271,1735,1860,683,0,0,0,0,1903,0,-1,0
1904,-1,-1,1904,1103,1325,1272,1736,1861,-1,0,0,0,0,1904,0,-1,0
1905,-1,-1,1905,1104,1326,1273,1737,1862,683,0,0,0,0,1905,0,-1,0
1906,-1,-1,1906,1105,1327,1274,1738,1863,683,0,0,0,0,1906,0,-1,0
1907,-1,-1,1907,1106,-1,-1,1738,1864,-1,0,0,0,0,1907,0,-1,0
1908,-1,-1,1908,-1,1327,1275,1739,1865,-1,0,0,0,0,1908,0,-1,0
1909,-1,-1,1909,1107,-1,-1,1740,1866,-1,0,0,0,0,1909,0,-1,0
1910,-1,-1,1910,1108,1328,1276,1740,1866,-1,0,0,0,0,1910,0,-1,0
1911,-1,-1,1911,1109,1328,1277,1741,1867,683,0,0,0,0,1911,0,-1,0
1912,-1,-1,1912,1110,1329,1278,1742,1868,683,0,0,0,0,1912,0,-1,0
1913,-1,-1,1913,1111,1330,1278,1743,1869,683,0,0,0,0,1913,0,-1,0
1914,-1,-1,1914,-1,1331,1279,1743,1870,683,0,0,0,0,1914,0,-1,0
1915,-1,-1,1915,1111,1332,1280,1744,1871,-1,0,0,0,0,1915,0,-1,0
1916,-1,-1,1916,1112,1333,-1,1745,1872,-1,0,0,0,0,1916,0,-1,0
1917,-1,-1,1917,-1,-1,-1,1746,1873,-1,0,0,0,0,1917,0,-1,0
1918,-1,-1,1918,-1,1334,1281,1747,1874,683,0,0,0,0,1918,0,-1,0
1919,-1,-1,1919,-1,-1,-1,1748,1875,683,0,0,0,0,1919,0,-1,0
1920,-1,-1,1920,1113,1335,1282,1749,1876,-1,0,0,0,0,1920,0,-1,0
1921,-1,-1,1921,-1,1336,1283,1750,1877,683,0,0,0,0,1921,0,-1,0
1922,-1,-1,1922,1114,1337,-1,1751,1878,683,0,0,0,0,1922,0,-1,0
1923,-1,-1,1923,-1,-1,-1,1752,1879,-1,0,0,0,0,1923,0,-1,0
1924,-1,-1,1924,1115,1338,1283,1753,1880,-1,0,0,0,0,1924,0,-1,0
1925,-1,-1,1925,1116,1339,1284,1754,1881,684,0,0,0,0,1925,0,-1,0
1926,-1,-1,1926,1117,1340,1285,1755,1882,684,0,0,0,0,1926,0,-1,0
1927,-1,-1,1927,1117,1341,1286,1756,1883,685,0,0,0,0,1927,0,-1,0
1928,-1,-1,1928,1118,1342,1287,1757,1884,685,0,0,0,0,1928,0,-1,0
1929,-1,-1,1929,1119,1343,1287,1758,1885,685,0,0,0,0,1929,0,-1,0
1930,-1,-1,1930,1119,1344,-1,1759,1886,686,0,0,0,0,1930,0,-1,0
1931,-1,-1,1931,-1,1345,1288,1760,1887,-1,0,0,0,0,1931,0,-1,0
1932,-1,-1,1932,-1,1345,1289,1761,1888,687,0,0,0,0,1932,0,-1,0
1933,-1,-1,1933,1120,1346,-1,1762,1889,-1,0,0,0,0,1933,0,-1,0
1934,-1,-1,1934,1121,1347,1290,1763,1890,-1,0,0,0,0,1934,0,-1,0
1935,-1,-1,1935,-1,1348,-1,1764,1891,688,0,0,0,0,1935,0,-1,0
1936,-1,-1,1936,1122,1349,1291,1765,1892,689,0,0,0,0,1936,0,-1,0
1937,-1,-1,1937,1123,1350,1292,1766,1893,690,0,0,0,0,1937,0,-1,0
1938,-1,-1,1938,1124,1351,1293,1766,1894,691,0,0,0,0,1938,0,-1,0
1939,-1,-1,1939,-1,-1,-1,1767,1895,-1,0,0,0,0,1939,0,-1,0
1940,-1,-1,1940,-1,-1,-1,1768,1896,692,0,0,0,0,1940,0,-1,0
1941,-1,-1,1941,1125,1352,1294,1769,1897,-1,0,0,0,0,1941,0,-1,0
1942,-1,-1,1942,-1,-1,-1,1770,1898,692,0,0,0,0,1942,0,-1,0
1943,-1,-1,1943,-1,-1,-1,1771,1899,-1,0,0,0,0,1943,0,-1,0
1944,-1,-1,1944,1126,1353,1295,1772,1900,-1,0,0,0,0,1944,0,-1,0
1945,-1,-1,1945,1127,1354,1296,1773,1901,692,0,0,0,0,1945,0,-1,0
1946,-1,-1,1946,-1,-1,-1,1774,1902,692,0,0,0,0,1946,0,-1,0
1947,-1,-1,1947,1128,1355,-1,1775,1903,692,0,0,0,0,1947,0,-1,0
1948,-1,-1,1948,1129,1356,1297,1776,1904,692,0,0,0,0,1948,0,-1,0
1949,-1,-1,1949,-1,-1,-1,1777,1905,693,0,0,0,0,1949,0,-1,0
1950,-1,-1,1950,1130,1356,1298,1778,1906,694,0,0,0,0,1950,0,-1,0
1951,-1,-1,1951,1131,1357,1299,1779,1907,-1,0,0,0,0,1951,0,-1,0
1952,-1,-1,1952,-1,-1,-1,1780,1908,-1,0,0,0,0,1952,0,-1,0
1953,-1,-1,1953,-1,1358,1300,1781,1909,-1,0,0,0,0,1953,0,-1,0
1954,-1,-1,1954,-1,-1,-1,1782,1910,-1,0,0,0,0,1954,0,-1,0
1955,-1,-1,1955,1132,1359,1301,1783,1911,-1,0,0,0,0,1955,0,-1,0
1956,-1,-1,1956,1132,1360,1302,1784,1912,695,0,0,0,0,1956,0,-1,0
1957,-1,-1,1957,1133,1361,1303,1785,1913,696,0,0,0,0,1957,0,-1,0
1958,-1,-1,1958,1134,1362,1304,1786,1914,696,0,0,0,0,1958,0,-1,0
1959,-1,-1,1959,-1,-1,-1,1786,1915,696,0,0,0,0,1959,0,-1,0
1960,-1,-1,1960,1135,1363,1305,1787,1916,697,0,0,0,0,1960,0,-1,0
1961,-1,-1,1961,1136,-1,1306,1788,1917,-1,0,0,0,0,1961,0,-1,0
1962,-1,-1,1962,-1,1364,1306,1789,1918,698,0,0,0,0,1962,0,-1,0
1963,-1,-1,1963,1137,1365,1307,1790,1919,-1,0,0,0,0,1963,0,-1,0
1964,-1,-1,1964,1138,1366,1308,1791,1920,699,0,0,0,0,1964,0,-1,0
1965,-1,-1,1965,1139,1367,1308,1792,1921,700,0,0,0,0,1965,0,-1,0
1966,-1,-1,1966,1140,1368,1309,1793,1922,700,0,0,0,0,1966,0,-1,0
1967,-1,-1,1967,1140,1369,1310,1794,1923,700,0,0,0,0,1967,0,-1,0
1968,-1,-1,1968,1141,1370,1311,1795,1924,701,0,0,0,0,1968,0,-1,0
1969,-1,-1,1969,1142,1371,1312,1796,1925,702,0,0,0,0,1969,0,-1,0
1970,-1,-1,1970,1142,1372,-1,1797,1926,702,0,0,0,0,1970,0,-1,0
1971,-1,-1,1971,1143,1372,1313,1798,1927,-1,0,0,0,0,1971,0,-1,0
1972,-1,-1,1972,-1,1372,-1,1799,1928,702,0,0,0,0,1972,0,-1,0
1973,-1,-1,1973,1144,1373,1314,1800,1929,702,0,0,0,0,1973,0,-1,0
1974,-1,-1,1974,1145,1373,1315,1801,1930,703,0,0,0,0,1974,0,-1,0
1975,-1,-1,1975,-1,-1,-1,1802,1931,-1,0,0,0,0,1975,0,-1,0
1976,-1,-1,1976,1146,1374,1316,1803,1932,-1,0,0,0,0,1976,0,-1,0
1977,-1,-1,1977,1147,1374,1317,1804,1933,-1,0,0,0,0,1977,0,-1,0
1978,-1,-1,1978,1148,1374,1318,1805,1934,704,0,0,0,0,1978,0,-1,0
1979,-1,-1,1979,-1,1374,-1,1806,1935,-1,0,0,0,0,1979,0,-1,0
1980,-1,-1,1980,-1,1375,1319,1807,1936,704,0,0,0,0,1980,0,-1,0
1981,-1,-1,1981,1149,1376,1320,1808,1937,-1,0,0,0,0,1981,0,-1,0
1982,-1,-1,1982,-1,1377,1321,1809,1938,-1,0,0,0,0,1982,0,-1,0
1983,-1,-1,1983,1150,1378,1322,1810,1939,704,0,0,0,0,1983,0,-1,0
1984,-1,-1,1984,1151,1379,1323,1811,1940,704,0,0,0,0,1984,0,-1,0
1985,-1,-1,1985,1151,1380,1324,1812,1941,704,0,0,0,0,1985,0,-1,0
1986,-1,-1,1986,1152,1381,-1,1813,1942,704,0,0,0,0,1986,0,-1,0
1987,-1,-1,1987,1153,1382,1325,1814,1943,-1,0,0,0,0,1987,0,-1,0
1988,-1,-1,1988,1153,1383,-1,1815,1944,704,0,0,0,0,1988,0,-1,0
1989,-1,-1,1989,-1,-1,-1,1816,1945,-1,0,0,0,0,1989,0,-1,0
1990,-1,-1,1990,1153,1383,1326,1817,1946,704,0,0,0,0,1990,0,-1,0
1991,-1,-1,1991,-1,-1,-1,1818,1947,704,0,0,0,0,1991,0,-1,0
1992,-1,-1,1992,-1,1384,1327,1819,1948,704,0,0,0,0,1992,0,-1,0
1993,-1,-1,1993,1154,1385,1328,1820,1949,704,0,0,0,0,1993,0,-1,0
1994,-1,-1,1994,1155,1386,1329,1821,1950,-1,0,0,0,0,1994,0,-1,0
1995,-1,-1,1995,-1,1386,-1,1822,1951,704,0,0,0,0,1995,0,-1,0
1996,-1,-1,1996,-1,1386,1330,1823,1952,704,0,0,0,0,1996,0,-1,0
1997,-1,-1,1997,1155,1387,1331,1824,1953,-1,0,0,0,0,1997,0,-1,0
1998,-1,-1,1998,-1,1388,1332,1825,1954,-1,0,0,0,0,1998,0,-1,0
1999,-1,-1,1999,1156,1389,1333,1826,1955,705,0,0,0,0,1999,0,-1,0
2000,-1,-1,2000,1157,1390,1334,1827,1956,706,0,0,0,0,2000,0,-1,0
2001,-1,-1,2001,1158,1391,1335,1828,1957,706,0,0,0,0,2001,0,-1,0
2002,-1,-1,2002,-1,-1,-1,-1,1958,-1,0,0,0,0,2002,0,-1,0
2003,-1,-1,2003,1159,1392,1336,1829,1959,707,0,0,0,0,2003,0,-1,0
2004,-1,-1,2004,-1,1393,1336,1829,1960,-1,0,0,0,0,2004,0,-1,0
2005,-1,-1,2005,-1,1394,1337,1830,1961,708,0,0,0,0,2005,0,-1,0
2006,-1,-1,2006,1160,1395,1338,1831,1962,708,0,0,0,0,2006,0,-1,0
2007,-1,-1,2007,1160,1396,1339,1832,1963,709,0,0,0,0,2007,0,-1,0
2008,-1,-1,2008,-1,1397,1340,1833,1964,-1,0,0,0,0,2008,0,-1,0
2009,-1,-1,2009,-1,1398,-1,1834,1965,710,0,0,0,0,2009,0,-1,0
2010,-1,-1,2010,1160,1399,1341,1835,1966,-1,0,0,0,0,2010,0,-1,0
2011,-1,-1,2011,1161,-1,-1,1836,1967,-1,0,0,0,0,2011,0,-1,0
2012,-1,-1,2012,1162,1400,1342,1837,1968,711,0,0,0,0,2012,0,-1,0
2013,-1,-1,2013,-1,1400,1343,1838,1969,-1,0,0,0,0,2013,0,-1,0
2014,-1,-1,2014,-1,-1,-1,1839,1970,-1,0,0,0,0,2014,0,-1,0
2015,-1,-1,2015,-1,-1,-1,1840,1971,712,0,0,0,0,2015,0,-1,0
2016,-1,-1,2016,1163,1401,1344,1841,1972,713,0,0,0,0,2016,0,-1,0
2017,-1,-1,2017,1164,1402,1345,1842,1973,714,0,0,0,0,2017,0,-1,0
2018,-1,-1,2018,1165,1403,1346,1843,1974,715,0,0,0,0,2018,0,-1,0
2019,-1,-1,2019,1166,1404,1347,1844,1975,-1,0,0,0,0,2019,0,-1,0
2020,-1,-1,2020,1167,1405,1348,1845,1976,716,0,0,0,0,2020,0,-1,0
2021,-1,-1,2021,-1,-1,-1,1846,1977,-1,0,0,0,0,2021,0,-1,0
2022,-1,-1,2022,1168,1406,1348,1847,1978,-1,0,0,0,0,2022,0,-1,0
2023,-1,-1,2023,1169,1407,1349,1848,1979,-1,0,0,0,0,2023,0,-1,0
2024,-1,-1,2024,1170,1408,1350,1849,1980,717,0,0,0,0,2024,0,-1,0
2025,-1,-1,2025,1171,1409,1351,1850,1981,-1,0,0,0,0,2025,0,-1,0
2026,-1,-1,2026,1172,1410,1352,1851,1982,718,0,0,0,0,2026,0,-1,0
2027,-1,14,2027,-1,1411,-1,1852,1983,718,0,0,0,0,2027,0,-1,0
2028,-1,-1,2028,1173,1412,1353,1853,1984,718,0,0,0,0,2028,0,-1,0
2029,-1,-1,2029,-1,1413,1354,1854,1985,718,0,0,0,0,2029,0,-1,0
2030,-1,-1,2030,1174,1414,1355,1855,1986,718,0,0,0,0,2030,0,-1,0
2031,-1,-1,2031,1175,1415,1355,1856,1987,-1,0,0,0,0,2031,0,-1,0
2032,-1,-1,2032,-1,-1,-1,1857,1988,-1,0,0,0,0,2032,0,-1,0
2033,-1,-1,2033,1176,1416,1355,1858,1989,-1,0,0,0,0,2033,0,-1,0
2034,-1,-1,2034,1177,1417,1356,1858,1989,-1,0,0,0,0,2034,0,-1,0
2035,-1,-1,2035,-1,-1,1357,1859,1990,718,0,0,0,0,2035,0,-1,0
2036,-1,-1,2036,-1,1418,1358,1860,1991,718,0,0,0,0,2036,0,-1,0
2037,-1,-1,2037,1178,1419,1359,1860,1991,718,0,0,0,0,2037,0,-1,0
2038,-1,-1,2038,-1,1420,1360,1861,1992,-1,0,0,0,0,2038,0,-1,0
2039,-1,-1,2039,1179,1420,1361,1862,1993,718,0,0,0,0,2039,0,-1,0
2040,-1,-1,2040,1180,1421,1362,1863,1994,719,0,0,0,0,2040,0,-1,0
2041,-1,-1,2041,-1,-1,-1,1863,1995,720,0,0,0,0,2041,0,-1,0
2042,-1,-1,2042,1181,1422,1363,1864,1996,720,0,0,0,0,2042,0,-1,0
2043,-1,-1,2043,-1,1423,-1,1865,1997,721,0,0,0,0,2043,0,-1,0
2044,-1,-1,2044,-1,-1,-1,1866,1998,-1,0,0,0,0,2044,0,-1,0
2045,-1,-1,2045,1181,1424,1364,1867,1999,-1,0,0,0,0,2045,0,-1,0
2046,-1,-1,2046,1182,1425,1365,1868,2000,721,0,0,0,0,2046,0,-1,0
2047,-1,-1,2047,1183,1426,-1,1869,2001,721,0,0,0,0,2047,0,-1,0
2048,-1,-1,2048,-1,1427,1366,1870,2002,722,0,0,0,0,2048,0,-1,0
2049,-1,-1,2049,1184,1428,-1,1871,2003,723,0,0,0,0,2049,0,-1,0
2050,-1,-1,2050,1185,1428,1367,1872,2004,724,0,0,0,0,2050,0,-1,0
2051,-1,-1,2051,1185,1429,1368,1873,2005,725,0,0,0,0,2051,0,-1,0
2052,-1,-1,2052,1186,1430,1368,1874,2006,726,0,0,0,0,2052,0,-1,0
2053,-1,-1,2053,1187,1431,1369,1875,2007,727,0,0,0,0,2053,0,-1,0
2054,-1,-1,2054,1187,1432,1369,1876,2008,-1,0,0,0,0,2054,0,-1,0
2055,-1,-1,2055,1187,1432,1370,1876,2009,728,0,0,0,0,2055,0,-1,0
2056,-1,-1,2056,1187,1432,1371,1877,2010,728,0,0,0,0,2056,0,-1,0
2057,-1,-1,2057,-1,-1,-1,1878,2011,-1,0,0,0,0,2057,0,-1,0
2058,-1,-1,2058,1187,1433,1372,1879,2012,728,0,0,0,0,2058,0,-1,0
2059,-1,-1,2059,1187,1433,1373,1880,2013,729,0,0,0,0,2059,0,-1,0
2060,-1,-1,2060,1188,1433,1374,1881,2014,-1,0,0,0,0,2060,0,-1,0
2061,-1,-1,2061,1189,-1,-1,1882,2015,730,0,0,0,0,2061,0,-1,0
2062,-1,-1,2062,1190,1434,1375,1883,2016,-1,0,0,0,0,2062,0,-1,0
2063,-1,-1,2063,1191,1434,1376,1884,2017,730,0,0,0,0,2063,0,-1,0
2064,-1,-1,2064,1192,1435,1377,1885,2018,-1,0,0,0,0,2064,0,-1,0
2065,-1,-1,2065,1193,1436,1378,1886,2019,-1,0,0,0,0,2065,0,-1,0
2066,-1,-1,2066,1194,1437,-1,1887,2020,730,0,0,0,0,2066,0,-1,0
2067,-1,-1,2067,1194,1438,1379,1888,2021,730,0,0,0,0,2067,0,-1,0
2068,-1,-1,2068,1195,-1,1380,1889,2022,-1,0,0,0,0,2068,0,-1,0
2069,-1,-1,2069,-1,-1,-1,-1,2023,-1,0,0,0,0,2069,0,-1,0
2070,-1,-1,2070,1196,1439,-1,1890,2024,730,0,0,0,0,2070,0,-1,0
2071,-1,-1,2071,1197,1439,1381,1891,2025,731,0,0,0,0,2071,0,-1,0
2072,-1,-1,2072,-1,-1,-1,1892,2026,732,0,0,0,0,2072,0,-1,0
2073,-1,-1,2073,1198,1440,1382,1893,2027,733,0,0,0,0,2073,0,-1,0
2074,-1,-1,2074,1199,1441,1383,1894,2028,733,0,0,0,0,2074,0,-1,0
2075,-1,-1,2075,1199,1442,-1,1895,2029,734,0,0,0,0,2075,0,-1,0
2076,-1,-1,2076,1200,1443,1384,1896,2030,735,0,0,0,0,2076,0,-1,0
2077,-1,-1,2077,-1,-1,-1,1897,2031,736,0,0,0,0,2077,0,-1,0
2078,-1,-1,2078,-1,1444,-1,1898,2032,737,0,0,0,0,2078,0,-1,0
2079,-1,-1,2079,1201,1444,1385,1899,2033,737,0,0,0,0,2079,0,-1,0
2080,-1,-1,2080,1202,1445,1386,1899,2034,738,0,0,0,0,2080,0,-1,0
2081,-1,-1,2081,1203,1446,1387,1900,2035,739,0,0,0,0,2081,0,-1,0
2082,-1,-1,2082,1204,1447,1388,1901,2036,740,0,0,0,0,2082,0,-1,0
2083,-1,-1,2083,1204,1448,1389,1902,2037,741,0,0,0,0,2083,0,-1,0
2084,-1,-1,2084,1204,1449,1390,1903,2038,741,0,0,0,0,2084,0,-1,0
2085,-1,-1,2085,1205,1450,1391,1904,2039,-1,0,0,0,0,2085,0,-1,0
2086,-1,-1,2086,-1,-1,1392,1905,2040,742,0,0,0,0,2086,0,-1,0
2087,-1,-1,2087,-1,-1,-1,1906,2041,-1,0,0,0,0,2087,0,-1,0
2088,-1,-1,2088,1206,1451,1393,1907,2042,743,0,0,0,0,2088,0,-1,0
2089,-1,-1,2089,1207,1451,1394,1908,2043,-1,0,0,0,0,2089,0,-1,0
2090,-1,-1,2090,1207,1452,1395,1908,2043,-1,0,0,0,0,2090,0,-1,0
2091,-1,-1,2091,1207,1453,1396,1908,2044,744,0,0,0,0,2091,0,-1,0
2092,-1,-1,2092,1208,1454,1396,1909,2045,745,0,0,0,0,2092,0,-1,0
2093,-1,-1,2093,1209,1454,1397,1910,2046,746,0,0,0,0,2093,0,-1,0
2094,-1,-1,2094,1210,-1,-1,1911,2047,-1,0,0,0,0,2094,0,-1,0
2095,-1,-1,2095,1211,1455,1397,1912,2048,747,0,0,0,0,2095,0,-1,0
2096,-1,-1,2096,1212,1456,1398,1913,2049,748,0,0,0,0,2096,0,-1,0
2097,-1,-1,2097,1213,1457,-1,1914,2050,749,0,0,0,0,2097,0,-1,0
2098,-1,-1,2098,1214,1457,-1,1915,2051,750,0,0,0,0,2098,0,-1,0
2099,-1,-1,2099,1215,1458,1399,1916,2052,751,0,0,0,0,2099,0,-1,0
2100,-1,-1,2100,-1,1459,1400,1917,2053,752,0,0,0,0,2100,0,-1,0
2101,-1,-1,2101,-1,1460,1401,1918,2054,-1,0,0,0,0,2101,0,-1,0
2102,-1,-1,2102,1216,1461,1402,1919,2055,753,0,0,0,0,2102,0,-1,0
2103,-1,-1,2103,-1,1462,1403,1920,2056,753,0,0,0,0,2103,0,-1,0
2104,-1,-1,2104,1217,1463,1404,1921,2057,753,0,0,0,0,2104,0,-1,0
2105,-1,-1,2105,1218,1464,1405,1922,2058,753,0,0,0,0,2105,0,-1,0
2106,-1,-1,2106,1219,1465,1406,1923,2059,-1,0,0,0,0,2106,0,-1,0
2107,-1,-1,2107,1219,1466,1407,1923,2060,754,0,0,0,0,2107,0,-1,0
2108,-1,-1,2108,-1,1467,1408,1924,2061,755,0,0,0,0,2108,0,-1,0
2109,-1,-1,2109,1219,1468,1409,1925,2062,756,0,0,0,0,2109,0,-1,0
2110,-1,-1,2110,-1,-1,-1,1925,2063,757,0,0,0,0,2110,0,-1,0
2111,-1,-1,2111,1219,1469,-1,1926,2064,758,0,0,0,0,2111,0,-1,0
2112,-1,-1,2112,1219,1470,1410,1927,2065,758,0,0,0,0,2112,0,-1,0
2113,-1,-1,2113,1220,1471,1411,1927,2066,758,0,0,0,0,2113,0,-1,0
2114,-1,-1,2114,-1,-1,-1,1927,2067,-1,0,0,0,0,2114,0,-1,0
2115,-1,-1,2115,1221,1472,1412,1928,2068,758,0,0,0,0,2115,0,-1,0
2116,-1,-1,2116,-1,-1,1413,1929,2069,758,0,0,0,0,2116,0,-1,0
2117,-1,-1,2117,1222,1472,1414,1930,2070,-1,0,0,0,0,2117,0,-1,0
2118,-1,-1,2118,1223,-1,1415,1931,2071,758,0,0,0,0,2118,0,-1,0
2119,-1,-1,2119,1224,1472,1416,1932,2072,758,0,0,0,0,2119,0,-1,0
2120,-1,-1,2120,1225,1473,-1,1933,2073,758,0,0,0,0,2120,0,-1,0
2121,-1,-1,2121,1226,1474,1417,1934,2074,-1,0,0,0,0,2121,0,-1,0
2122,-1,-1,2122,-1,-1,1418,1935,2075,758,0,0,0,0,2122,0,-1,0
2123,-1,-1,2123,1227,1475,-1,1936,2076,758,0,0,0,0,2123,0,-1,0
2124,-1,-1,2124,1228,1476,1419,1937,2077,758,0,0,0,0,2124,0,-1,0
2125,-1,-1,2125,1228,1477,1420,1938,2078,758,0,0,0,0,2125,0,-1,0
2126,-1,-1,2126,1228,1477,1421,1939,2079,-1,0,0,0,0,2126,0,-1,0
2127,-1,-1,2127,1228,1477,1422,1940,2080,759,0,0,0,0,2127,0,-1,0
2128,-1,-1,2128,-1,-1,1423,1941,2081,760,0,0,0,0,2128,0,-1,0
2129,-1,-1,2129,1229,-1,-1,1942,2082,-1,0,0,0,0,2129,0,-1,0
2130,-1,-1,2130,1230,1478,1424,1943,2083,760,0,0,0,0,2130,0,-1,0
2131,-1,-1,2131,1231,1479,-1,1944,2084,760,0,0,0,0,2131,0,-1,0
2132,-1,-1,2132,1232,1479,1424,1945,2085,761,0,0,0,0,2132,0,-1,0
2133,-1,-1,2133,-1,-1,-1,1946,2086,-1,0,0,0,0,2133,0,-1,0
2134,-1,-1,2134,1233,1480,1425,1947,2087,761,0,0,0,0,2134,0,-1,0
2135,-1,-1,2135,1233,1481,-1,1948,2088,-1,0,0,0,0,2135,0,-1,0
2136,-1,-1,2136,1234,1481,1426,-1,2089,762,0,0,0,0,2136,0,-1,0
2137,-1,-1,2137,-1,1482,1427,1949,2090,763,0,0,0,0,2137,0,-1,0
2138,-1,-1,2138,1235,1483,1428,1950,2091,764,0,0,0,0,2138,0,-1,0
2139,-1,-1,2139,-1,1484,-1,1951,2092,765,0,0,0,0,2139,0,-1,0
2140,-1,-1,2140,1236,1485,1429,1952,2093,-1,0,0,0,0,2140,0,-1,0
2141,-1,-1,2141,1237,1486,1430,1953,2094,-1,0,0,0,0,2141,0,-1,0
2142,-1,-1,2142,1238,1487,-1,1954,2095,766,0,0,0,0,2142,0,-1,0
2143,-1,-1,2143,1239,1488,1431,1955,2096,766,0,0,0,0,2143,0,-1,0
2144,-1,-1,2144,-1,1489,1432,1956,2097,-1,0,0,0,0,2144,0,-1,0
2145,-1,-1,2145,1240,1490,1433,1957,2098,766,0,0,0,0,2145,0,-1,0
2146,-1,-1,2146,1241,-1,1434,1958,2099,-1,0,0,0,0,2146,0,-1,0
2147,-1,-1,2147,-1,1491,1435,1959,2100,-1,0,0,0,0,2147,0,-1,0
2148,-1,-1,2148,-1,1492,1436,1960,2101,767,0,0,0,0,2148,0,-1,0
2149,-1,-1,2149,1241,1493,1437,1961,2102,-1,0,0,0,0,2149,0,-1,0
2150,-1,-1,2150,1242,1494,1438,1962,2103,768,0,0,0,0,2150,0,-1,0
2151,-1,-1,2151,1242,1495,1438,1963,2104,-1,0,0,0,0,2151,0,-1,0
2152,-1,-1,2152,-1,1496,1439,1964,2105,-1,0,0,0,0,2152,0,-1,0
2153,-1,-1,2153,1243,-1,-1,1964,2106,769,0,0,0,0,2153,0,-1,0
2154,-1,-1,2154,1244,1497,1440,1965,2107,770,0,0,0,0,2154,0,-1,0
2155,-1,-1,2155,1245,1498,1441,1966,2108,-1,0,0,0,0,2155,0,-1,0
2156,-1,-1,2156,1246,1498,-1,1967,2109,770,0,0,0,0,2156,0,-1,0
2157,-1,-1,2157,1247,1499,1442,1968,2110,770,0,0,0,0,2157,0,-1,0
2158,-1,-1,2158,-1,-1,-1,1969,2111,770,0,0,0,0,2158,0,-1,0
2159,-1,-1,2159,1248,1500,1443,1970,2112,-1,0,0,0,0,2159,0,-1,0
2160,-1,-1,2160,-1,1500,-1,1971,2113,770,0,0,0,0,2160,0,-1,0
2161,-1,-1,2161,1249,1501,1444,1972,2114,771,0,0,0,0,2161,0,-1,0
2162,-1,-1,2162,1250,1502,1445,1973,2115,-1,0,0,0,0,2162,0,-1,0
2163,-1,-1,2163,1251,1502,1446,1974,2116,772,0,0,0,0,2163,0,-1,0
2164,-1,-1,2164,-1,-1,-1,-1,2117,-1,0,0,0,0,2164,0,-1,0
2165,-1,-1,2165,1252,1503,-1,1975,2118,773,0,0,0,0,2165,0,-1,0
2166,-1,-1,2166,1253,1504,1447,-1,2119,774,0,0,0,0,2166,0,-1,0
2167,-1,-1,2167,1254,1505,1448,1976,2120,775,0,0,0,0,2167,0,-1,0
2168,-1,-1,2168,-1,1506,1449,1977,2121,775,0,0,0,0,2168,0,-1,0
2169,-1,-1,2169,1255,1506,1450,1978,2122,775,0,0,0,0,2169,0,-1,0
2170,-1,-1,2170,1256,1506,1451,1979,2123,776,0,0,0,0,2170,0,-1,0
2171,-1,-1,2171,-1,-1,-1,1980,2124,-1,0,0,0,0,2171,0,-1,0
2172,-1,-1,2172,1257,-1,-1,1981,2125,-1,0,0,0,0,2172,0,-1,0
2173,-1,-1,2173,1258,1507,1452,1982,2126,-1,0,0,0,0,2173,0,-1,0
2174,-1,-1,2174,-1,1508,-1,1983,2127,777,0,0,0,0,2174,0,-1,0
2175,-1,-1,2175,1259,1509,1452,1984,2128,778,0,0,0,0,2175,0,-1,0
2176,-1,-1,2176,1260,1509,-1,1985,2129,779,0,0,0,0,2176,0,-1,0
2177,-1,-1,2177,1261,1510,1453,1986,2130,-1,0,0,0,0,2177,0,-1,0
2178,-1,-1,2178,1262,1511,1454,1987,2131,-1,0,0,0,0,2178,0,-1,0
2179,-1,-1,2179,-1,1512,1455,1988,2132,-1,0,0,0,0,2179,0,-1,0
2180,-1,-1,2180,1263,1513,1456,1989,2133,-1,0,0,0,0,2180,0,-1,0
2181,-1,-1,2181,1264,1514,1457,1990,2134,780,0,0,0,0,2181,0,-1,0
2182,-1,-1,2182,1265,-1,1458,1991,2135,781,0,0,0,0,2182,0,-1,0
2183,-1,-1,2183,1266,1515,1459,1992,2136,782,0,0,0,0,2183,0,-1,0
2184,-1,-1,2184,1267,1516,1460,1993,2137,-1,0,0,0,0,2184,0,-1,0
2185,-1,-1,2185,-1,1517,1461,1994,2138,782,0,0,0,0,2185,0,-1,0
2186,-1,-1,2186,1267,1518,1462,1995,2139,782,0,0,0,0,2186,0,-1,0
2187,-1,-1,2187,1267,1519,1463,1996,2140,783,0,0,0,0,2187,0,-1,0
2188,-1,-1,2188,1268,1520,1464,1997,2141,784,0,0,0,0,2188,0,-1,0
2189,-1,-1,2189,-1,-1,-1,1998,2142,785,0,0,0,0,2189,0,-1,0
2190,-1,-1,2190,1269,1521,1465,1999,2143,785,0,0,0,0,2190,0,-1,0
2191,-1,-1,2191,1270,1522,-1,2000,2144,-1,0,0,0,0,2191,0,-1,0
2192,-1,-1,2192,1271,1523,1466,2001,2145,-1,0,0,0,0,2192,0,-1,0
2193,-1,-1,2193,1272,1524,1467,2002,2146,785,0,0,0,0,2193,0,-1,0
2194,-1,-1,2194,1273,1525,1468,2003,2147,785,0,0,0,0,2194,0,-1,0
2195,-1,-1,2195,1274,1526,-1,2004,2148,785,0,0,0,0,2195,0,-1,0
2196,-1,-1,2196,-1,-1,1469,2005,2149,786,0,0,0,0,2196,0,-1,0
2197,-1,-1,2197,-1,1527,-1,2006,2150,-1,0,0,0,0,2197,0,-1,0
2198,-1,-1,2198,-1,-1,-1,2007,2151,787,0,0,0,0,2198,0,-1,0
2199,-1,-1,2199,1275,1528,1470,2008,2152,787,0,0,0,0,2199,0,-1,0
2200,-1,-1,2200,1276,1529,-1,2009,2153,788,0,0,0,0,2200,0,-1,0
2201,-1,-1,2201,-1,-1,-1,2010,2154,-1,0,0,0,0,2201,0,-1,0
2202,-1,-1,2202,1277,1530,1471,2011,2155,789,0,0,0,0,2202,0,-1,0
2203,-1,-1,2203,1278,1531,1472,2012,2156,790,0,0,0,0,2203,0,-1,0
2204,-1,-1,2204,1279,1532,1473,2013,2157,791,0,0,0,0,2204,0,-1,0
2205,-1,-1,2205,1279,1533,1474,2014,2158,-1,0,0,0,0,2205,0,-1,0
2206,-1,-1,2206,1280,1534,1475,2015,2159,791,0,0,0,0,2206,0,-1,0
2207,-1,-1,2207,-1,1535,1475,2016,2160,791,0,0,0,0,2207,0,-1,0
2208,-1,-1,2208,-1,1535,-1,2017,2161,-1,0,0,0,0,2208,0,-1,0
2209,-1,-1,2209,1281,1536,1476,2018,2162,-1,0,0,0,0,2209,0,-1,0
2210,-1,-1,2210,-1,1537,-1,2019,2163,-1,0,0,0,0,2210,0,-1,0
2211,-1,-1,2211,-1,1538,1477,2019,2163,-1,0,0,0,0,2211,0,-1,0
2212,-1,-1,2212,1282,1539,1478,2019,2163,-1,0,0,0,0,2212,0,-1,0
2213,-1,-1,2213,-1,-1,-1,2019,2163,-1,0,0,0,0,2213,0,-1,0
2214,-1,-1,2214,1283,-1,-1,2020,2164,791,0,0,0,0,2214,0,-1,0
2215,-1,-1,2215,-1,1540,1479,2021,2165,792,0,0,0,0,2215,0,-1,0
2216,-1,-1,2216,-1,-1,-1,2021,2166,793,0,0,0,0,2216,0,-1,0
2217,-1,-1,2217,1284,-1,-1,2022,2167,-1,0,0,0,0,2217,0,-1,0
2218,-1,-1,2218,1285,1541,1480,2023,2168,794,0,0,0,0,2218,0,-1,0
2219,-1,-1,2219,-1,-1,-1,2024,2169,-1,0,0,0,0,2219,0,-1,0
2220,-1,-1,2220,1286,1542,1481,2025,2170,-1,0,0,0,0,2220,0,-1,0
2221,-1,-1,2221,-1,-1,-1,2026,2171,-1,0,0,0,0,2221,0,-1,0
2222,-1,-1,2222,1287,1542,1482,2027,2172,794,0,0,0,0,2222,0,-1,0
2223,-1,-1,2223,-1,1543,1483,2028,2173,-1,0,0,0,0,2223,0,-1,0
2224,-1,-1,2224,-1,1544,1484,2029,2174,-1,0,0,0,0,2224,0,-1,0
2225,-1,-1,2225,-1,1545,-1,2030,2175,794,0,0,0,0,2225,0,-1,0
2226,-1,-1,2226,1288,1546,1484,2031,2176,795,0,0,0,0,2226,0,-1,0
2227,-1,-1,2227,1289,1547,1485,2032,2177,796,0,0,0,0,2227,0,-1,0
2228,-1,-1,2228,1290,1548,1486,2033,2178,-1,0,0,0,0,2228,0,-1,0
2229,-1,-1,2229,1290,1549,1487,2034,2179,796,0,0,0,0,2229,0,-1,0
2230,-1,-1,2230,1291,1550,1488,2035,2180,-1,0,0,0,0,2230,0,-1,0
2231,-1,-1,2231,1292,-1,-1,2036,2181,-1,0,0,0,0,2231,0,-1,0
2232,-1,-1,2232,-1,1551,-1,2037,2182,796,0,0,0,0,2232,0,-1,0
2233,-1,-1,2233,1293,1552,1489,2038,2183,797,0,0,0,0,2233,0,-1,0
2234,-1,-1,2234,1294,1553,1490,2039,2184,-1,0,0,0,0,2234,0,-1,0
2235,-1,-1,2235,1295,1554,1491,2039,2185,798,0,0,0,0,2235,0,-1,0
2236,-1,-1,2236,1296,1555,-1,2040,2186,-1,0,0,0,0,2236,0,-1,0
2237,-1,-1,2237,1297,1556,1492,2041,2187,-1,0,0,0,0,2237,0,-1,0
2238,-1,-1,2238,1298,-1,-1,2042,2188,-1,0,0,0,0,2238,0,-1,0
2239,-1,-1,2239,1298,1557,1493,2043,2189,799,0,0,0,0,2239,0,-1,0
2240,-1,-1,2240,1298,1558,1493,2044,2190,-1,0,0,0,0,2240,0,-1,0
2241,-1,-1,2241,-1,1558,1494,2045,2191,800,0,0,0,0,2241,0,-1,0
2242,-1,-1,2242,1299,1559,1495,2046,2192,800,0,0,0,0,2242,0,-1,0
2243,-1,-1,2243,1300,1560,1496,2047,2193,800,0,0,0,0,2243,0,-1,0
2244,-1,-1,2244,-1,1561,1497,2047,2194,-1,0,0,0,0,2244,0,-1,0
2245,-1,-1,2245,-1,1562,1498,2048,2195,800,0,0,0,0,2245,0,-1,0
2246,-1,-1,2246,1301,1563,1499,2049,2196,-1,0,0,0,0,2246,0,-1,0
2247,-1,-1,2247,1302,-1,-1,2050,2197,-1,0,0,0,0,2247,0,-1,0
2248,-1,-1,2248,-1,-1,-1,2051,2198,800,0,0,0,0,2248,0,-1,0
2249,-1,-1,2249,-1,1564,1499,2052,2199,-1,0,0,0,0,2249,0,-1,0
2250,-1,-1,2250,1303,1565,1500,2053,2200,801,0,0,0,0,2250,0,-1,0
2251,-1,-1,2251,1304,1566,1501,2054,2201,802,0,0,0,0,2251,0,-1,0
2252,-1,-1,2252,1305,1567,1502,2055,2202,-1,0,0,0,0,2252,0,-1,0
2253,-1,-1,2253,1306,1568,1503,2056,2203,803,0,0,0,0,2253,0,-1,0
2254,-1,-1,2254,1307,1569,1504,2057,2204,803,0,0,0,0,2254,0,-1,0
2255,-1,-1,2255,1307,1570,1504,2058,2205,804,0,0,0,0,2255,0,-1,0
2256,-1,-1,2256,1308,1571,1505,2059,2206,-1,0,0,0,0,2256,0,-1,0
2257,-1,-1,2257,-1,1572,1506,2060,2207,-1,0,0,0,0,2257,0,-1,0
2258,-1,-1,2258,1309,1573,1507,2061,2208,805,0,0,0,0,2258,0,-1,0
2259,-1,-1,2259,1310,-1,-1,2062,2209,805,0,0,0,0,2259,0,-1,0
2260,-1,-1,2260,1311,-1,1508,2063,2210,-1,0,0,0,0,2260,0,-1,0
2261,-1,-1,2261,1312,1574,-1,2064,2211,805,0,0,0,0,2261,0,-1,0
2262,-1,-1,2262,-1,1575,1509,2065,2212,806,0,0,0,0,2262,0,-1,0
2263,-1,-1,2263,-1,1576,1510,2066,2213,-1,0,0,0,0,2263,0,-1,0
2264,-1,-1,2264,-1,1576,1511,2067,2214,-1,0,0,0,0,2264,0,-1,0
2265,-1,-1,2265,1312,1577,1512,2068,2215,807,0,0,0,0,2265,0,-1,0
2266,-1,-1,2266,-1,-1,-1,2069,2216,808,0,0,0,0,2266,0,-1,0
2267,-1,-1,2267,1313,1578,1513,2070,2217,808,0,0,0,0,2267,0,-1,0
2268,-1,-1,2268,1314,1579,1514,2071,2218,808,0,0,0,0,2268,0,-1,0
2269,-1,-1,2269,-1,1580,1515,2072,2219,808,0,0,0,0,2269,0,-1,0
2270,-1,-1,2270,1315,1581,1516,2073,2220,-1,0,0,0,0,2270,0,-1,0
2271,-1,-1,2271,1316,1582,1517,2074,2221,808,0,0,0,0,2271,0,-1,0
2272,-1,-1,2272,1317,1583,1518,2075,2222,808,0,0,0,0,2272,0,-1,0
2273,-1,-1,2273,1318,1584,1519,2076,2223,808,0,0,0,0,2273,0,-1,0
2274,-1,-1,2274,1319,1585,1520,2077,2224,808,0,0,0,0,2274,0,-1,0
2275,-1,-1,2275,-1,-1,-1,2078,2225,808,0,0,0,0,2275,0,-1,0
2276,-1,-1,2276,1320,1586,1521,2079,2226,809,0,0,0,0,2276,0,-1,0
2277,-1,-1,2277,1321,1587,1522,2080,2227,810,0,0,0,0,2277,0,-1,0
2278,-1,-1,2278,1321,1588,-1,2081,2228,811,0,0,0,0,2278,0,-1,0
2279,-1,-1,2279,1322,1589,1522,2082,2229,812,0,0,0,0,2279,0,-1,0
2280,-1,-1,2280,1323,1590,1523,2082,2229,812,0,0,0,0,2280,0,-1,0
2281,-1,-1,2281,1324,1591,1524,2083,2230,813,0,0,0,0,2281,0,-1,0
2282,-1,-1,2282,-1,1592,1525,2084,2231,814,0,0,0,0,2282,0,-1,0
2283,-1,-1,2283,-1,1593,-1,2085,2232,814,0,0,0,0,2283,0,-1,0
2284,-1,-1,2284,-1,1594,-1,2086,2233,-1,0,0,0,0,2284,0,-1,0
2285,-1,-1,2285,-1,-1,-1,-1,2234,-1,0,0,0,0,2285,0,-1,0
2286,-1,-1,2286,-1,1595,-1,2087,2235,814,0,0,0,0,2286,0,-1,0
2287,-1,-1,2287,-1,-1,-1,2088,2236,814,0,0,0,0,2287,0,-1,0
2288,-1,-1,2288,1324,1595,1526,2089,2237,814,0,0,0,0,2288,0,-1,0
2289,-1,-1,2289,1325,1595,1527,2090,2238,815,0,0,0,0,2289,0,-1,0
2290,-1,-1,2290,1326,1596,1528,2091,2239,816,0,0,0,0,2290,0,-1,0
2291,-1,-1,2291,1327,1597,1529,2092,2240,-1,0,0,0,0,2291,0,-1,0
2292,-1,-1,2292,1328,1598,1530,2093,2241,816,0,0,0,0,2292,0,-1,0
2293,-1,-1,2293,1329,1599,1530,2094,2242,816,0,0,0,0,2293,0,-1,0
2294,-1,-1,2294,1330,1599,-1,2095,2243,-1,0,0,0,0,2294,0,-1,0
2295,-1,-1,2295,-1,1600,1531,2096,2244,816,0,0,0,0,2295,0,-1,0
2296,-1,-1,2296,-1,1601,1532,2097,2245,817,0,0,0,0,2296,0,-1,0
2297,-1,-1,2297,1331,1601,1533,2098,2246,818,0,0,0,0,2297,0,-1,0
2298,-1,-1,2298,1332,1602,1534,2099,2247,819,0,0,0,0,2298,0,-1,0
2299,-1,-1,2299,-1,-1,-1,2100,2248,-1,0,0,0,0,2299,0,-1,0
2300,-1,-1,2300,1333,1603,1535,2101,2249,-1,0,0,0,0,2300,0,-1,0
2301,-1,-1,2301,1333,1604,1536,2102,2250,820,0,0,0,0,2301,0,-1,0
2302,-1,-1,2302,1333,1605,1537,2103,2251,821,0,0,0,0,2302,0,-1,0
2303,-1,-1,2303,-1,-1,-1,2104,2252,-1,0,0,0,0,2303,0,-1,0
2304,-1,-1,2304,-1,1606,1538,2105,2253,822,0,0,0,0,2304,0,-1,0
2305,-1,-1,2305,-1,1607,1539,2106,2254,822,0,0,0,0,2305,0,-1,0
2306,-1,-1,2306,-1,1608,1540,2107,2255,822,0,0,0,0,2306,0,-1,0
2307,-1,-1,2307,1334,1609,1541,2108,2256,822,0,0,0,0,2307,0,-1,0
2308,-1,-1,2308,1334,1609,1541,2109,2257,-1,0,0,0,0,2308,0,-1,0
2309,-1,-1,2309,1334,1610,1542,2110,2258,-1,0,0,0,0,2309,0,-1,0
2310,-1,-1,2310,1335,1611,-1,2111,2259,-1,0,0,0,0,2310,0,-1,0
2311,-1,-1,2311,-1,1612,-1,2112,2260,822,0,0,0,0,2311,0,-1,0
2312,-1,-1,2312,-1,1613,1543,2113,2261,-1,0,0,0,0,2312,0,-1,0
2313,-1,-1,2313,1336,1614,1544,2114,2262,823,0,0,0,0,2313,0,-1,0
2314,-1,-1,2314,-1,1615,1545,2115,2263,824,0,0,0,0,2314,0,-1,0
2315,-1,-1,2315,1337,1616,1546,2115,2264,825,0,0,0,0,2315,0,-1,0
2316,-1,-1,2316,1338,1617,-1,2116,2265,-1,0,0,0,0,2316,0,-1,0
2317,-1,-1,2317,1339,-1,-1,2117,2266,825,0,0,0,0,2317,0,-1,0
2318,-1,-1,2318,1339,1618,1547,2118,2267,825,0,0,0,0,2318,0,-1,0
2319,-1,-1,2319,-1,-1,-1,2119,2268,-1,0,0,0,0,2319,0,-1,0
2320,-1,-1,2320,1340,1619,1548,2120,2269,826,0,0,0,0,2320,0,-1,0
2321,-1,-1,2321,-1,1620,-1,2121,2270,827,0,0,0,0,2321,0,-1,0
2322,-1,-1,2322,1340,1621,1549,2122,2271,828,0,0,0,0,2322,0,-1,0
2323,-1,-1,2323,1341,1622,1550,2123,2272,829,0,0,0,0,2323,0,-1,0
2324,-1,-1,2324,1342,1623,1551,2124,2273,830,0,0,0,0,2324,0,-1,0
2325,-1,-1,2325,-1,-1,-1,2125,2274,-1,0,0,0,0,2325,0,-1,0
2326,-1,-1,2326,1343,1623,1552,2126,2275,831,0,0,0,0,2326,0,-1,0
2327,-1,-1,2327,-1,1624,-1,2127,2276,832,0,0,0,0,2327,0,-1,0
2328,-1,-1,2328,-1,1625,1553,2128,2277,833,0,0,0,0,2328,0,-1,0
2329,-1,-1,2329,1344,1626,1554,2129,2278,834,0,0,0,0,2329,0,-1,0
2330,-1,-1,2330,-1,-1,-1,2130,2279,834,0,0,0,0,2330,0,-1,0
2331,-1,-1,2331,1345,1626,-1,2131,2280,834,0,0,0,0,2331,0,-1,0
2332,-1,-1,2332,1346,1626,1555,2132,2281,834,0,0,0,0,2332,0,-1,0
2333,-1,-1,2333,1347,1627,1556,2133,2282,-1,0,0,0,0,2333,0,-1,0
2334,-1,-1,2334,1348,1628,1557,2134,2283,-1,0,0,0,0,2334,0,-1,0
2335,-1,-1,2335,1349,1628,1558,2135,2284,-1,0,0,0,0,2335,0,-1,0
2336,-1,-1,2336,1350,1629,1559,2136,2285,835,0,0,0,0,2336,0,-1,0
2337,-1,-1,2337,1351,1630,1559,2137,2286,836,0,0,0,0,2337,0,-1,0
2338,-1,-1,2338,-1,-1,-1,2138,2287,-1,0,0,0,0,2338,0,-1,0
2339,-1,-1,2339,1352,1631,1560,2139,2288,-1,0,0,0,0,2339,0,-1,0
2340,-1,-1,2340,-1,-1,-1,2140,2289,836,0,0,0,0,2340,0,-1,0
2341,-1,-1,2341,-1,-1,-1,2141,2290,-1,0,0,0,0,2341,0,-1,0
2342,-1,-1,2342,1353,1632,1561,2142,2291,837,0,0,0,0,2342,0,-1,0
2343,-1,-1,2343,1354,1633,1562,2143,2292,-1,0,0,0,0,2343,0,-1,0
2344,-1,-1,2344,1355,1634,1563,2143,2293,838,0,0,0,0,2344,0,-1,0
2345,-1,-1,2345,-1,-1,-1,2144,2294,838,0,0,0,0,2345,0,-1,0
2346,-1,-1,2346,1356,1635,1564,2145,2295,-1,0,0,0,0,2346,0,-1,0
2347,-1,-1,2347,1357,1635,1565,2146,2296,838,0,0,0,0,2347,0,-1,0
2348,-1,-1,2348,1357,-1,1566,2147,2297,-1,0,0,0,0,2348,0,-1,0
2349,-1,-1,2349,-1,1636,1567,2148,2298,838,0,0,0,0,2349,0,-1,0
2350,-1,-1,2350,1358,1637,1568,2149,2299,838,0,0,0,0,2350,0,-1,0
2351,-1,-1,2351,1359,1638,-1,2150,2300,839,0,0,0,0,2351,0,-1,0
2352,-1,-1,2352,1360,1639,1569,2151,2301,-1,0,0,0,0,2352,0,-1,0
2353,-1,-1,2353,1361,1640,1570,2152,2302,840,0,0,0,0,2353,0,-1,0
2354,-1,-1,2354,1362,1641,1571,2153,2303,841,0,0,0,0,2354,0,-1,0
2355,-1,-1,2355,1363,1642,1572,2154,2304,841,0,0,0,0,2355,0,-1,0
2356,-1,-1,2356,-1,1643,1573,2155,2305,841,0,0,0,0,2356,0,-1,0
2357,-1,-1,2357,1364,1644,1574,2156,2306,841,0,0,0,0,2357,0,-1,0
2358,-1,-1,2358,1364,1645,1574,2157,2307,-1,0,0,0,0,2358,0,-1,0
2359,-1,-1,2359,1365,1646,1575,2157,2308,842,0,0,0,0,2359,0,-1,0
2360,-1,-1,2360,-1,1647,1576,2158,2309,843,0,0,0,0,2360,0,-1,0
2361,-1,-1,2361,1366,1648,1577,2158,2309,843,0,0,0,0,2361,0,-1,0
2362,-1,-1,2362,-1,1649,1577,2158,2310,-1,0,0,0,0,2362,0,-1,0
2363,-1,-1,2363,-1,-1,-1,2159,2311,-1,0,0,0,0,2363,0,-1,0
2364,-1,15,2364,1367,-1,-1,2160,2312,-1,0,0,0,0,2364,0,-1,0
2365,-1,-1,2365,-1,1650,1578,2161,2313,843,0,0,0,0,2365,0,-1,0
2366,-1,-1,2366,-1,1651,-1,2162,2314,-1,0,0,0,0,2366,0,-1,0
2367,-1,-1,2367,-1,1652,-1,2162,2314,-1,0,0,0,0,2367,0,-1,0
2368,-1,-1,2368,-1,1653,-1,2163,2315,-1,0,0,0,0,2368,0,-1,0
2369,-1,-1,2369,1368,1654,1579,2164,2316,-1,0,0,0,0,2369,0,-1,0
2370,-1,-1,2370,1369,1655,1579,2165,2317,843,0,0,0,0,2370,0,-1,0
2371,-1,-1,2371,-1,1656,1580,2165,2318,-1,0,0,0,0,2371,0,-1,0
2372,-1,-1,2372,-1,1657,1581,2165,2319,843,0,0,0,0,2372,0,-1,0
2373,-1,-1,2373,-1,1658,1582,2166,2320,843,0,0,0,0,2373,0,-1,0
2374,-1,-1,2374,1370,1658,1583,2167,2321,844,0,0,0,0,2374,0,-1,0
2375,-1,-1,2375,1371,1659,-1,-1,2322,844,0,0,0,0,2375,0,-1,0
2376,-1,-1,2376,1372,1660,1584,2168,2323,845,0,0,0,0,2376,0,-1,0
2377,-1,-1,2377,1372,1661,1585,2169,2324,846,0,0,0,0,2377,0,-1,0
2378,-1,-1,2378,1373,1662,1586,2170,2325,847,0,0,0,0,2378,0,-1,0
2379,-1,-1,2379,1374,1663,1587,2171,2326,847,0,0,0,0,2379,0,-1,0
2380,-1,-1,2380,-1,-1,-1,2172,2327,-1,0,0,0,0,2380,0,-1,0
2381,-1,-1,2381,-1,1664,1588,2173,2328,-1,0,0,0,0,2381,0,-1,0
2382,-1,-1,2382,1375,1664,-1,2174,2329,-1,0,0,0,0,2382,0,-1,0
2383,-1,-1,2383,1376,-1,-1,2175,2330,847,0,0,0,0,2383,0,-1,0
2384,-1,-1,2384,1377,1664,1588,2176,2331,848,0,0,0,0,2384,0,-1,0
2385,-1,-1,2385,-1,1664,-1,2177,2332,-1,0,0,0,0,2385,0,-1,0
2386,-1,-1,2386,-1,-1,-1,2178,2333,849,0,0,0,0,2386,0,-1,0
2387,-1,-1,2387,1377,1665,1589,2179,2334,850,0,0,0,0,2387,0,-1,0
2388,-1,-1,2388,-1,1665,1590,2180,2335,850,0,0,0,0,2388,0,-1,0
2389,-1,-1,2389,-1,1666,1591,2181,2336,850,0,0,0,0,2389,0,-1,0
2390,-1,-1,2390,1377,1666,1592,2182,2337,850,0,0,0,0,2390,0,-1,0
2391,-1,-1,2391,1378,1666,1593,2183,2338,851,0,0,0,0,2391,0,-1,0
2392,-1,-1,2392,1379,1667,1594,2184,2339,852,0,0,0,0,2392,0,-1,0
2393,-1,-1,2393,-1,1668,1595,2185,2340,852,0,0,0,0,2393,0,-1,0
2394,-1,-1,2394,1380,1669,1596,2186,2341,853,0,0,0,0,2394,0,-1,0
2395,-1,-1,2395,1380,1670,1597,2187,2342,854,0,0,0,0,2395,0,-1,0
2396,-1,-1,2396,1381,1670,-1,2188,2343,855,0,0,0,0,2396,0,-1,0
2397,-1,-1,2397,-1,-1,-1,-1,2344,-1,0,0,0,0,2397,0,-1,0
2398,-1,-1,2398,1382,1671,1598,2189,2345,856,0,0,0,0,2398,0,-1,0
2399,-1,-1,2399,1383,1672,1599,2190,2346,856,0,0,0,0,2399,0,-1,0
2400,-1,-1,2400,1384,1672,1600,2191,2347,856,0,0,0,0,2400,0,-1,0
2401,-1,-1,2401,-1,1673,-1,2192,2348,-1,0,0,0,0,2401,0,-1,0
2402,-1,-1,2402,1385,1674,1601,2193,2349,-1,0,0,0,0,2402,0,-1,0
2403,-1,-1,2403,-1,1675,-1,2194,2350,857,0,0,0,0,2403,0,-1,0
2404,-1,-1,2404,1386,1676,-1,2195,2351,858,0,0,0,0,2404,0,-1,0
2405,-1,-1,2405,1387,1677,1602,2196,2352,859,0,0,0,0,2405,0,-1,0
2406,-1,-1,2406,1387,1677,1603,2197,2353,860,0,0,0,0,2406,0,-1,0
2407,-1,-1,2407,-1,-1,-1,-1,2354,861,0,0,0,0,2407,0,-1,0
2408,-1,-1,2408,1387,1678,1604,2197,2355,862,0,0,0,0,2408,0,-1,0
2409,-1,-1,2409,-1,-1,-1,2198,2356,-1,0,0,0,0,2409,0,-1,0
2410,-1,-1,2410,-1,1679,-1,2199,2357,862,0,0,0,0,2410,0,-1,0
2411,-1,-1,2411,-1,1679,1605,2200,2358,862,0,0,0,0,2411,0,-1,0
2412,-1,-1,2412,1387,-1,-1,2201,2359,-1,0,0,0,0,2412,0,-1,0
2413,-1,-1,2413,1388,1680,1606,2202,2360,862,0,0,0,0,2413,0,-1,0
2414,-1,-1,2414,1388,1681,1607,2203,2361,-1,0,0,0,0,2414,0,-1,0
2415,-1,-1,2415,1389,1682,1608,2204,2362,862,0,0,0,0,2415,0,-1,0
2416,-1,-1,2416,1390,1683,1609,2205,2363,-1,0,0,0,0,2416,0,-1,0
2417,-1,-1,2417,1391,1684,-1,2206,2364,862,0,0,0,0,2417,0,-1,0
2418,-1,-1,2418,1392,1685,1610,2207,2365,862,0,0,0,0,2418,0,-1,0
2419,-1,-1,2419,1392,1686,1611,2208,2366,863,0,0,0,0,2419,0,-1,0
2420,-1,-1,2420,1392,1687,1612,2208,2367,-1,0,0,0,0,2420,0,-1,0
2421,-1,-1,2421,1393,1688,1613,2209,2368,-1,0,0,0,0,2421,0,-1,0
2422,-1,-1,2422,1394,1689,1614,2210,2369,864,0,0,0,0,2422,0,-1,0
2423,-1,-1,2423,1395,1690,1615,2211,2370,865,0,0,0,0,2423,0,-1,0
2424,-1,-1,2424,1396,1691,-1,2212,2371,-1,0,0,0,0,2424,0,-1,0
2425,-1,-1,2425,1397,1692,1616,2213,2372,866,0,0,0,0,2425,0,-1,0
2426,-1,-1,2426,1398,1693,1617,2214,2373,867,0,0,0,0,2426,0,-1,0
2427,-1,-1,2427,1399,1694,1618,2214,2374,868,0,0,0,0,2427,0,-1,0
2428,-1,-1,2428,1400,1695,1619,2215,2375,-1,0,0,0,0,2428,0,-1,0
2429,-1,-1,2429,-1,-1,-1,2216,2376,869,0,0,0,0,2429,0,-1,0
2430,-1,-1,2430,1400,1696,1620,2217,2377,869,0,0,0,0,2430,0,-1,0
2431,-1,-1,2431,-1,1697,-1,2218,2378,870,0,0,0,0,2431,0,-1,0
2432,-1,-1,2432,1401,1698,1621,2219,2379,-1,0,0,0,0,2432,0,-1,0
2433,-1,-1,2433,1402,1699,-1,2220,2380,871,0,0,0,0,2433,0,-1,0
2434,-1,-1,2434,1403,1699,1622,2221,2381,871,0,0,0,0,2434,0,-1,0
2435,-1,-1,2435,1404,1700,1623,2222,2382,871,0,0,0,0,2435,0,-1,0
2436,-1,-1,2436,1404,1701,1624,2223,2383,871,0,0,0,0,2436,0,-1,0
2437,-1,-1,2437,1405,1701,1625,2223,2384,-1,0,0,0,0,2437,0,-1,0
2438,-1,-1,2438,-1,1702,1626,2224,2385,871,0,0,0,0,2438,0,-1,0
2439,-1,-1,2439,1406,1703,-1,2225,2386,-1,0,0,0,0,2439,0,-1,0
2440,-1,-1,2440,1407,1704,1627,2226,2387,872,0,0,0,0,2440,0,-1,0
2441,-1,-1,2441,1408,1705,1628,2227,2388,873,0,0,0,0,2441,0,-1,0
2442,-1,-1,2442,1409,1706,1629,2228,2389,-1,0,0,0,0,2442,0,-1,0
2443,-1,-1,2443,1410,1707,1630,2229,2390,874,0,0,0,0,2443,0,-1,0
2444,-1,-1,2444,1411,1708,1631,2230,2391,874,0,0,0,0,2444,0,-1,0
2445,-1,-1,2445,1412,-1,1632,2231,2392,875,0,0,0,0,2445,0,-1,0
2446,-1,-1,2446,-1,1709,1633,2232,2393,876,0,0,0,0,2446,0,-1,0
2447,-1,-1,2447,1413,1710,1634,2233,2394,877,0,0,0,0,2447,0,-1,0
2448,-1,-1,2448,-1,1711,1635,2234,2395,878,0,0,0,0,2448,0,-1,0
2449,-1,-1,2449,-1,1712,1636,2235,2396,879,0,0,0,0,2449,0,-1,0
2450,-1,-1,2450,1414,1713,-1,2236,2397,-1,0,0,0,0,2450,0,-1,0
2451,-1,-1,2451,1415,1714,1637,2237,2398,-1,0,0,0,0,2451,0,-1,0
2452,-1,-1,2452,1416,1715,1638,2238,2399,880,0,0,0,0,2452,0,-1,0
2453,-1,-1,2453,-1,1716,1638,2239,2400,880,0,0,0,0,2453,0,-1,0
2454,-1,-1,2454,-1,-1,-1,2240,2401,881,0,0,0,0,2454,0,-1,0
2455,-1,-1,2455,1417,-1,1639,2241,2402,-1,0,0,0,0,2455,0,-1,0
2456,-1,-1,2456,1417,-1,-1,2242,2403,882,0,0,0,0,2456,0,-1,0
2457,-1,-1,2457,-1,1717,1639,2243,2404,883,0,0,0,0,2457,0,-1,0
2458,-1,-1,2458,-1,1717,1640,2244,2405,-1,0,0,0,0,2458,0,-1,0
2459,-1,-1,2459,1418,-1,1641,2245,2406,884,0,0,0,0,2459,0,-1,0
2460,-1,-1,2460,-1,1718,-1,2246,2407,884,0,0,0,0,2460,0,-1,0
2461,-1,-1,2461,1419,1719,1642,2247,2408,885,0,0,0,0,2461,0,-1,0
2462,-1,-1,2462,-1,-1,-1,2248,2409,-1,0,0,0,0,2462,0,-1,0
2463,-1,-1,2463,1420,1719,1643,2249,2410,885,0,0,0,0,2463,0,-1,0
2464,-1,-1,2464,-1,-1,-1,2250,2411,-1,0,0,0,0,2464,0,-1,0
2465,-1,16,2465,-1,-1,-1,2251,2412,885,0,0,0,0,2465,0,-1,0
2466,-1,-1,2466,-1,-1,-1,2251,2413,-1,0,0,0,0,2466,0,-1,0
2467,-1,-1,2467,1420,1720,1644,2252,2414,886,0,0,0,0,2467,0,-1,0
2468,-1,-1,2468,1420,1720,1645,2252,2415,887,0,0,0,0,2468,0,-1,0
2469,-1,-1,2469,1421,1721,1646,2253,2416,887,0,0,0,0,2469,0,-1,0
2470,-1,-1,2470,1421,1722,1647,2254,2417,888,0,0,0,0,2470,0,-1,0
2471,-1,-1,2471,1422,1723,1648,2255,2418,889,0,0,0,0,2471,0,-1,0
2472,-1,-1,2472,1423,1724,1649,2256,2419,889,0,0,0,0,2472,0,-1,0
2473,-1,-1,2473,1424,1725,1650,2257,2420,889,0,0,0,0,2473,0,-1,0
2474,-1,-1,2474,-1,-1,-1,2258,2421,889,0,0,0,0,2474,0,-1,0
2475,-1,-1,2475,1425,1726,1651,2259,2422,889,0,0,0,0,2475,0,-1,0
2476,-1,-1,2476,1425,1727,1652,2260,2423,890,0,0,0,0,2476,0,-1,0
2477,-1,-1,2477,1426,1727,1653,2261,2424,891,0,0,0,0,2477,0,-1,0
2478,-1,-1,2478,1427,1728,1654,2262,2425,891,0,0,0,0,2478,0,-1,0
2479,-1,-1,2479,1428,1729,1655,2263,2426,891,0,0,0,0,2479,0,-1,0
2480,-1,-1,2480,1429,1730,1656,2264,2427,891,0,0,0,0,2480,0,-1,0
2481,-1,-1,2481,1429,1730,1657,2265,2428,892,0,0,0,0,2481,0,-1,0
2482,-1,-1,2482,-1,1731,1658,2266,2429,-1,0,0,0,0,2482,0,-1,0
2483,-1,-1,2483,1430,1732,1659,2267,2430,893,0,0,0,0,2483,0,-1,0
2484,-1,-1,2484,1431,1733,1660,2268,2431,894,0,0,0,0,2484,0,-1,0
2485,-1,-1,2485,1432,-1,-1,2269,2432,895,0,0,0,0,2485,0,-1,0
2486,-1,-1,2486,1433,1734,1661,2270,2433,896,0,0,0,0,2486,0,-1,0
2487,-1,-1,2487,1434,1735,1662,2271,2434,897,0,0,0,0,2487,0,-1,0
2488,-1,-1,2488,-1,1735,1663,2272,2435,897,0,0,0,0,2488,0,-1,0
2489,-1,-1,2489,-1,1735,1664,2273,2436,897,0,0,0,0,2489,0,-1,0
2490,-1,-1,2490,-1,-1,-1,2274,2437,-1,0,0,0,0,2490,0,-1,0
2491,-1,-1,2491,1435,-1,-1,2274,2438,898,0,0,0,0,2491,0,-1,0
2492,-1,-1,2492,-1,1736,1665,2275,2439,-1,0,0,0,0,2492,0,-1,0
2493,-1,-1,2493,-1,1737,1666,2276,2440,899,0,0,0,0,2493,0,-1,0
2494,-1,-1,2494,1436,1738,1667,2277,2441,899,0,0,0,0,2494,0,-1,0
2495,-1,-1,2495,1437,1739,1668,2278,2442,-1,0,0,0,0,2495,0,-1,0
2496,-1,-1,2496,1438,1740,1669,2279,2443,899,0,0,0,0,2496,0,-1,0
2497,-1,-1,2497,1439,-1,-1,2280,2444,899,0,0,0,0,2497,0,-1,0
2498,-1,-1,2498,-1,1741,1670,2281,2445,-1,0,0,0,0,2498,0,-1,0
2499,-1,-1,2499,-1,1742,1671,2282,2446,900,0,0,0,0,2499,0,-1,0
2500,-1,-1,2500,1439,1743,1672,2283,2447,-1,0,0,0,0,2500,0,-1,0
2501,-1,-1,2501,1439,1743,1673,2283,2448,901,0,0,0,0,2501,0,-1,0
2502,-1,-1,2502,1440,1744,1674,2284,2449,-1,0,0,0,0,2502,0,-1,0
2503,-1,-1,2503,1441,1745,-1,2285,2450,901,0,0,0,0,2503,0,-1,0
2504,-1,-1,2504,1442,1746,1675,2286,2451,-1,0,0,0,0,2504,0,-1,0
2505,-1,-1,2505,1443,1747,1676,2286,2451,-1,0,0,0,0,2505,0,-1,0
2506,-1,-1,2506,-1,1748,1677,2287,2452,901,0,0,0,0,2506,0,-1,0
2507,-1,-1,2507,1444,1749,1678,2288,2453,-1,0,0,0,0,2507,0,-1,0
2508,-1,-1,2508,1444,1750,1679,2289,2454,-1,0,0,0,0,2508,0,-1,0
2509,-1,-1,2509,1445,1750,1680,2290,2455,-1,0,0,0,0,2509,0,-1,0
2510,-1,-1,2510,1446,1751,1681,2291,2456,901,0,0,0,0,2510,0,-1,0
2511,-1,-1,2511,1447,1752,1682,2292,2457,901,0,0,0,0,2511,0,-1,0
2512,-1,-1,2512,1448,1752,-1,2293,2458,-1,0,0,0,0,2512,0,-1,0
2513,-1,-1,2513,-1,1753,1683,2294,2459,-1,0,0,0,0,2513,0,-1,0
2514,-1,-1,2514,-1,1753,1684,2295,2460,-1,0,0,0,0,2514,0,-1,0
2515,-1,-1,2515,-1,1754,1685,2296,2461,-1,0,0,0,0,2515,0,-1,0
2516,-1,-1,2516,1449,1755,1686,2297,2462,901,0,0,0,0,2516,0,-1,0
2517,-1,-1,2517,1449,1755,1687,2298,2463,902,0,0,0,0,2517,0,-1,0
2518,-1,-1,2518,1450,1755,1688,2299,2464,903,0,0,0,0,2518,0,-1,0
2519,-1,-1,2519,1451,1756,1689,2300,2465,904,0,0,0,0,2519,0,-1,0
2520,-1,-1,2520,1451,1756,1690,2301,2466,904,0,0,0,0,2520,0,-1,0
2521,-1,-1,2521,1452,-1,-1,2302,2467,-1,0,0,0,0,2521,0,-1,0
2522,-1,-1,2522,1453,1757,1691,2303,2468,904,0,0,0,0,2522,0,-1,0
2523,-1,-1,2523,1454,1758,-1,2304,2469,-1,0,0,0,0,2523,0,-1,0
2524,-1,-1,2524,-1,1759,-1,2305,2470,-1,0,0,0,0,2524,0,-1,0
2525,-1,-1,2525,1455,-1,-1,2306,2471,904,0,0,0,0,2525,0,-1,0
2526,-1,-1,2526,1456,1760,1692,2307,2472,904,0,0,0,0,2526,0,-1,0
2527,-1,-1,2527,1457,1760,1693,2308,2473,905,0,0,0,0,2527,0,-1,0
2528,-1,-1,2528,-1,1761,1694,2309,2474,906,0,0,0,0,2528,0,-1,0
2529,-1,-1,2529,1458,1762,1695,2310,2475,906,0,0,0,0,2529,0,-1,0
2530,-1,-1,2530,1459,1763,1696,2311,2476,-1,0,0,0,0,2530,0,-1,0
2531,-1,-1,2531,1460,-1,-1,2312,2477,907,0,0,0,0,2531,0,-1,0
2532,-1,-1,2532,-1,-1,-1,2313,2478,907,0,0,0,0,2532,0,-1,0
2533,-1,-1,2533,1461,1764,1697,2314,2479,-1,0,0,0,0,2533,0,-1,0
2534,-1,-1,2534,1462,1765,1698,2315,2480,908,0,0,0,0,2534,0,-1,0
2535,-1,-1,2535,1462,1766,1699,2316,2481,-1,0,0,0,0,2535,0,-1,0
2536,-1,-1,2536,1463,1766,1700,2317,2482,909,0,0,0,0,2536,0,-1,0
2537,-1,-1,2537,1464,1766,1701,2318,2483,910,0,0,0,0,2537,0,-1,0
2538,-1,-1,2538,-1,-1,-1,2319,2484,-1,0,0,0,0,2538,0,-1,0
2539,-1,-1,2539,1465,1767,1702,2320,2485,911,0,0,0,0,2539,0,-1,0
2540,-1,-1,2540,1466,1768,-1,2321,2486,912,0,0,0,0,2540,0,-1,0
2541,-1,-1,2541,1467,1768,-1,2322,2487,912,0,0,0,0,2541,0,-1,0
2542,-1,-1,2542,1468,1768,1703,2323,2488,913,0,0,0,0,2542,0,-1,0
2543,-1,-1,2543,-1,1768,1704,2324,2489,914,0,0,0,0,2543,0,-1,0
2544,-1,-1,2544,-1,1769,-1,2325,2490,914,0,0,0,0,2544,0,-1,0
2545,-1,-1,2545,-1,1770,1705,2326,2491,914,0,0,0,0,2545,0,-1,0
2546,-1,-1,2546,1469,1771,1706,2327,2492,914,0,0,0,0,2546,0,-1,0
2547,-1,-1,2547,1469,1772,1707,2328,2493,915,0,0,0,0,2547,0,-1,0
2548,-1,-1,2548,-1,1772,1708,2329,2494,916,0,0,0,0,2548,0,-1,0
2549,-1,-1,2549,-1,-1,1709,2330,2495,916,0,0,0,0,2549,0,-1,0
2550,-1,-1,2550,1470,1773,1710,2331,2496,917,0,0,0,0,2550,0,-1,0
2551,-1,-1,2551,1471,-1,-1,2332,2497,918,0,0,0,0,2551,0,-1,0
2552,-1,-1,2552,1472,1774,1711,2333,2498,919,0,0,0,0,2552,0,-1,0
2553,-1,-1,2553,1473,1775,1712,2334,2499,920,0,0,0,0,2553,0,-1,0
2554,-1,-1,2554,1474,1776,1713,2335,2500,920,0,0,0,0,2554,0,-1,0
2555,-1,-1,2555,1475,1777,1714,2336,2501,920,0,0,0,0,2555,0,-1,0
2556,-1,-1,2556,1476,1777,1715,2337,2502,920,0,0,0,0,2556,0,-1,0
2557,-1,-1,2557,-1,1778,-1,2338,2503,-1,0,0,0,0,2557,0,-1,0
2558,-1,-1,2558,1477,1779,1716,2339,2504,920,0,0,0,0,2558,0,-1,0
2559,-1,-1,2559,1478,1780,-1,2340,2505,-1,0,0,0,0,2559,0,-1,0
2560,-1,-1,2560,-1,-1,-1,2341,2506,-1,0,0,0,0,2560,0,-1,0
2561,-1,-1,2561,1479,1781,-1,2342,2507,920,0,0,0,0,2561,0,-1,0
2562,-1,-1,2562,1480,1782,1717,2343,2508,921,0,0,0,0,2562,0,-1,0
2563,-1,-1,2563,1481,1783,-1,2344,2509,922,0,0,0,0,2563,0,-1,0
2564,-1,-1,2564,-1,1784,1718,2345,2510,-1,0,0,0,0,2564,0,-1,0
2565,-1,-1,2565,1481,1785,1719,2346,2511,923,0,0,0,0,2565,0,-1,0
2566,-1,-1,2566,1482,1786,1720,2347,2512,924,0,0,0,0,2566,0,-1,0
2567,-1,-1,2567,-1,1787,-1,2348,2513,925,0,0,0,0,2567,0,-1,0
2568,-1,-1,2568,-1,1788,-1,2349,2514,925,0,0,0,0,2568,0,-1,0
2569,-1,-1,2569,1483,1789,1721,2350,2515,925,0,0,0,0,2569,0,-1,0
2570,-1,-1,2570,1484,1790,1722,2351,2516,-1,0,0,0,0,2570,0,-1,0
2571,-1,-1,2571,1485,1791,1723,2352,2517,925,0,0,0,0,2571,0,-1,0
2572,-1,-1,2572,1485,1792,-1,2353,2518,925,0,0,0,0,2572,0,-1,0
2573,-1,-1,2573,-1,1793,1724,2354,2519,-1,0,0,0,0,2573,0,-1,0
2574,-1,-1,2574,1485,1794,1725,2355,2520,925,0,0,0,0,2574,0,-1,0
2575,-1,-1,2575,1486,1794,1726,2356,2521,925,0,0,0,0,2575,0,-1,0
2576,-1,-1,2576,1487,1795,1727,2357,2522,925,0,0,0,0,2576,0,-1,0
2577,-1,-1,2577,1488,1796,1728,2358,2523,-1,0,0,0,0,2577,0,-1,0
2578,-1,-1,2578,-1,-1,-1,2359,2524,925,0,0,0,0,2578,0,-1,0
2579,-1,-1,2579,1489,1797,1729,2360,2525,-1,0,0,0,0,2579,0,-1,0
2580,-1,17,2580,-1,-1,-1,2361,2526,-1,0,0,0,0,2580,0,-1,0
2581,-1,-1,2581,1490,1798,1730,2362,2527,925,0,0,0,0,2581,0,-1,0
2582,-1,-1,2582,1491,1799,1731,2363,2528,925,0,0,0,0,2582,0,-1,0
2583,-1,-1,2583,-1,1800,-1,2364,2529,-1,0,0,0,0,2583,0,-1,0
2584,-1,-1,2584,1492,1801,1732,2365,2530,926,0,0,0,0,2584,0,-1,0
2585,-1,-1,2585,-1,1802,1733,2366,2531,-1,0,0,0,0,2585,0,-1,0
2586,-1,-1,2586,-1,1803,1734,2367,2532,927,0,0,0,0,2586,0,-1,0
2587,-1,-1,2587,1493,1804,1735,2367,2532,927,0,0,0,0,2587,0,-1,0
2588,-1,-1,2588,1494,1805,1736,2368,2533,927,0,0,0,0,2588,0,-1,0
2589,-1,-1,2589,1495,1805,1737,2368,2534,927,0,0,0,0,2589,0,-1,0
2590,-1,-1,2590,1496,-1,-1,2368,2534,927,0,0,0,0,2590,0,-1,0
2591,-1,-1,2591,1497,1806,1738,2369,2535,-1,0,0,0,0,2591,0,-1,0
2592,-1,-1,2592,1498,-1,-1,2369,2536,927,0,0,0,0,2592,0,-1,0
2593,-1,-1,2593,-1,1806,1739,2370,2537,-1,0,0,0,0,2593,0,-1,0
2594,-1,-1,2594,1499,1807,1740,2371,2538,-1,0,0,0,0,2594,0,-1,0
2595,-1,-1,2595,1500,1808,-1,2372,2539,928,0,0,0,0,2595,0,-1,0
2596,-1,-1,2596,-1,-1,-1,2373,2540,-1,0,0,0,0,2596,0,-1,0
2597,-1,-1,2597,1501,1809,1741,-1,2541,928,0,0,0,0,2597,0,-1,0
2598,-1,-1,2598,-1,-1,-1,2374,2542,929,0,0,0,0,2598,0,-1,0
2599,-1,-1,2599,1502,1810,-1,2375,2543,-1,0,0,0,0,2599,0,-1,0
2600,-1,-1,2600,-1,1811,1742,2376,2544,929,0,0,0,0,2600,0,-1,0
2601,-1,-1,2601,1502,1812,1743,2377,2545,929,0,0,0,0,2601,0,-1,0
2602,-1,-1,2602,1502,1813,1744,2378,2546,929,0,0,0,0,2602,0,-1,0
2603,-1,-1,2603,1503,1814,1745,2379,2547,929,0,0,0,0,2603,0,-1,0
2604,-1,-1,2604,-1,1815,1746,2380,2548,930,0,0,0,0,2604,0,-1,0
2605,-1,-1,2605,-1,1816,1747,2381,2549,931,0,0,0,0,2605,0,-1,0
2606,-1,-1,2606,1504,1817,1748,2382,2550,932,0,0,0,0,2606,0,-1,0
2607,-1,-1,2607,-1,-1,-1,2383,2551,933,0,0,0,0,2607,0,-1,0
2608,-1,-1,2608,-1,1818,-1,2384,2552,-1,0,0,0,0,2608,0,-1,0
2609,-1,-1,2609,1505,1819,1749,2385,2553,-1,0,0,0,0,2609,0,-1,0
2610,-1,-1,2610,1506,1820,1749,2386,2554,-1,0,0,0,0,2610,0,-1,0
2611,-1,-1,2611,-1,1821,1750,2387,2555,934,0,0,0,0,2611,0,-1,0
2612,-1,-1,2612,1507,-1,1751,2388,2556,934,0,0,0,0,2612,0,-1,0
2613,-1,-1,2613,1507,-1,1752,2389,2557,934,0,0,0,0,2613,0,-1,0
2614,-1,-1,2614,1508,1821,1753,2389,2558,934,0,0,0,0,2614,0,-1,0
2615,-1,-1,2615,1509,1822,1753,2390,2559,-1,0,0,0,0,2615,0,-1,0
2616,-1,-1,2616,1510,1823,-1,2391,2560,-1,0,0,0,0,2616,0,-1,0
2617,-1,-1,2617,1511,1824,1754,2392,2561,934,0,0,0,0,2617,0,-1,0
2618,-1,-1,2618,-1,-1,-1,2392,2562,935,0,0,0,0,2618,0,-1,0
2619,-1,-1,2619,1511,1825,1755,2393,2563,-1,0,0,0,0,2619,0,-1,0
2620,-1,-1,2620,1512,1826,1756,2393,2564,936,0,0,0,0,2620,0,-1,0
2621,-1,-1,2621,-1,-1,-1,2393,2565,-1,0,0,0,0,2621,0,-1,0
2622,-1,-1,2622,1513,1826,1757,2394,2566,-1,0,0,0,0,2622,0,-1,0
2623,-1,-1,2623,-1,1827,1758,2394,2567,937,0,0,0,0,2623,0,-1,0
2624,-1,-1,2624,1514,1828,1759,2395,2568,-1,0,0,0,0,2624,0,-1,0
2625,-1,-1,2625,1515,1829,1760,2396,2569,937,0,0,0,0,2625,0,-1,0
2626,-1,-1,2626,1516,-1,-1,2397,2570,-1,0,0,0,0,2626,0,-1,0
2627,-1,-1,2627,1517,1830,1761,2398,2571,-1,0,0,0,0,2627,0,-1,0
2628,-1,-1,2628,1518,1831,1762,2399,2572,938,0,0,0,0,2628,0,-1,0
2629,-1,-1,2629,1519,1831,1763,2400,2573,939,0,0,0,0,2629,0,-1,0
2630,-1,-1,2630,1520,1832,1764,2401,2574,940,0,0,0,0,2630,0,-1,0
2631,-1,-1,2631,-1,-1,-1,2402,2575,941,0,0,0,0,2631,0,-1,0
2632,-1,-1,2632,1521,1833,1765,2403,2576,941,0,0,0,0,2632,0,-1,0
2633,-1,-1,2633,1521,1834,1766,2404,2577,941,0,0,0,0,2633,0,-1,0
2634,-1,-1,2634,1522,1835,-1,2405,2578,941,0,0,0,0,2634,0,-1,0
2635,-1,-1,2635,1523,1836,1767,2406,2579,941,0,0,0,0,2635,0,-1,0
2636,-1,-1,2636,1524,1837,1767,2407,2580,941,0,0,0,0,2636,0,-1,0
2637,-1,-1,2637,1525,-1,1768,2408,2581,-1,0,0,0,0,2637,0,-1,0
2638,-1,-1,2638,-1,1838,1769,2409,2582,-1,0,0,0,0,2638,0,-1,0
2639,-1,-1,2639,1526,1839,1770,2410,2583,942,0,0,0,0,2639,0,-1,0
2640,-1,-1,2640,1526,1840,1771,2411,2584,943,0,0,0,0,2640,0,-1,0
2641,-1,-1,2641,1527,1841,1772,2412,2585,-1,0,0,0,0,2641,0,-1,0
2642,-1,-1,2642,-1,1842,-1,2413,2586,-1,0,0,0,0,2642,0,-1,0
2643,-1,-1,2643,-1,1843,1773,2414,2587,944,0,0,0,0,2643,0,-1,0
2644,-1,-1,2644,1528,1844,1774,2415,2588,945,0,0,0,0,2644,0,-1,0
2645,-1,-1,2645,-1,1845,-1,2416,2589,946,0,0,0,0,2645,0,-1,0
2646,-1,-1,2646,-1,-1,-1,2417,2590,-1,0,0,0,0,2646,0,-1,0
2647,-1,-1,2647,1528,1846,1775,2418,2591,947,0,0,0,0,2647,0,-1,0
2648,-1,-1,2648,1529,1847,1776,2419,2592,948,0,0,0,0,2648,0,-1,0
2649,-1,-1,2649,-1,1848,1777,2420,2593,948,0,0,0,0,2649,0,-1,0
2650,-1,-1,2650,1530,1849,1778,2421,2594,948,0,0,0,0,2650,0,-1,0
2651,-1,-1,2651,1531,1850,1778,2422,2595,948,0,0,0,0,2651,0,-1,0
2652,-1,-1,2652,1532,1851,1779,2423,2596,-1,0,0,0,0,2652,0,-1,0
2653,-1,-1,2653,1532,1851,1780,2424,2597,-1,0,0,0,0,2653,0,-1,0
2654,-1,-1,2654,1533,1852,1781,2425,2598,948,0,0,0,0,2654,0,-1,0
2655,-1,-1,2655,1533,1853,1782,2426,2599,948,0,0,0,0,2655,0,-1,0
2656,-1,-1,2656,1534,1854,1783,2427,2600,948,0,0,0,0,2656,0,-1,0
2657,-1,-1,2657,1535,1855,1784,2428,2601,-1,0,0,0,0,2657,0,-1,0
2658,-1,-1,2658,1536,1856,-1,2429,2602,948,0,0,0,0,2658,0,-1,0
2659,-1,-1,2659,-1,1857,1785,2430,2603,-1,0,0,0,0,2659,0,-1,0
2660,-1,-1,2660,-1,1858,1786,2431,2604,-1,0,0,0,0,2660,0,-1,0
2661,-1,-1,2661,1537,1859,1787,2431,2605,948,0,0,0,0,2661,0,-1,0
2662,-1,-1,2662,1538,1859,1788,2431,2606,-1,0,0,0,0,2662,0,-1,0
2663,-1,-1,2663,1538,-1,1789,2431,2607,948,0,0,0,0,2663,0,-1,0
2664,-1,-1,2664,1539,1859,1790,2432,2608,949,0,0,0,0,2664,0,-1,0
2665,-1,-1,2665,1540,1860,1791,2433,2609,950,0,0,0,0,2665,0,-1,0
2666,-1,-1,2666,-1,1861,-1,2434,2610,-1,0,0,0,0,2666,0,-1,0
2667,-1,-1,2667,-1,-1,-1,2435,2611,951,0,0,0,0,2667,0,-1,0
2668,-1,-1,2668,-1,1862,-1,2436,2612,-1,0,0,0,0,2668,0,-1,0
2669,-1,-1,2669,-1,1863,1792,-1,2613,952,0,0,0,0,2669,0,-1,0
2670,-1,-1,2670,-1,-1,-1,2437,2614,-1,0,0,0,0,2670,0,-1,0
2671,-1,-1,2671,1541,-1,1793,2438,2615,-1,0,0,0,0,2671,0,-1,0
2672,-1,-1,2672,1542,1864,1794,2439,2616,-1,0,0,0,0,2672,0,-1,0
2673,-1,-1,2673,1543,1865,1795,2440,2617,953,0,0,0,0,2673,0,-1,0
2674,-1,-1,2674,-1,1866,1795,2440,2618,954,0,0,0,0,2674,0,-1,0
2675,-1,-1,2675,1544,1867,1796,2441,2619,955,0,0,0,0,2675,0,-1,0
2676,-1,-1,2676,-1,1868,1797,2442,2620,956,0,0,0,0,2676,0,-1,0
2677,-1,-1,2677,1544,-1,1798,2443,2621,956,0,0,0,0,2677,0,-1,0
2678,-1,-1,2678,1545,1868,1799,2444,2622,957,0,0,0,0,2678,0,-1,0
2679,-1,-1,2679,-1,-1,-1,2445,2623,-1,0,0,0,0,2679,0,-1,0
2680,-1,-1,2680,1546,1869,1800,2446,2624,958,0,0,0,0,2680,0,-1,0
2681,-1,-1,2681,1547,1870,1801,2447,2625,959,0,0,0,0,2681,0,-1,0
2682,-1,-1,2682,1548,1871,1802,2448,2626,959,0,0,0,0,2682,0,-1,0
2683,-1,-1,2683,1548,1871,1803,2449,2627,959,0,0,0,0,2683,0,-1,0
2684,-1,-1,2684,-1,1872,1804,2450,2628,959,0,0,0,0,2684,0,-1,0
2685,-1,-1,2685,-1,1873,-1,2451,2629,959,0,0,0,0,2685,0,-1,0
2686,-1,-1,2686,1549,1874,1805,2452,2630,959,0,0,0,0,2686,0,-1,0
2687,-1,-1,2687,1550,1874,1806,2453,2631,959,0,0,0,0,2687,0,-1,0
2688,-1,-1,2688,-1,1875,1806,2454,2632,-1,0,0,0,0,2688,0,-1,0
2689,-1,-1,2689,1551,1876,1807,2455,2633,959,0,0,0,0,2689,0,-1,0
2690,-1,-1,2690,1552,1877,1808,2455,2634,960,0,0,0,0,2690,0,-1,0
2691,-1,18,2691,-1,1878,1809,2456,2635,-1,0,0,0,0,2691,0,-1,0
2692,-1,-1,2692,1553,1879,1810,2457,2636,961,0,0,0,0,2692,0,-1,0
2693,-1,-1,2693,1554,1880,-1,2458,2637,961,0,0,0,0,2693,0,-1,0
2694,-1,-1,2694,-1,-1,-1,2459,2638,-1,0,0,0,0,2694,0,-1,0
2695,-1,-1,2695,1555,-1,-1,2460,2639,-1,0,0,0,0,2695,0,-1,0
2696,-1,-1,2696,1556,1881,1811,2461,2640,961,0,0,0,0,2696,0,-1,0
2697,-1,-1,2697,-1,1882,1812,2461,2640,961,0,0,0,0,2697,0,-1,0
2698,-1,-1,2698,1557,1882,-1,2461,2640,961,0,0,0,0,2698,0,-1,0
2699,-1,-1,2699,1558,1883,1813,2462,2641,962,0,0,0,0,2699,0,-1,0
2700,-1,-1,2700,1558,1884,1814,2463,2642,-1,0,0,0,0,2700,0,-1,0
2701,-1,-1,2701,1559,1885,1815,2464,2643,963,0,0,0,0,2701,0,-1,0
2702,-1,-1,2702,1560,1886,1816,2465,2644,-1,0,0,0,0,2702,0,-1,0
2703,-1,-1,2703,1561,1887,-1,2466,2645,-1,0,0,0,0,2703,0,-1,0
2704,-1,-1,2704,1562,1888,1817,2467,2646,-1,0,0,0,0,2704,0,-1,0
2705,-1,-1,2705,1563,1889,1818,2468,2647,963,0,0,0,0,2705,0,-1,0
2706,-1,-1,2706,1563,1890,1819,2469,2648,963,0,0,0,0,2706,0,-1,0
2707,-1,-1,2707,1564,1891,1820,2470,2649,-1,0,0,0,0,2707,0,-1,0
2708,-1,-1,2708,-1,1892,1821,2471,2650,-1,0,0,0,0,2708,0,-1,0
2709,-1,-1,2709,1565,1893,-1,2472,2651,-1,0,0,0,0,2709,0,-1,0
2710,-1,-1,2710,1566,1894,1822,2472,2652,963,0,0,0,0,2710,0,-1,0
2711,-1,-1,2711,1567,1894,1823,2472,2652,963,0,0,0,0,2711,0,-1,0
2712,-1,-1,2712,1568,1895,-1,2473,2653,-1,0,0,0,0,2712,0,-1,0
2713,-1,-1,2713,-1,-1,-1,2474,2654,-1,0,0,0,0,2713,0,-1,0
2714,-1,-1,2714,1569,1896,1824,2475,2655,-1,0,0,0,0,2714,0,-1,0
2715,-1,-1,2715,1570,1897,1825,-1,2656,964,0,0,0,0,2715,0,-1,0
2716,-1,-1,2716,-1,1898,-1,2476,2657,965,0,0,0,0,2716,0,-1,0
2717,-1,-1,2717,1571,1899,1826,2477,2658,-1,0,0,0,0,2717,0,-1,0
2718,-1,-1,2718,-1,-1,-1,2478,2659,-1,0,0,0,0,2718,0,-1,0
2719,-1,-1,2719,1572,1900,1827,2479,2660,965,0,0,0,0,2719,0,-1,0
2720,-1,-1,2720,-1,1901,1828,2480,2661,-1,0,0,0,0,2720,0,-1,0
2721,-1,-1,2721,1573,-1,-1,2481,2662,965,0,0,0,0,2721,0,-1,0
2722,-1,-1,2722,1574,1901,1829,2482,2663,965,0,0,0,0,2722,0,-1,0
2723,-1,-1,2723,-1,1902,1830,2483,2664,966,0,0,0,0,2723,0,-1,0
2724,-1,-1,2724,1575,1903,1831,2484,2665,-1,0,0,0,0,2724,0,-1,0
2725,-1,-1,2725,1576,1904,-1,2485,2666,967,0,0,0,0,2725,0,-1,0
2726,-1,-1,2726,-1,1905,-1,2486,2667,-1,0,0,0,0,2726,0,-1,0
2727,-1,-1,2727,-1,1906,1832,2487,2668,-1,0,0,0,0,2727,0,-1,0
2728,-1,-1,2728,1577,-1,-1,2488,2669,-1,0,0,0,0,2728,0,-1,0
2729,-1,-1,2729,1578,1907,-1,2489,2670,-1,0,0,0,0,2729,0,-1,0
2730,-1,-1,2730,1579,1908,-1,2490,2671,967,0,0,0,0,2730,0,-1,0
2731,-1,-1,2731,1579,1909,1833,2491,2672,968,0,0,0,0,2731,0,-1,0
2732,-1,-1,2732,1579,1910,1834,2491,2673,969,0,0,0,0,2732,0,-1,0
2733,-1,-1,2733,1580,1911,1835,2492,2674,970,0,0,0,0,2733,0,-1,0
2734,-1,-1,2734,1581,1912,1836,2493,2675,-1,0,0,0,0,2734,0,-1,0
2735,-1,-1,2735,1582,1913,1837,2494,2676,971,0,0,0,0,2735,0,-1,0
2736,-1,-1,2736,-1,-1,-1,2495,2677,972,0,0,0,0,2736,0,-1,0
2737,-1,-1,2737,1583,1914,1838,2496,2678,972,0,0,0,0,2737,0,-1,0
2738,-1,-1,2738,1584,1915,1839,2497,2679,973,0,0,0,0,2738,0,-1,0
2739,-1,-1,2739,1585,1916,1840,2498,2680,-1,0,0,0,0,2739,0,-1,0
2740,-1,-1,2740,1586,1917,1841,2499,2681,973,0,0,0,0,2740,0,-1,0
2741,-1,-1,2741,-1,-1,-1,2500,2682,-1,0,0,0,0,2741,0,-1,0
2742,-1,-1,2742,-1,-1,-1,2501,2683,-1,0,0,0,0,2742,0,-1,0
2743,-1,-1,2743,1587,1917,1842,2502,2684,-1,0,0,0,0,2743,0,-1,0
2744,-1,-1,2744,1588,1917,1843,2503,2685,974,0,0,0,0,2744,0,-1,0
2745,-1,-1,2745,1589,1917,1844,2504,2686,975,0,0,0,0,2745,0,-1,0
2746,-1,-1,2746,1590,1918,1845,2505,2687,975,0,0,0,0,2746,0,-1,0
2747,-1,-1,2747,1590,1919,1846,2506,2688,976,0,0,0,0,2747,0,-1,0
2748,-1,-1,2748,1590,1920,1847,2507,2689,977,0,0,0,0,2748,0,-1,0
2749,-1,-1,2749,1591,1921,1848,2507,2690,977,0,0,0,0,2749,0,-1,0
2750,-1,-1,2750,1592,1921,-1,2508,2691,977,0,0,0,0,2750,0,-1,0
2751,-1,-1,2751,1593,1922,1849,2509,2692,978,0,0,0,0,2751,0,-1,0
2752,-1,-1,2752,1593,1923,1850,2510,2693,979,0,0,0,0,2752,0,-1,0
2753,-1,-1,2753,1594,1924,1851,2511,2694,980,0,0,0,0,2753,0,-1,0
2754,-1,-1,2754,-1,-1,1852,2512,2695,981,0,0,0,0,2754,0,-1,0
2755,-1,-1,2755,1595,-1,-1,2513,2696,981,0,0,0,0,2755,0,-1,0
2756,-1,-1,2756,1596,1925,1853,2514,2697,982,0,0,0,0,2756,0,-1,0
2757,-1,-1,2757,1597,1926,1854,2515,2698,983,0,0,0,0,2757,0,-1,0
2758,-1,-1,2758,1598,1926,1855,2516,2699,983,0,0,0,0,2758,0,-1,0
2759,-1,-1,2759,1599,1926,1856,2517,2700,984,0,0,0,0,2759,0,-1,0
2760,-1,-1,2760,1600,1927,-1,2518,2701,985,0,0,0,0,2760,0,-1,0
2761,-1,-1,2761,1600,1928,1857,2519,2702,986,0,0,0,0,2761,0,-1,0
2762,-1,-1,2762,1601,1929,1858,2520,2703,987,0,0,0,0,2762,0,-1,0
2763,-1,-1,2763,1602,1930,1859,2521,2704,987,0,0,0,0,2763,0,-1,0
2764,-1,-1,2764,1603,1931,1860,2522,2705,-1,0,0,0,0,2764,0,-1,0
2765,-1,-1,2765,1604,1932,1861,2523,2706,987,0,0,0,0,2765,0,-1,0
2766,-1,-1,2766,1605,1933,1862,2524,2707,988,0,0,0,0,2766,0,-1,0
2767,-1,-1,2767,1605,1934,1863,2525,2708,989,0,0,0,0,2767,0,-1,0
2768,-1,-1,2768,-1,1935,1864,2526,2709,990,0,0,0,0,2768,0,-1,0
2769,-1,-1,2769,1606,1936,1865,2527,2710,-1,0,0,0,0,2769,0,-1,0
2770,-1,-1,2770,1607,1937,1866,2528,2711,-1,0,0,0,0,2770,0,-1,0
2771,-1,-1,2771,1607,1938,1867,2529,2712,-1,0,0,0,0,2771,0,-1,0
2772,-1,-1,2772,1608,1939,1868,2530,2713,990,0,0,0,0,2772,0,-1,0
2773,-1,-1,2773,1609,1940,1869,2531,2714,-1,0,0,0,0,2773,0,-1,0
2774,-1,-1,2774,1610,1941,1870,2531,2715,990,0,0,0,0,2774,0,-1,0
2775,-1,-1,2775,1611,1942,1871,2531,2716,990,0,0,0,0,2775,0,-1,0
2776,-1,-1,2776,1612,1943,1872,2532,2717,990,0,0,0,0,2776,0,-1,0
2777,-1,-1,2777,1613,-1,-1,2532,2718,-1,0,0,0,0,2777,0,-1,0
2778,-1,-1,2778,1614,1944,1873,2533,2719,-1,0,0,0,0,2778,0,-1,0
2779,-1,-1,2779,1615,1945,-1,2534,2720,990,0,0,0,0,2779,0,-1,0
2780,-1,-1,2780,1616,1946,1874,2535,2721,990,0,0,0,0,2780,0,-1,0
2781,-1,-1,2781,-1,1946,1875,2535,2722,-1,0,0,0,0,2781,0,-1,0
2782,-1,-1,2782,1617,1947,1876,2536,2723,991,0,0,0,0,2782,0,-1,0
2783,-1,-1,2783,1618,1947,1877,2537,2724,992,0,0,0,0,2783,0,-1,0
2784,-1,-1,2784,1619,1948,1878,2537,2725,993,0,0,0,0,2784,0,-1,0
2785,-1,-1,2785,-1,-1,-1,2538,2726,994,0,0,0,0,2785,0,-1,0
2786,-1,-1,2786,1620,1949,1879,2539,2727,995,0,0,0,0,2786,0,-1,0
2787,-1,-1,2787,1621,1950,1880,2540,2728,996,0,0,0,0,2787,0,-1,0
2788,-1,-1,2788,1622,-1,-1,2541,2729,996,0,0,0,0,2788,0,-1,0
2789,-1,19,2789,-1,1951,-1,2542,2730,-1,0,0,0,0,2789,0,-1,0
2790,-1,-1,2790,1623,1952,1880,2543,2731,996,0,0,0,0,2790,0,-1,0
2791,-1,-1,2791,-1,1952,1881,2543,2732,-1,0,0,0,0,2791,0,-1,0
2792,-1,-1,2792,1623,1953,1882,2544,2733,996,0,0,0,0,2792,0,-1,0
2793,-1,-1,2793,-1,1953,1883,2545,2734,997,0,0,0,0,2793,0,-1,0
2794,-1,-1,2794,1624,1954,1884,2546,2735,-1,0,0,0,0,2794,0,-1,0
2795,-1,-1,2795,-1,-1,-1,2547,2736,998,0,0,0,0,2795,0,-1,0
2796,-1,-1,2796,1625,1955,1885,2548,2737,998,0,0,0,0,2796,0,-1,0
2797,-1,-1,2797,1626,1955,-1,2549,2738,-1,0,0,0,0,2797,0,-1,0
2798,-1,-1,2798,1627,1956,1886,2550,2739,998,0,0,0,0,2798,0,-1,0
2799,-1,-1,2799,1628,1957,1887,2551,2740,998,0,0,0,0,2799,0,-1,0
2800,-1,-1,2800,1629,1958,1888,2552,2741,-1,0,0,0,0,2800,0,-1,0
2801,-1,20,2801,-1,1959,-1,2553,2742,998,0,0,0,0,2801,0,-1,0
2802,-1,-1,2802,1630,1959,1889,2554,2743,999,0,0,0,0,2802,0,-1,0
2803,-1,-1,2803,1631,1960,1890,2555,2744,-1,0,0,0,0,2803,0,-1,0
2804,-1,-1,2804,1631,1961,1891,2556,2745,1000,0,0,0,0,2804,0,-1,0
2805,-1,-1,2805,-1,-1,-1,2557,2746,-1,0,0,0,0,2805,0,-1,0
2806,-1,-1,2806,1632,-1,-1,2558,2747,-1,0,0,0,0,2806,0,-1,0
2807,-1,-1,2807,1633,-1,-1,2559,2748,-1,0,0,0,0,2807,0,-1,0
2808,-1,-1,2808,-1,1962,1892,2560,2749,-1,0,0,0,0,2808,0,-1,0
2809,-1,-1,2809,1634,-1,1893,2561,2750,-1,0,0,0,0,2809,0,-1,0
2810,-1,-1,2810,1635,-1,-1,2561,2750,-1,0,0,0,0,2810,0,-1,0
2811,-1,-1,2811,1636,1963,1894,2562,2751,1000,0,0,0,0,2811,0,-1,0
2812,-1,-1,2812,1637,1964,1895,2563,2752,-1,0,0,0,0,2812,0,-1,0
2813,-1,-1,2813,1637,1964,-1,2564,2753,-1,0,0,0,0,2813,0,-1,0
2814,-1,-1,2814,1638,1964,1896,2565,2754,-1,0,0,0,0,2814,0,-1,0
2815,-1,-1,2815,-1,1964,1897,2566,2755,-1,0,0,0,0,2815,0,-1,0
2816,-1,-1,2816,-1,-1,-1,2567,2756,1001,0,0,0,0,2816,0,-1,0
2817,-1,-1,2817,1639,1965,1898,2568,2757,1002,0,0,0,0,2817,0,-1,0
2818,-1,-1,2818,1640,1966,1899,2569,2758,1003,0,0,0,0,2818,0,-1,0
2819,-1,-1,2819,1641,1967,1899,2570,2759,1003,0,0,0,0,2819,0,-1,0
2820,-1,-1,2820,1642,1968,1899,2571,2760,1004,0,0,0,0,2820,0,-1,0
2821,-1,-1,2821,1642,1969,1900,2571,2761,-1,0,0,0,0,2821,0,-1,0
2822,-1,-1,2822,-1,1970,1901,2572,2762,1005,0,0,0,0,2822,0,-1,0
2823,-1,-1,2823,1643,1971,1902,2573,2763,-1,0,0,0,0,2823,0,-1,0
2824,-1,-1,2824,1644,1972,1903,2574,2764,-1,0,0,0,0,2824,0,-1,0
2825,-1,-1,2825,1645,1973,1904,2575,2765,1005,0,0,0,0,2825,0,-1,0
2826,-1,-1,2826,1645,1973,1905,2576,2766,1006,0,0,0,0,2826,0,-1,0
2827,-1,-1,2827,1646,1974,1906,2577,2767,1007,0,0,0,0,2827,0,-1,0
2828,-1,-1,2828,1646,1975,1907,2578,2768,1008,0,0,0,0,2828,0,-1,0
2829,-1,-1,2829,-1,1976,1908,2579,2769,1009,0,0,0,0,2829,0,-1,0
2830,-1,-1,2830,1647,1977,1909,2580,2770,-1,0,0,0,0,2830,0,-1,0
2831,-1,-1,2831,1648,1978,1910,2581,2771,1010,0,0,0,0,2831,0,-1,0
2832,-1,-1,2832,-1,1979,1910,2582,2772,-1,0,0,0,0,2832,0,-1,0
2833,-1,-1,2833,-1,1980,1911,2583,2773,1010,0,0,0,0,2833,0,-1,0
2834,-1,-1,2834,1649,1981,1912,2584,2774,1011,0,0,0,0,2834,0,-1,0
2835,-1,-1,2835,1649,1982,1913,2584,2774,1011,0,0,0,0,2835,0,-1,0
2836,-1,-1,2836,-1,1983,-1,2585,2775,1011,0,0,0,0,2836,0,-1,0
2837,-1,-1,2837,-1,-1,-1,2586,2776,-1,0,0,0,0,2837,0,-1,0
2838,-1,-1,2838,1650,1984,1914,2587,2777,-1,0,0,0,0,2838,0,-1,0
2839,-1,-1,2839,1650,1985,1915,2588,2778,-1,0,0,0,0,2839,0,-1,0
2840,-1,-1,2840,1651,1986,1916,2588,2779,1011,0,0,0,0,2840,0,-1,0
2841,-1,-1,2841,-1,-1,-1,2588,2780,1012,0,0,0,0,2841,0,-1,0
2842,-1,-1,2842,1652,1987,1917,2588,2781,1013,0,0,0,0,2842,0,-1,0
2843,-1,-1,2843,1653,1988,1918,2588,2782,1013,0,0,0,0,2843,0,-1,0
2844,-1,-1,2844,1654,1989,1919,2588,2783,1014,0,0,0,0,2844,0,-1,0
2845,-1,-1,2845,1655,1990,1919,2589,2784,1015,0,0,0,0,2845,0,-1,0
2846,-1,-1,2846,-1,-1,-1,2590,2785,1016,0,0,0,0,2846,0,-1,0
2847,-1,-1,2847,1656,1990,1920,2591,2786,-1,0,0,0,0,2847,0,-1,0
2848,-1,-1,2848,-1,-1,-1,2592,2787,-1,0,0,0,0,2848,0,-1,0
2849,-1,-1,2849,1657,1991,1921,2592,2788,1017,0,0,0,0,2849,0,-1,0
2850,-1,-1,2850,-1,-1,-1,2593,2789,1018,0,0,0,0,2850,0,-1,0
2851,-1,-1,2851,-1,-1,1922,2594,2790,-1,0,0,0,0,2851,0,-1,0
2852,-1,-1,2852,-1,-1,-1,2595,2791,1019,0,0,0,0,2852,0,-1,0
2853,-1,-1,2853,-1,1992,1923,2596,2792,1020,0,0,0,0,2853,0,-1,0
2854,-1,-1,2854,-1,-1,1924,2597,2793,1021,0,0,0,0,2854,0,-1,0
2855,-1,-1,2855,-1,-1,-1,2598,2794,-1,0,0,0,0,2855,0,-1,0
2856,-1,-1,2856,1658,1993,1925,2599,2795,1021,0,0,0,0,2856,0,-1,0
2857,-1,-1,2857,1659,1994,1925,2600,2796,-1,0,0,0,0,2857,0,-1,0
2858,-1,-1,2858,-1,1994,1926,2601,2797,-1,0,0,0,0,2858,0,-1,0
2859,-1,-1,2859,-1,1995,1927,2602,2798,1022,0,0,0,0,2859,0,-1,0
2860,-1,21,2860,-1,-1,-1,2603,2799,-1,0,0,0,0,2860,0,-1,0
2861,-1,-1,2861,1660,1996,1928,2604,2800,1023,0,0,0,0,2861,0,-1,0
2862,-1,-1,2862,1661,1997,1929,2605,2801,1024,0,0,0,0,2862,0,-1,0
2863,-1,-1,2863,-1,1998,1930,-1,2802,1025,0,0,0,0,2863,0,-1,0
2864,-1,-1,2864,-1,1999,1930,2606,2803,1025,0,0,0,0,2864,0,-1,0
2865,-1,-1,2865,1662,-1,-1,2606,2804,1026,0,0,0,0,2865,0,-1,0
2866,-1,-1,2866,-1,2000,-1,2607,2805,1027,0,0,0,0,2866,0,-1,0
2867,-1,-1,2867,-1,2001,1931,2608,2806,-1,0,0,0,0,2867,0,-1,0
2868,-1,-1,2868,1663,2002,1932,2609,2807,-1,0,0,0,0,2868,0,-1,0
2869,-1,-1,2869,1664,2003,1933,2610,2808,1028,0,0,0,0,2869,0,-1,0
2870,-1,-1,2870,1665,2004,1934,2611,2809,1029,0,0,0,0,2870,0,-1,0
2871,-1,-1,2871,-1,2004,1935,2612,2810,1029,0,0,0,0,2871,0,-1,0
2872,-1,-1,2872,-1,2005,1936,2613,2811,1030,0,0,0,0,2872,0,-1,0
2873,-1,-1,2873,1666,-1,1937,2614,2812,1031,0,0,0,0,2873,0,-1,0
2874,-1,-1,2874,-1,2005,1938,2615,2813,1032,0,0,0,0,2874,0,-1,0
2875,-1,-1,2875,-1,2006,1939,2616,2814,1033,0,0,0,0,2875,0,-1,0
2876,-1,-1,2876,-1,-1,-1,2617,2815,1034,0,0,0,0,2876,0,-1,0
2877,-1,-1,2877,1667,2007,1940,2618,2816,1035,0,0,0,0,2877,0,-1,0
2878,-1,-1,2878,-1,-1,-1,2618,2817,-1,0,0,0,0,2878,0,-1,0
2879,-1,-1,2879,1668,-1,-1,2619,2818,1036,0,0,0,0,2879,0,-1,0
2880,-1,-1,2880,1669,2007,1941,2620,2819,1036,0,0,0,0,2880,0,-1,0
2881,-1,-1,2881,1669,2008,1942,2620,2820,1036,0,0,0,0,2881,0,-1,0
2882,-1,-1,2882,1669,2009,1943,2621,2821,1037,0,0,0,0,2882,0,-1,0
2883,-1,-1,2883,1670,2009,1944,2622,2822,1038,0,0,0,0,2883,0,-1,0
2884,-1,-1,2884,1671,2010,1945,2622,2823,-1,0,0,0,0,2884,0,-1,0
2885,-1,-1,2885,1672,2011,1946,2623,2824,-1,0,0,0,0,2885,0,-1,0
2886,-1,-1,2886,-1,2012,-1,2624,2825,-1,0,0,0,0,2886,0,-1,0
2887,-1,-1,2887,-1,2013,1947,2625,2826,1039,0,0,0,0,2887,0,-1,0
2888,-1,-1,2888,1673,2014,1948,2626,2827,1039,0,0,0,0,2888,0,-1,0
2889,-1,-1,2889,1674,2014,1949,2627,2828,1039,0,0,0,0,2889,0,-1,0
2890,-1,-1,2890,1675,2015,1950,2628,2829,-1,0,0,0,0,2890,0,-1,0
2891,-1,-1,2891,-1,2016,1951,2629,2830,1039,0,0,0,0,2891,0,-1,0
2892,-1,-1,2892,-1,2017,1951,2629,2831,1040,0,0,0,0,2892,0,-1,0
2893,-1,-1,2893,1676,2018,1952,2630,2832,1041,0,0,0,0,2893,0,-1,0
2894,-1,-1,2894,1676,2019,1953,2631,2833,1041,0,0,0,0,2894,0,-1,0
2895,-1,-1,2895,1677,2020,1954,2632,2834,-1,0,0,0,0,2895,0,-1,0
2896,-1,-1,2896,1677,2021,-1,2632,2835,1041,0,0,0,0,2896,0,-1,0
2897,-1,-1,2897,-1,-1,-1,2633,2836,-1,0,0,0,0,2897,0,-1,0
2898,-1,-1,2898,1678,2022,1955,2634,2837,1041,0,0,0,0,2898,0,-1,0
2899,-1,-1,2899,1679,-1,1956,2635,2838,-1,0,0,0,0,2899,0,-1,0
2900,-1,-1,2900,1680,2023,1957,2636,2839,1041,0,0,0,0,2900,0,-1,0
2901,-1,-1,2901,1680,2023,-1,2637,2840,1042,0,0,0,0,2901,0,-1,0
2902,-1,-1,2902,1681,2024,-1,2638,2841,-1,0,0,0,0,2902,0,-1,0
2903,-1,-1,2903,-1,-1,-1,2638,2841,-1,0,0,0,0,2903,0,-1,0
2904,-1,-1,2904,1681,2025,1958,2639,2842,-1,0,0,0,0,2904,0,-1,0
2905,-1,-1,2905,-1,2026,1959,2640,2843,-1,0,0,0,0,2905,0,-1,0
2906,-1,-1,2906,1682,2027,-1,2641,2844,1043,0,0,0,0,2906,0,-1,0
2907,-1,-1,2907,1683,2028,1960,2642,2845,1043,0,0,0,0,2907,0,-1,0
2908,-1,-1,2908,1684,2029,1961,2643,2846,1043,0,0,0,0,2908,0,-1,0
2909,-1,-1,2909,1685,2030,1962,2644,2847,-1,0,0,0,0,2909,0,-1,0
2910,-1,-1,2910,1686,2031,1963,2645,2848,1043,0,0,0,0,2910,0,-1,0
2911,-1,-1,2911,1687,-1,-1,2646,2849,1044,0,0,0,0,2911,0,-1,0
2912,-1,-1,2912,-1,-1,-1,2646,2850,-1,0,0,0,0,2912,0,-1,0
2913,-1,-1,2913,-1,-1,-1,2646,2851,1045,0,0,0,0,2913,0,-1,0
2914,-1,-1,2914,1688,-1,-1,2647,2852,1045,0,0,0,0,2914,0,-1,0
2915,-1,-1,2915,-1,-1,-1,2648,2853,-1,0,0,0,0,2915,0,-1,0
2916,-1,-1,2916,-1,2032,1964,2648,2854,1045,0,0,0,0,2916,0,-1,0
2917,-1,-1,2917,-1,2033,1965,2648,2855,-1,0,0,0,0,2917,0,-1,0
2918,-1,-1,2918,1689,2034,1966,2649,2856,1045,0,0,0,0,2918,0,-1,0
2919,-1,-1,2919,1690,2035,-1,2650,2857,1045,0,0,0,0,2919,0,-1,0
2920,-1,-1,2920,-1,-1,1967,2651,2858,1045,0,0,0,0,2920,0,-1,0
2921,-1,-1,2921,1691,2036,1968,2652,2859,-1,0,0,0,0,2921,0,-1,0
2922,-1,-1,2922,1692,2037,1969,2652,2860,1045,0,0,0,0,2922,0,-1,0
2923,-1,-1,2923,-1,-1,-1,2653,2861,1045,0,0,0,0,2923,0,-1,0
2924,-1,-1,2924,1693,2038,1970,2653,2862,-1,0,0,0,0,2924,0,-1,0
2925,-1,-1,2925,-1,2039,1971,2654,2863,-1,0,0,0,0,2925,0,-1,0
2926,-1,-1,2926,-1,2040,1972,2654,2864,1045,0,0,0,0,2926,0,-1,0
2927,-1,-1,2927,1694,2041,1973,2655,2865,-1,0,0,0,0,2927,0,-1,0
2928,-1,-1,2928,-1,2042,1974,2656,2866,1046,0,0,0,0,2928,0,-1,0
2929,-1,-1,2929,1694,2043,1975,2657,2867,-1,0,0,0,0,2929,0,-1,0
2930,-1,-1,2930,1695,2044,1976,2658,2868,1047,0,0,0,0,2930,0,-1,0
2931,-1,-1,2931,1695,2045,1977,2659,2869,-1,0,0,0,0,2931,0,-1,0
2932,-1,-1,2932,1696,2046,1978,2660,2870,1047,0,0,0,0,2932,0,-1,0
2933,-1,-1,2933,1697,-1,-1,2661,2871,1047,0,0,0,0,2933,0,-1,0
2934,-1,-1,2934,1698,2047,1979,2662,2872,-1,0,0,0,0,2934,0,-1,0
2935,-1,-1,2935,1699,2048,1980,2663,2873,1047,0,0,0,0,2935,0,-1,0
2936,-1,-1,2936,1700,2049,1981,2663,2873,1047,0,0,0,0,2936,0,-1,0
2937,-1,-1,2937,1701,2049,1982,2664,2874,-1,0,0,0,0,2937,0,-1,0
2938,-1,-1,2938,1701,2049,1983,2665,2875,1048,0,0,0,0,2938,0,-1,0
2939,-1,-1,2939,1702,-1,-1,2665,2876,-1,0,0,0,0,2939,0,-1,0
2940,-1,-1,2940,1703,2049,1984,2666,2877,1049,0,0,0,0,2940,0,-1,0
2941,-1,-1,2941,1704,2050,1984,2667,2878,-1,0,0,0,0,2941,0,-1,0
2942,-1,-1,2942,1705,2051,1985,2668,2879,-1,0,0,0,0,2942,0,-1,0
2943,-1,-1,2943,-1,2052,1986,2669,2880,1050,0,0,0,0,2943,0,-1,0
2944,-1,-1,2944,1706,-1,1987,2670,2881,1051,0,0,0,0,2944,0,-1,0
2945,-1,-1,2945,1707,-1,-1,2671,2882,1052,0,0,0,0,2945,0,-1,0
2946,-1,-1,2946,-1,-1,-1,2672,2883,1053,0,0,0,0,2946,0,-1,0
2947,-1,-1,2947,1708,2053,1988,2673,2884,1054,0,0,0,0,2947,0,-1,0
2948,-1,-1,2948,1708,2053,1989,2674,2885,1055,0,0,0,0,2948,0,-1,0
2949,-1,-1,2949,1709,2054,1990,2675,2886,1056,0,0,0,0,2949,0,-1,0
2950,-1,-1,2950,1710,2054,1991,2676,2887,1057,0,0,0,0,2950,0,-1,0
2951,-1,-1,2951,1711,2054,1992,2677,2888,-1,0,0,0,0,2951,0,-1,0
2952,-1,-1,2952,1712,2055,1993,2678,2889,1058,0,0,0,0,2952,0,-1,0
2953,-1,-1,2953,1713,2056,1994,2679,2890,1059,0,0,0,0,2953,0,-1,0
2954,-1,-1,2954,1714,2056,-1,2680,2891,-1,0,0,0,0,2954,0,-1,0
2955,-1,-1,2955,1715,2057,-1,2681,2892,1059,0,0,0,0,2955,0,-1,0
2956,-1,-1,2956,1716,2058,1995,2682,2893,1060,0,0,0,0,2956,0,-1,0
2957,-1,-1,2957,1717,2059,1996,2683,2894,-1,0,0,0,0,2957,0,-1,0
2958,-1,-1,2958,-1,2060,-1,2684,2895,-1,0,0,0,0,2958,0,-1,0
2959,-1,-1,2959,-1,2061,1997,2685,2896,-1,0,0,0,0,2959,0,-1,0
2960,-1,-1,2960,1717,-1,1998,2686,2897,1060,0,0,0,0,2960,0,-1,0
2961,-1,-1,2961,-1,2062,1999,2687,2898,-1,0,0,0,0,2961,0,-1,0
2962,-1,-1,2962,-1,-1,-1,2688,2899,1060,0,0,0,0,2962,0,-1,0
2963,-1,-1,2963,-1,2063,-1,2689,2900,1060,0,0,0,0,2963,0,-1,0
2964,-1,-1,2964,1718,2064,2000,2690,2901,1061,0,0,0,0,2964,0,-1,0
2965,-1,-1,2965,1719,2064,2001,2691,2902,-1,0,0,0,0,2965,0,-1,0
2966,-1,-1,2966,1720,2065,2002,2691,2903,1062,0,0,0,0,2966,0,-1,0
2967,-1,-1,2967,1721,2066,2003,2692,2904,1063,0,0,0,0,2967,0,-1,0
2968,-1,-1,2968,-1,2067,2004,2693,2905,1064,0,0,0,0,2968,0,-1,0
2969,-1,-1,2969,-1,-1,-1,2694,2906,1065,0,0,0,0,2969,0,-1,0
2970,-1,-1,2970,1722,2068,2005,2695,2907,-1,0,0,0,0,2970,0,-1,0
2971,-1,-1,2971,1722,2069,2006,2695,2908,1065,0,0,0,0,2971,0,-1,0
2972,-1,-1,2972,1722,2070,2007,2696,2909,-1,0,0,0,0,2972,0,-1,0
2973,-1,-1,2973,1722,2071,2008,2697,2910,1066,0,0,0,0,2973,0,-1,0
2974,-1,-1,2974,1723,2072,2009,2698,2911,1067,0,0,0,0,2974,0,-1,0
2975,-1,-1,2975,-1,2073,2010,2699,2912,-1,0,0,0,0,2975,0,-1,0
2976,-1,-1,2976,1724,2074,2011,2700,2913,1068,0,0,0,0,2976,0,-1,0
2977,-1,-1,2977,1725,2074,2011,2701,2914,1068,0,0,0,0,2977,0,-1,0
2978,-1,-1,2978,1725,2075,2012,2702,2915,1068,0,0,0,0,2978,0,-1,0
2979,-1,-1,2979,-1,2076,-1,2703,2916,1069,0,0,0,0,2979,0,-1,0
2980,-1,-1,2980,1725,2077,2013,2704,2917,-1,0,0,0,0,2980,0,-1,0
2981,-1,-1,2981,-1,2078,2014,2705,2918,-1,0,0,0,0,2981,0,-1,0
2982,-1,-1,2982,-1,-1,-1,2706,2919,-1,0,0,0,0,2982,0,-1,0
2983,-1,-1,2983,1726,2079,2015,2707,2920,-1,0,0,0,0,2983,0,-1,0
2984,-1,-1,2984,-1,-1,-1,2708,2921,-1,0,0,0,0,2984,0,-1,0
2985,-1,-1,2985,1727,2080,2016,2709,2922,1070,0,0,0,0,2985,0,-1,0
2986,-1,-1,2986,1728,2080,-1,2710,2923,1071,0,0,0,0,2986,0,-1,0
2987,-1,-1,2987,1729,2080,2017,2711,2924,1072,0,0,0,0,2987,0,-1,0
2988,-1,-1,2988,-1,-1,-1,2712,2925,1073,0,0,0,0,2988,0,-1,0
2989,-1,-1,2989,-1,2081,2018,2713,2926,1074,0,0,0,0,2989,0,-1,0
2990,-1,-1,2990,1730,2082,2019,2713,2927,1075,0,0,0,0,2990,0,-1,0
2991,-1,-1,2991,1731,2083,-1,2714,2928,1076,0,0,0,0,2991,0,-1,0
2992,-1,-1,2992,-1,-1,-1,2715,2929,1077,0,0,0,0,2992,0,-1,0
2993,-1,-1,2993,1732,2084,-1,2716,2930,1077,0,0,0,0,2993,0,-1,0
2994,-1,-1,2994,1732,2085,2020,2717,2931,1078,0,0,0,0,2994,0,-1,0
2995,-1,-1,2995,1732,2086,2021,2718,2932,1079,0,0,0,0,2995,0,-1,0
2996,-1,-1,2996,1733,2087,2022,2718,2933,-1,0,0,0,0,2996,0,-1,0
2997,-1,-1,2997,1734,2088,2023,2719,2934,1080,0,0,0,0,2997,0,-1,0
2998,-1,-1,2998,1735,2089,2024,2720,2935,1080,0,0,0,0,2998,0,-1,0
2999,-1,-1,2999,1736,2089,2025,2721,2936,1080,0,0,0,0,2999,0,-1,0
3000,-1,-1,3000,1736,2090,2026,2722,2937,1080,0,0,0,0,3000,0,-1,0
3001,-1,-1,3001,-1,2091,2027,2723,2938,-1,0,0,0,0,3001,0,-1,0
3002,-1,-1,3002,1737,2092,2028,2724,2939,1080,0,0,0,0,3002,0,-1,0
3003,-1,-1,3003,-1,-1,2029,2725,2940,1080,0,0,0,0,3003,0,-1,0
3004,-1,-1,3004,1738,2092,2030,2726,2941,1080,0,0,0,0,3004,0,-1,0
3005,-1,-1,3005,-1,2093,2031,2727,2942,1080,0,0,0,0,3005,0,-1,0
3006,-1,-1,3006,1739,2094,-1,2728,2943,1081,0,0,0,0,3006,0,-1,0
3007,-1,-1,3007,1740,-1,-1,2729,2944,1082,0,0,0,0,3007,0,-1,0
3008,-1,-1,3008,1741,2095,-1,2730,2945,-1,0,0,0,0,3008,0,-1,0
3009,-1,-1,3009,1742,2095,-1,2731,2946,1083,0,0,0,0,3009,0,-1,0
3010,-1,-1,3010,1743,2096,-1,2732,2947,1084,0,0,0,0,3010,0,-1,0
3011,-1,-1,3011,1744,2097,2032,2733,2948,1084,0,0,0,0,3011,0,-1,0
3012,-1,-1,3012,1745,2098,2033,2734,2949,-1,0,0,0,0,3012,0,-1,0
3013,-1,-1,3013,1746,2099,2034,2735,2950,1085,0,0,0,0,3013,0,-1,0
3014,-1,-1,3014,1746,2100,2035,2736,2951,1086,0,0,0,0,3014,0,-1,0
3015,-1,-1,3015,-1,-1,-1,2737,2952,-1,0,0,0,0,3015,0,-1,0
3016,-1,-1,3016,-1,2101,-1,2738,2953,-1,0,0,0,0,3016,0,-1,0
3017,-1,-1,3017,-1,2101,2036,2739,2954,-1,0,0,0,0,3017,0,-1,0
3018,-1,-1,3018,1747,2102,2037,2740,2955,1087,0,0,0,0,3018,0,-1,0
3019,-1,-1,3019,1748,2103,2038,2741,2956,-1,0,0,0,0,3019,0,-1,0
3020,-1,-1,3020,-1,-1,2039,2742,2957,1088,0,0,0,0,3020,0,-1,0
3021,-1,-1,3021,1749,2104,2040,2743,2958,1089,0,0,0,0,3021,0,-1,0
3022,-1,-1,3022,1749,-1,-1,2743,2959,-1,0,0,0,0,3022,0,-1,0
3023,-1,-1,3023,1749,2105,2041,2744,2960,1090,0,0,0,0,3023,0,-1,0
3024,-1,-1,3024,-1,2105,-1,2745,2961,1091,0,0,0,0,3024,0,-1,0
3025,-1,-1,3025,-1,-1,2042,2746,2962,1092,0,0,0,0,3025,0,-1,0
3026,-1,-1,3026,-1,2105,2043,2747,2963,-1,0,0,0,0,3026,0,-1,0
3027,-1,-1,3027,1749,2105,2044,2748,2964,1093,0,0,0,0,3027,0,-1,0
3028,-1,-1,3028,1750,2106,2045,2749,2965,1094,0,0,0,0,3028,0,-1,0
3029,-1,-1,3029,1750,2107,2046,2750,2966,1094,0,0,0,0,3029,0,-1,0
3030,-1,-1,3030,1751,2108,2047,2751,2967,-1,0,0,0,0,3030,0,-1,0
3031,-1,-1,3031,1752,2109,2048,2752,2968,1094,0,0,0,0,3031,0,-1,0
3032,-1,-1,3032,-1,-1,-1,2753,2969,1094,0,0,0,0,3032,0,-1,0
3033,-1,-1,3033,1753,2110,2049,2753,2970,-1,0,0,0,0,3033,0,-1,0
3034,-1,-1,3034,1754,2111,2050,2753,2970,-1,0,0,0,0,3034,0,-1,0
3035,-1,-1,3035,1755,2112,2051,2754,2971,-1,0,0,0,0,3035,0,-1,0
3036,-1,-1,3036,1756,2113,2052,2755,2972,1094,0,0,0,0,3036,0,-1,0
3037,-1,-1,3037,-1,2114,2053,2756,2973,1094,0,0,0,0,3037,0,-1,0
3038,-1,-1,3038,1757,2115,2054,2757,2974,1094,0,0,0,0,3038,0,-1,0
3039,-1,-1,3039,1758,2115,2055,2758,2975,1095,0,0,0,0,3039,0,-1,0
3040,-1,-1,3040,-1,-1,-1,2759,2976,-1,0,0,0,0,3040,0,-1,0
3041,-1,-1,3041,1759,2116,2056,-1,2977,1096,0,0,0,0,3041,0,-1,0
3042,-1,-1,3042,1760,2117,2057,2760,2978,1097,0,0,0,0,3042,0,-1,0
3043,-1,-1,3043,1760,2118,2058,2760,2979,1098,0,0,0,0,3043,0,-1,0
3044,-1,-1,3044,1760,2119,2059,2761,2980,1099,0,0,0,0,3044,0,-1,0
3045,-1,-1,3045,1761,2120,-1,2762,2981,-1,0,0,0,0,3045,0,-1,0
3046,-1,-1,3046,1762,-1,-1,2763,2982,-1,0,0,0,0,3046,0,-1,0
3047,-1,-1,3047,1762,2121,2060,2763,2983,1099,0,0,0,0,3047,0,-1,0
3048,-1,-1,3048,1763,2121,2060,2764,2984,1100,0,0,0,0,3048,0,-1,0
3049,-1,-1,3049,1764,2122,2061,2765,2985,1101,0,0,0,0,3049,0,-1,0
3050,-1,-1,3050,1765,2123,2062,2766,2986,1101,0,0,0,0,3050,0,-1,0
3051,-1,-1,3051,1766,2124,2063,2767,2987,1102,0,0,0,0,3051,0,-1,0
3052,-1,-1,3052,-1,-1,-1,2768,2988,1103,0,0,0,0,3052,0,-1,0
3053,-1,-1,3053,1767,-1,-1,2769,2989,1103,0,0,0,0,3053,0,-1,0
3054,-1,-1,3054,1768,2124,2064,2770,2990,-1,0,0,0,0,3054,0,-1,0
3055,-1,-1,3055,1769,2125,2065,2771,2991,1103,0,0,0,0,3055,0,-1,0
3056,-1,-1,3056,-1,-1,-1,2772,2992,-1,0,0,0,0,3056,0,-1,0
3057,-1,-1,3057,1770,-1,-1,2773,2993,-1,0,0,0,0,3057,0,-1,0
3058,-1,-1,3058,-1,2126,2066,2774,2994,-1,0,0,0,0,3058,0,-1,0
3059,-1,-1,3059,1770,2127,2067,2775,2995,1104,0,0,0,0,3059,0,-1,0
3060,-1,-1,3060,1771,2127,2068,2776,2996,1105,0,0,0,0,3060,0,-1,0
3061,-1,-1,3061,-1,-1,-1,2777,2997,1105,0,0,0,0,3061,0,-1,0
3062,-1,-1,3062,1772,2128,2069,2778,2998,1105,0,0,0,0,3062,0,-1,0
3063,-1,-1,3063,1773,2129,-1,2779,2999,1106,0,0,0,0,3063,0,-1,0
3064,-1,-1,3064,1774,2130,2070,2780,3000,1107,0,0,0,0,3064,0,-1,0
3065,-1,-1,3065,-1,-1,-1,2781,3001,-1,0,0,0,0,3065,0,-1,0
3066,-1,-1,3066,1775,2131,2071,2782,3002,1108,0,0,0,0,3066,0,-1,0
3067,-1,-1,3067,1776,2132,2072,2783,3003,1109,0,0,0,0,3067,0,-1,0
3068,-1,-1,3068,1777,2133,2073,2784,3004,1110,0,0,0,0,3068,0,-1,0
3069,-1,-1,3069,1778,2134,2074,2785,3005,1111,0,0,0,0,3069,0,-1,0
3070,-1,-1,3070,1779,2135,2075,2786,3006,1111,0,0,0,0,3070,0,-1,0
3071,-1,-1,3071,1780,2136,2075,-1,3007,1112,0,0,0,0,3071,0,-1,0
3072,-1,-1,3072,1781,2137,2076,2787,3008,1113,0,0,0,0,3072,0,-1,0
3073,-1,-1,3073,1782,-1,2077,2788,3009,-1,0,0,0,0,3073,0,-1,0
3074,-1,-1,3074,1783,2138,-1,2789,3010,-1,0,0,0,0,3074,0,-1,0
3075,-1,-1,3075,-1,-1,-1,2790,3011,-1,0,0,0,0,3075,0,-1,0
3076,-1,-1,3076,1784,2139,-1,2791,3012,1113,0,0,0,0,3076,0,-1,0
3077,-1,-1,3077,1785,2140,2077,2792,3013,1113,0,0,0,0,3077,0,-1,0
3078,-1,-1,3078,1786,2141,2078,2793,3014,1114,0,0,0,0,3078,0,-1,0
3079,-1,-1,3079,1787,2142,2079,2794,3015,-1,0,0,0,0,3079,0,-1,0
3080,-1,-1,3080,1788,-1,2080,2795,3016,1115,0,0,0,0,3080,0,-1,0
3081,-1,-1,3081,1788,2143,2081,2796,3017,1116,0,0,0,0,3081,0,-1,0
3082,-1,-1,3082,1789,2144,2082,2797,3018,1116,0,0,0,0,3082,0,-1,0
3083,-1,-1,3083,1790,2145,2082,2798,3019,1116,0,0,0,0,3083,0,-1,0
3084,-1,-1,3084,1791,2146,2083,2799,3020,1116,0,0,0,0,3084,0,-1,0
3085,-1,-1,3085,1792,2147,2084,2800,3021,1117,0,0,0,0,3085,0,-1,0
3086,-1,-1,3086,1793,2147,2085,2801,3022,-1,0,0,0,0,3086,0,-1,0
3087,-1,-1,3087,-1,2148,2086,2802,3023,1118,0,0,0,0,3087,0,-1,0
3088,-1,-1,3088,-1,2149,2087,2803,3024,-1,0,0,0,0,3088,0,-1,0
3089,-1,-1,3089,1794,2150,2088,2804,3025,1118,0,0,0,0,3089,0,-1,0
3090,-1,-1,3090,1795,2151,2089,2804,3026,1118,0,0,0,0,3090,0,-1,0
3091,-1,-1,3091,1796,2152,2089,2805,3027,-1,0,0,0,0,3091,0,-1,0
3092,-1,-1,3092,-1,-1,-1,2805,3027,-1,0,0,0,0,3092,0,-1,0
3093,-1,-1,3093,1797,2153,2090,2806,3028,1119,0,0,0,0,3093,0,-1,0
3094,-1,-1,3094,-1,2154,2091,2807,3029,1120,0,0,0,0,3094,0,-1,0
3095,-1,-1,3095,-1,2154,-1,2808,3030,1121,0,0,0,0,3095,0,-1,0
3096,-1,-1,3096,-1,2155,2092,2809,3031,1121,0,0,0,0,3096,0,-1,0
3097,-1,-1,3097,-1,2156,2093,2810,3032,1121,0,0,0,0,3097,0,-1,0
3098,-1,-1,3098,1798,2156,2094,2811,3033,1122,0,0,0,0,3098,0,-1,0
3099,-1,-1,3099,1799,2157,2095,2812,3034,1123,0,0,0,0,3099,0,-1,0
3100,-1,-1,3100,1800,2158,2096,2813,3035,1123,0,0,0,0,3100,0,-1,0
3101,-1,-1,3101,1801,2159,2097,2814,3036,-1,0,0,0,0,3101,0,-1,0
3102,-1,-1,3102,-1,2160,-1,2815,3037,-1,0,0,0,0,3102,0,-1,0
3103,-1,-1,3103,1802,2161,2098,2816,3038,1124,0,0,0,0,3103,0,-1,0
3104,-1,-1,3104,1803,2162,-1,2817,3039,-1,0,0,0,0,3104,0,-1,0
3105,-1,-1,3105,1804,2162,-1,2818,3040,1125,0,0,0,0,3105,0,-1,0
3106,-1,-1,3106,1805,2163,2099,2819,3041,-1,0,0,0,0,3106,0,-1,0
3107,-1,-1,3107,1805,2164,2099,2820,3042,1126,0,0,0,0,3107,0,-1,0
3108,-1,-1,3108,1806,2165,2100,2821,3043,-1,0,0,0,0,3108,0,-1,0
3109,-1,-1,3109,-1,2166,2101,2822,3044,-1,0,0,0,0,3109,0,-1,0
3110,-1,-1,3110,-1,2167,2102,2823,3045,-1,0,0,0,0,3110,0,-1,0
3111,-1,-1,3111,-1,-1,-1,2824,3046,-1,0,0,0,0,3111,0,-1,0
3112,-1,-1,3112,1807,2167,2103,2825,3047,-1,0,0,0,0,3112,0,-1,0
3113,-1,-1,3113,1808,-1,2103,2826,3048,1127,0,0,0,0,3113,0,-1,0
3114,-1,-1,3114,1809,2168,-1,2827,3049,1128,0,0,0,0,3114,0,-1,0
3115,-1,-1,3115,1809,2169,2104,2828,3050,1128,0,0,0,0,3115,0,-1,0
3116,-1,-1,3116,1810,2170,-1,2829,3051,-1,0,0,0,0,3116,0,-1,0
3117,-1,-1,3117,1811,2171,2105,2829,3051,-1,0,0,0,0,3117,0,-1,0
3118,-1,-1,3118,1812,2172,2106,2830,3052,-1,0,0,0,0,3118,0,-1,0
3119,-1,-1,3119,1813,2172,-1,2831,3053,-1,0,0,0,0,3119,0,-1,0
3120,-1,-1,3120,1814,2173,2107,2832,3054,-1,0,0,0,0,3120,0,-1,0
3121,-1,-1,3121,-1,-1,-1,2833,3055,1129,0,0,0,0,3121,0,-1,0
3122,-1,-1,3122,-1,-1,-1,2834,3056,-1,0,0,0,0,3122,0,-1,0
3123,-1,-1,3123,-1,-1,-1,2835,3057,1130,0,0,0,0,3123,0,-1,0
3124,-1,-1,3124,1815,2174,2108,2836,3058,1130,0,0,0,0,3124,0,-1,0
3125,-1,-1,3125,1816,2174,2109,2837,3059,-1,0,0,0,0,3125,0,-1,0
3126,-1,-1,3126,1817,2175,2110,2838,3060,-1,0,0,0,0,3126,0,-1,0
3127,-1,-1,3127,1818,2176,2111,2839,3061,-1,0,0,0,0,3127,0,-1,0
3128,-1,-1,3128,1818,2177,2112,2840,3062,-1,0,0,0,0,3128,0,-1,0
3129,-1,-1,3129,1819,2178,2113,2841,3063,1131,0,0,0,0,3129,0,-1,0
3130,-1,-1,3130,1820,2179,2114,2842,3064,1132,0,0,0,0,3130,0,-1,0
3131,-1,-1,3131,-1,-1,-1,2843,3065,-1,0,0,0,0,3131,0,-1,0
3132,-1,-1,3132,1821,2180,2115,2843,3065,-1,0,0,0,0,3132,0,-1,0
3133,-1,-1,3133,1822,-1,-1,2843,3065,-1,0,0,0,0,3133,0,-1,0
3134,-1,-1,3134,1823,-1,-1,2844,3066,-1,0,0,0,0,3134,0,-1,0
3135,-1,-1,3135,1824,2181,2116,2845,3067,1132,0,0,0,0,3135,0,-1,0
3136,-1,-1,3136,-1,-1,-1,2845,3067,1132,0,0,0,0,3136,0,-1,0
3137,-1,-1,3137,1825,2182,2117,-1,3068,1133,0,0,0,0,3137,0,-1,0
3138,-1,-1,3138,1826,2183,2118,2846,3069,1134,0,0,0,0,3138,0,-1,0
3139,-1,-1,3139,1827,2184,-1,2847,3070,-1,0,0,0,0,3139,0,-1,0
3140,-1,-1,3140,-1,-1,-1,2848,3071,1134,0,0,0,0,3140,0,-1,0
3141,-1,-1,3141,-1,2185,-1,2849,3072,1135,0,0,0,0,3141,0,-1,0
3142,-1,-1,3142,-1,-1,-1,2850,3073,1136,0,0,0,0,3142,0,-1,0
3143,-1,-1,3143,1828,2186,2119,2851,3074,-1,0,0,0,0,3143,0,-1,0
3144,-1,-1,3144,1829,2187,2120,2852,3075,1137,0,0,0,0,3144,0,-1,0
3145,-1,-1,3145,1830,2188,2121,2853,3076,1138,0,0,0,0,3145,0,-1,0
3146,-1,-1,3146,1830,2188,2122,2854,3077,1139,0,0,0,0,3146,0,-1,0
3147,-1,-1,3147,1831,2189,2123,2855,3078,1139,0,0,0,0,3147,0,-1,0
3148,-1,-1,3148,1831,2190,2124,2856,3079,-1,0,0,0,0,3148,0,-1,0
3149,-1,-1,3149,1832,-1,-1,2857,3080,-1,0,0,0,0,3149,0,-1,0
3150,-1,-1,3150,1833,2191,2125,2858,3081,-1,0,0,0,0,3150,0,-1,0
3151,-1,-1,3151,1834,2191,2125,2859,3082,1139,0,0,0,0,3151,0,-1,0
3152,-1,-1,3152,1835,2192,-1,2860,3083,-1,0,0,0,0,3152,0,-1,0
3153,-1,-1,3153,1835,2193,2126,2861,3084,1140,0,0,0,0,3153,0,-1,0
3154,-1,-1,3154,1836,2194,2127,2862,3085,1141,0,0,0,0,3154,0,-1,0
3155,-1,-1,3155,-1,2195,-1,2863,3086,-1,0,0,0,0,3155,0,-1,0
3156,-1,-1,3156,-1,-1,-1,2864,3087,-1,0,0,0,0,3156,0,-1,0
3157,-1,-1,3157,-1,-1,-1,2865,3088,-1,0,0,0,0,3157,0,-1,0
3158,-1,-1,3158,1837,2196,2128,2866,3089,1141,0,0,0,0,3158,0,-1,0
3159,-1,-1,3159,1838,2197,2129,2867,3090,1142,0,0,0,0,3159,0,-1,0
3160,-1,-1,3160,-1,2197,2130,2868,3091,1143,0,0,0,0,3160,0,-1,0
3161,-1,-1,3161,1839,2198,2131,2869,3092,-1,0,0,0,0,3161,0,-1,0
3162,-1,-1,3162,1839,2199,2132,2870,3093,1143,0,0,0,0,3162,0,-1,0
3163,-1,-1,3163,1840,2200,2133,2871,3094,-1,0,0,0,0,3163,0,-1,0
3164,-1,-1,3164,1841,2201,2134,2872,3095,-1,0,0,0,0,3164,0,-1,0
3165,-1,-1,3165,1842,-1,-1,2873,3096,-1,0,0,0,0,3165,0,-1,0
3166,-1,-1,3166,-1,-1,-1,-1,3097,1144,0,0,0,0,3166,0,-1,0
3167,-1,-1,3167,1843,2201,2135,2874,3098,1145,0,0,0,0,3167,0,-1,0
3168,-1,-1,3168,1844,2202,2136,2874,3099,1146,0,0,0,0,3168,0,-1,0
3169,-1,-1,3169,1844,-1,2137,2875,3100,1147,0,0,0,0,3169,0,-1,0
3170,-1,-1,3170,1844,2203,2138,2876,3101,1148,0,0,0,0,3170,0,-1,0
3171,-1,-1,3171,1845,2204,2139,2876,3102,1149,0,0,0,0,3171,0,-1,0
3172,-1,-1,3172,1846,-1,2140,2877,3103,1150,0,0,0,0,3172,0,-1,0
3173,-1,-1,3173,1847,2205,-1,2878,3104,-1,0,0,0,0,3173,0,-1,0
3174,-1,-1,3174,1848,2206,2141,2879,3105,-1,0,0,0,0,3174,0,-1,0
3175,-1,-1,3175,1848,2207,2142,2879,3106,1150,0,0,0,0,3175,0,-1,0
3176,-1,-1,3176,1849,2208,2143,2880,3107,-1,0,0,0,0,3176,0,-1,0
3177,-1,-1,3177,1850,2209,2144,2880,3107,-1,0,0,0,0,3177,0,-1,0
3178,-1,-1,3178,1851,2210,2145,2881,3108,-1,0,0,0,0,3178,0,-1,0
3179,-1,-1,3179,1852,2210,2146,2882,3109,-1,0,0,0,0,3179,0,-1,0
3180,-1,-1,3180,-1,2211,2147,2883,3110,1150,0,0,0,0,3180,0,-1,0
3181,-1,-1,3181,-1,2212,-1,2884,3111,1151,0,0,0,0,3181,0,-1,0
3182,-1,-1,3182,1853,2213,2147,2885,3112,1152,0,0,0,0,3182,0,-1,0
3183,-1,-1,3183,1854,2214,2148,2886,3113,-1,0,0,0,0,3183,0,-1,0
3184,-1,-1,3184,1854,2215,2149,2887,3114,1152,0,0,0,0,3184,0,-1,0
3185,-1,-1,3185,1855,2215,2150,2888,3115,1152,0,0,0,0,3185,0,-1,0
3186,-1,-1,3186,1856,-1,-1,2889,3116,1153,0,0,0,0,3186,0,-1,0
3187,-1,-1,3187,1857,2216,2151,2890,3117,1154,0,0,0,0,3187,0,-1,0
3188,-1,-1,3188,1858,2217,2152,2891,3118,1155,0,0,0,0,3188,0,-1,0
3189,-1,-1,3189,1859,2218,2153,2892,3119,-1,0,0,0,0,3189,0,-1,0
3190,-1,-1,3190,1860,2219,2154,2893,3120,-1,0,0,0,0,3190,0,-1,0
3191,-1,-1,3191,1861,2220,2155,2894,3121,1155,0,0,0,0,3191,0,-1,0
3192,-1,-1,3192,1862,2221,-1,2895,3122,1156,0,0,0,0,3192,0,-1,0
3193,-1,-1,3193,1863,2222,-1,2896,3123,1157,0,0,0,0,3193,0,-1,0
3194,-1,-1,3194,1864,2223,2156,2897,3124,-1,0,0,0,0,3194,0,-1,0
3195,-1,-1,3195,1865,2224,2156,2898,3125,-1,0,0,0,0,3195,0,-1,0
3196,-1,-1,3196,1866,2225,2157,2899,3126,1157,0,0,0,0,3196,0,-1,0
3197,-1,-1,3197,-1,-1,-1,2900,3127,1157,0,0,0,0,3197,0,-1,0
3198,-1,-1,3198,1867,2226,2157,2901,3128,-1,0,0,0,0,3198,0,-1,0
3199,-1,-1,3199,1868,2227,-1,2902,3129,-1,0,0,0,0,3199,0,-1,0
3200,-1,-1,3200,-1,2228,-1,2903,3130,-1,0,0,0,0,3200,0,-1,0
3201,-1,-1,3201,1869,2228,-1,2904,3131,-1,0,0,0,0,3201,0,-1,0
3202,-1,-1,3202,1870,2228,2158,2905,3132,1158,0,0,0,0,3202,0,-1,0
3203,-1,-1,3203,1871,2228,2159,2905,3133,1159,0,0,0,0,3203,0,-1,0
3204,-1,-1,3204,1871,2229,2160,2905,3134,1160,0,0,0,0,3204,0,-1,0
3205,-1,-1,3205,1872,2229,2161,2905,3135,1161,0,0,0,0,3205,0,-1,0
3206,-1,-1,3206,1872,2230,2162,2906,3136,1162,0,0,0,0,3206,0,-1,0
3207,-1,-1,3207,-1,-1,-1,2907,3137,1163,0,0,0,0,3207,0,-1,0
3208,-1,-1,3208,1873,-1,-1,2907,3138,1163,0,0,0,0,3208,0,-1,0
3209,-1,-1,3209,1874,2231,2163,2908,3139,-1,0,0,0,0,3209,0,-1,0
3210,-1,-1,3210,1875,2232,2164,2909,3140,1164,0,0,0,0,3210,0,-1,0
3211,-1,-1,3211,-1,2233,2165,2910,3141,1165,0,0,0,0,3211,0,-1,0
3212,-1,-1,3212,-1,2234,-1,2911,3142,-1,0,0,0,0,3212,0,-1,0
3213,-1,-1,3213,-1,-1,-1,2912,3143,1166,0,0,0,0,3213,0,-1,0
3214,-1,-1,3214,-1,-1,-1,2913,3144,-1,0,0,0,0,3214,0,-1,0
3215,-1,-1,3215,-1,-1,-1,2914,3145,-1,0,0,0,0,3215,0,-1,0
3216,-1,-1,3216,1876,2235,2166,2915,3146,1166,0,0,0,0,3216,0,-1,0
3217,-1,-1,3217,1876,2236,2167,2916,3147,1166,0,0,0,0,3217,0,-1,0
3218,-1,-1,3218,1877,2237,2168,2917,3148,1167,0,0,0,0,3218,0,-1,0
3219,-1,-1,3219,1878,2238,2169,2918,3149,1168,0,0,0,0,3219,0,-1,0
3220,-1,-1,3220,-1,-1,-1,2919,3150,1169,0,0,0,0,3220,0,-1,0
3221,-1,-1,3221,1879,2239,2170,2920,3151,1170,0,0,0,0,3221,0,-1,0
3222,-1,-1,3222,1879,2240,2171,2921,3152,1170,0,0,0,0,3222,0,-1,0
3223,-1,-1,3223,-1,-1,-1,2922,3153,1170,0,0,0,0,3223,0,-1,0
3224,-1,-1,3224,1880,2241,2172,2923,3154,-1,0,0,0,0,3224,0,-1,0
3225,-1,-1,3225,1881,2242,2173,2924,3155,-1,0,0,0,0,3225,0,-1,0
3226,-1,-1,3226,1882,2242,-1,2925,3156,-1,0,0,0,0,3226,0,-1,0
3227,-1,-1,3227,-1,2243,2174,2925,3156,-1,0,0,0,0,3227,0,-1,0
3228,-1,-1,3228,1883,2244,2175,2926,3157,-1,0,0,0,0,3228,0,-1,0
3229,-1,-1,3229,1883,2245,2176,2927,3158,1170,0,0,0,0,3229,0,-1,0
3230,-1,-1,3230,1884,2246,-1,2928,3159,1170,0,0,0,0,3230,0,-1,0
3231,-1,-1,3231,1885,2246,2177,2929,3160,1170,0,0,0,0,3231,0,-1,0
3232,-1,-1,3232,1886,2247,2178,2930,3161,-1,0,0,0,0,3232,0,-1,0
3233,-1,-1,3233,1887,2247,2179,2930,3161,-1,0,0,0,0,3233,0,-1,0
3234,-1,-1,3234,-1,-1,-1,2931,3162,-1,0,0,0,0,3234,0,-1,0
3235,-1,-1,3235,1888,-1,-1,2932,3163,1171,0,0,0,0,3235,0,-1,0
3236,-1,-1,3236,-1,2248,2180,2933,3164,1172,0,0,0,0,3236,0,-1,0
3237,-1,-1,3237,1888,2249,-1,2934,3165,1173,0,0,0,0,3237,0,-1,0
3238,-1,-1,3238,-1,2250,2181,2935,3166,-1,0,0,0,0,3238,0,-1,0
3239,-1,-1,3239,1889,2251,2182,2936,3167,1174,0,0,0,0,3239,0,-1,0
3240,-1,-1,3240,1890,2252,2183,2937,3168,1175,0,0,0,0,3240,0,-1,0
3241,-1,-1,3241,1891,2253,2183,2938,3169,1175,0,0,0,0,3241,0,-1,0
3242,-1,-1,3242,1892,2253,2184,2939,3170,-1,0,0,0,0,3242,0,-1,0
3243,-1,-1,3243,1892,2254,2185,2940,3171,1175,0,0,0,0,3243,0,-1,0
3244,-1,-1,3244,1893,-1,-1,2941,3172,-1,0,0,0,0,3244,0,-1,0
3245,-1,-1,3245,1894,2254,2186,2942,3173,-1,0,0,0,0,3245,0,-1,0
3246,-1,-1,3246,1894,2255,2187,2943,3174,-1,0,0,0,0,3246,0,-1,0
3247,-1,-1,3247,1895,2256,2188,2944,3175,1175,0,0,0,0,3247,0,-1,0
3248,-1,-1,3248,1896,2257,2189,2945,3176,-1,0,0,0,0,3248,0,-1,0
3249,-1,-1,3249,-1,2258,2189,2946,3177,-1,0,0,0,0,3249,0,-1,0
3250,-1,-1,3250,-1,2259,2190,2947,3178,1175,0,0,0,0,3250,0,-1,0
3251,-1,-1,3251,1897,-1,2191,2948,3179,1175,0,0,0,0,3251,0,-1,0
3252,-1,-1,3252,1898,2260,2192,2949,3180,1176,0,0,0,0,3252,0,-1,0
3253,-1,-1,3253,1899,2260,2193,2950,3181,1177,0,0,0,0,3253,0,-1,0
3254,-1,-1,3254,-1,-1,-1,2951,3182,-1,0,0,0,0,3254,0,-1,0
3255,-1,-1,3255,1900,2261,2194,2952,3183,-1,0,0,0,0,3255,0,-1,0
3256,-1,-1,3256,-1,-1,-1,2953,3184,-1,0,0,0,0,3256,0,-1,0
3257,-1,-1,3257,1900,2262,2195,2954,3185,1178,0,0,0,0,3257,0,-1,0
3258,-1,-1,3258,1901,2263,2196,2955,3186,1178,0,0,0,0,3258,0,-1,0
3259,-1,-1,3259,-1,-1,-1,2956,3187,1178,0,0,0,0,3259,0,-1,0
3260,-1,-1,3260,1902,2264,-1,2957,3188,1178,0,0,0,0,3260,0,-1,0
3261,-1,-1,3261,-1,-1,-1,2958,3189,-1,0,0,0,0,3261,0,-1,0
3262,-1,-1,3262,1903,2265,2197,2959,3190,-1,0,0,0,0,3262,0,-1,0
3263,-1,-1,3263,-1,2266,2198,2960,3191,-1,0,0,0,0,3263,0,-1,0
3264,-1,-1,3264,1904,2267,2199,2961,3192,1178,0,0,0,0,3264,0,-1,0
3265,-1,-1,3265,1904,2268,2199,2962,3193,-1,0,0,0,0,3265,0,-1,0
3266,-1,-1,3266,1905,2268,2199,2963,3194,1178,0,0,0,0,3266,0,-1,0
3267,-1,-1,3267,1906,2269,2200,2963,3195,1178,0,0,0,0,3267,0,-1,0
3268,-1,-1,3268,-1,-1,2201,2964,3196,-1,0,0,0,0,3268,0,-1,0
3269,-1,-1,3269,1907,2270,-1,2965,3197,1178,0,0,0,0,3269,0,-1,0
3270,-1,-1,3270,1908,2271,2202,2966,3198,1179,0,0,0,0,3270,0,-1,0
3271,-1,-1,3271,1908,-1,-1,2967,3199,-1,0,0,0,0,3271,0,-1,0
3272,-1,-1,3272,-1,-1,-1,2968,3200,1180,0,0,0,0,3272,0,-1,0
3273,-1,-1,3273,1909,2272,2203,2969,3201,1181,0,0,0,0,3273,0,-1,0
3274,-1,-1,3274,-1,2273,2204,2970,3202,1182,0,0,0,0,3274,0,-1,0
3275,-1,-1,3275,1910,2274,2205,2971,3203,1183,0,0,0,0,3275,0,-1,0
3276,-1,-1,3276,1911,2275,2206,2972,3204,-1,0,0,0,0,3276,0,-1,0
3277,-1,-1,3277,-1,-1,2207,2973,3205,1183,0,0,0,0,3277,0,-1,0
3278,-1,-1,3278,-1,2276,2207,2974,3206,1183,0,0,0,0,3278,0,-1,0
3279,-1,-1,3279,1912,2277,2208,2975,3207,1184,0,0,0,0,3279,0,-1,0
3280,-1,-1,3280,1912,2277,2209,2976,3208,-1,0,0,0,0,3280,0,-1,0
3281,-1,-1,3281,1913,2277,2210,2977,3209,1185,0,0,0,0,3281,0,-1,0
3282,-1,-1,3282,1914,2277,2211,2978,3210,1185,0,0,0,0,3282,0,-1,0
3283,-1,-1,3283,1915,2278,2212,2979,3211,1185,0,0,0,0,3283,0,-1,0
3284,-1,-1,3284,1916,2279,2212,2980,3212,1186,0,0,0,0,3284,0,-1,0
3285,-1,-1,3285,1917,2280,2213,2981,3213,-1,0,0,0,0,3285,0,-1,0
3286,-1,-1,3286,1918,2281,2214,2982,3214,1187,0,0,0,0,3286,0,-1,0
3287,-1,-1,3287,1919,-1,2215,2983,3215,1187,0,0,0,0,3287,0,-1,0
3288,-1,-1,3288,1920,2282,2216,2984,3216,1187,0,0,0,0,3288,0,-1,0
3289,-1,-1,3289,1921,2283,2217,2985,3217,1188,0,0,0,0,3289,0,-1,0
3290,-1,-1,3290,1922,2284,2218,2986,3218,1189,0,0,0,0,3290,0,-1,0
3291,-1,-1,3291,1922,2285,2219,2987,3219,1189,0,0,0,0,3291,0,-1,0
3292,-1,-1,3292,-1,2285,2220,2988,3220,-1,0,0,0,0,3292,0,-1,0
3293,-1,-1,3293,1923,2286,2221,2989,3221,1189,0,0,0,0,3293,0,-1,0
3294,-1,-1,3294,-1,-1,-1,2990,3222,-1,0,0,0,0,3294,0,-1,0
3295,-1,-1,3295,1924,-1,2222,2991,3223,1190,0,0,0,0,3295,0,-1,0
3296,-1,-1,3296,1925,2287,-1,2992,3224,-1,0,0,0,0,3296,0,-1,0
3297,-1,-1,3297,1926,2288,2223,2993,3225,1191,0,0,0,0,3297,0,-1,0
3298,-1,-1,3298,1927,2289,2224,2994,3226,1192,0,0,0,0,3298,0,-1,0
3299,-1,-1,3299,1928,2290,2224,-1,3227,1193,0,0,0,0,3299,0,-1,0
3300,-1,-1,3300,1929,2291,-1,2995,3228,-1,0,0,0,0,3300,0,-1,0
3301,-1,-1,3301,1930,2292,2225,2996,3229,1194,0,0,0,0,3301,0,-1,0
3302,-1,-1,3302,-1,2293,2226,2997,3230,1195,0,0,0,0,3302,0,-1,0
3303,-1,-1,3303,-1,2294,2227,2998,3231,1196,0,0,0,0,3303,0,-1,0
3304,-1,-1,3304,1930,2295,-1,2999,3232,-1,0,0,0,0,3304,0,-1,0
3305,-1,-1,3305,1930,2296,2228,3000,3233,1197,0,0,0,0,3305,0,-1,0
3306,-1,-1,3306,1930,2297,2229,3001,3234,1198,0,0,0,0,3306,0,-1,0
3307,-1,-1,3307,1930,2298,-1,3002,3235,-1,0,0,0,0,3307,0,-1,0
3308,-1,-1,3308,1931,2299,2230,3003,3236,1198,0,0,0,0,3308,0,-1,0
3309,-1,-1,3309,1932,-1,-1,3004,3237,1198,0,0,0,0,3309,0,-1,0
3310,-1,-1,3310,1933,2300,2231,3005,3238,1198,0,0,0,0,3310,0,-1,0
3311,-1,-1,3311,1934,2301,2232,3006,3239,1198,0,0,0,0,3311,0,-1,0
3312,-1,-1,3312,1935,2302,2233,3007,3240,-1,0,0,0,0,3312,0,-1,0
3313,-1,-1,3313,-1,2303,2234,3008,3241,-1,0,0,0,0,3313,0,-1,0
3314,-1,-1,3314,1936,2304,2235,3009,3242,1198,0,0,0,0,3314,0,-1,0
3315,-1,-1,3315,-1,2305,2236,3010,3243,1199,0,0,0,0,3315,0,-1,0
3316,-1,-1,3316,1937,2306,2237,3011,3244,1200,0,0,0,0,3316,0,-1,0
3317,-1,-1,3317,1938,2307,-1,3012,3245,1200,0,0,0,0,3317,0,-1,0
3318,-1,-1,3318,1939,2308,2238,3013,3246,1200,0,0,0,0,3318,0,-1,0
3319,-1,-1,3319,1940,2309,2239,3014,3247,1201,0,0,0,0,3319,0,-1,0
3320,-1,-1,3320,1940,2309,2240,3015,3248,1202,0,0,0,0,3320,0,-1,0
3321,-1,-1,3321,1941,2310,2241,3016,3249,1202,0,0,0,0,3321,0,-1,0
3322,-1,-1,3322,-1,2310,2242,3016,3250,1202,0,0,0,0,3322,0,-1,0
3323,-1,-1,3323,1942,-1,2243,3016,3251,-1,0,0,0,0,3323,0,-1,0
3324,-1,-1,3324,1943,2311,2244,3017,3252,1202,0,0,0,0,3324,0,-1,0
3325,-1,-1,3325,-1,2311,2245,3018,3253,1202,0,0,0,0,3325,0,-1,0
3326,-1,-1,3326,1944,2312,2246,3019,3254,1202,0,0,0,0,3326,0,-1,0
3327,-1,-1,3327,1945,2313,2247,3020,3255,1203,0,0,0,0,3327,0,-1,0
3328,-1,-1,3328,-1,-1,-1,3020,3256,1204,0,0,0,0,3328,0,-1,0
3329,-1,-1,3329,-1,2314,-1,3021,3257,-1,0,0,0,0,3329,0,-1,0
3330,-1,-1,3330,-1,2315,2248,3022,3258,1205,0,0,0,0,3330,0,-1,0
3331,-1,-1,3331,-1,2316,-1,3023,3259,1206,0,0,0,0,3331,0,-1,0
3332,-1,-1,3332,-1,2317,2249,3024,3260,-1,0,0,0,0,3332,0,-1,0
3333,-1,-1,3333,1946,2317,2250,3025,3261,-1,0,0,0,0,3333,0,-1,0
3334,-1,-1,3334,-1,-1,2251,3026,3262,1207,0,0,0,0,3334,0,-1,0
3335,-1,-1,3335,1947,2318,2251,3027,3263,1207,0,0,0,0,3335,0,-1,0
3336,-1,-1,3336,1948,2319,-1,3028,3264,-1,0,0,0,0,3336,0,-1,0
3337,-1,-1,3337,1949,2320,2252,3029,3265,1208,0,0,0,0,3337,0,-1,0
3338,-1,-1,3338,1950,2321,2253,3030,3266,1209,0,0,0,0,3338,0,-1,0
3339,-1,-1,3339,1951,2322,2254,3031,3267,1210,0,0,0,0,3339,0,-1,0
3340,-1,-1,3340,1952,2322,2255,3031,3268,1210,0,0,0,0,3340,0,-1,0
3341,-1,-1,3341,-1,-1,-1,3032,3269,1211,0,0,0,0,3341,0,-1,0
3342,-1,-1,3342,1953,2323,2256,3033,3270,1212,0,0,0,0,3342,0,-1,0
3343,-1,-1,3343,1954,2324,2257,3034,3271,1213,0,0,0,0,3343,0,-1,0
3344,-1,-1,3344,1955,2325,2258,3035,3272,1214,0,0,0,0,3344,0,-1,0
3345,-1,-1,3345,1956,2326,2259,3036,3273,1214,0,0,0,0,3345,0,-1,0
3346,-1,-1,3346,1957,2327,-1,3036,3274,1215,0,0,0,0,3346,0,-1,0
3347,-1,-1,3347,1958,2328,2260,3037,3275,-1,0,0,0,0,3347,0,-1,0
3348,-1,-1,3348,-1,2328,-1,3038,3276,1216,0,0,0,0,3348,0,-1,0
3349,-1,-1,3349,1959,2329,2261,3039,3277,-1,0,0,0,0,3349,0,-1,0
3350,-1,-1,3350,1959,2330,2261,3039,3277,-1,0,0,0,0,3350,0,-1,0
3351,-1,-1,3351,-1,2331,2262,3039,3277,-1,0,0,0,0,3351,0,-1,0
3352,-1,-1,3352,1959,2332,2263,3039,3277,-1,0,0,0,0,3352,0,-1,0
3353,-1,-1,3353,-1,2333,-1,3040,3278,1217,0,0,0,0,3353,0,-1,0
3354,-1,-1,3354,-1,2333,2264,3041,3279,1218,0,0,0,0,3354,0,-1,0
3355,-1,-1,3355,1960,2334,2265,3042,3280,1219,0,0,0,0,3355,0,-1,0
3356,-1,-1,3356,1961,2335,2266,3043,3281,1220,0,0,0,0,3356,0,-1,0
3357,-1,-1,3357,1962,2335,-1,3044,3282,1220,0,0,0,0,3357,0,-1,0
3358,-1,-1,3358,1963,2336,-1,3045,3283,-1,0,0,0,0,3358,0,-1,0
3359,-1,-1,3359,-1,-1,-1,3046,3284,1221,0,0,0,0,3359,0,-1,0
3360,-1,-1,3360,1964,-1,2267,3047,3285,-1,0,0,0,0,3360,0,-1,0
3361,-1,-1,3361,-1,-1,-1,3048,3286,-1,0,0,0,0,3361,0,-1,0
3362,-1,-1,3362,1965,2336,2268,3049,3287,-1,0,0,0,0,3362,0,-1,0
3363,-1,-1,3363,1966,2337,-1,3049,3287,-1,0,0,0,0,3363,0,-1,0
3364,-1,-1,3364,1966,-1,-1,3050,3288,1222,0,0,0,0,3364,0,-1,0
3365,-1,-1,3365,1967,-1,-1,3051,3289,1223,0,0,0,0,3365,0,-1,0
3366,-1,-1,3366,1967,2338,2268,3052,3290,1224,0,0,0,0,3366,0,-1,0
3367,-1,-1,3367,1967,2339,2268,3052,3291,-1,0,0,0,0,3367,0,-1,0
3368,-1,-1,3368,1968,2340,-1,3053,3292,-1,0,0,0,0,3368,0,-1,0
3369,-1,-1,3369,1968,2341,2269,3054,3293,-1,0,0,0,0,3369,0,-1,0
3370,-1,-1,3370,-1,-1,-1,3055,3294,1225,0,0,0,0,3370,0,-1,0
3371,-1,-1,3371,1969,2342,2270,3056,3295,1226,0,0,0,0,3371,0,-1,0
3372,-1,-1,3372,1970,2343,-1,3057,3296,-1,0,0,0,0,3372,0,-1,0
3373,-1,-1,3373,1971,2344,2271,3058,3297,1227,0,0,0,0,3373,0,-1,0
3374,-1,-1,3374,-1,2345,2272,3058,3297,1227,0,0,0,0,3374,0,-1,0
3375,-1,-1,3375,1972,2346,2273,3059,3298,-1,0,0,0,0,3375,0,-1,0
3376,-1,-1,3376,1973,2347,2274,3060,3299,1227,0,0,0,0,3376,0,-1,0
3377,-1,-1,3377,1974,2348,-1,3061,3300,-1,0,0,0,0,3377,0,-1,0
3378,-1,-1,3378,1975,2349,2275,3062,3301,-1,0,0,0,0,3378,0,-1,0
3379,-1,-1,3379,-1,-1,2276,3062,3301,-1,0,0,0,0,3379,0,-1,0
3380,-1,-1,3380,1975,-1,-1,3062,3301,-1,0,0,0,0,3380,0,-1,0
3381,-1,-1,3381,1976,2349,2277,3063,3302,1228,0,0,0,0,3381,0,-1,0
3382,-1,-1,3382,1977,2350,2278,3064,3303,1229,0,0,0,0,3382,0,-1,0
3383,-1,-1,3383,1977,2351,2278,3064,3304,1230,0,0,0,0,3383,0,-1,0
3384,-1,-1,3384,1978,2352,-1,3064,3305,1231,0,0,0,0,3384,0,-1,0
3385,-1,-1,3385,-1,2352,2279,3065,3306,1231,0,0,0,0,3385,0,-1,0
3386,-1,-1,3386,1979,2353,2280,3065,3307,1232,0,0,0,0,3386,0,-1,0
3387,-1,-1,3387,1980,2354,2281,3065,3308,-1,0,0,0,0,3387,0,-1,0
3388,-1,-1,3388,1981,2355,2282,3065,3309,1233,0,0,0,0,3388,0,-1,0
3389,-1,-1,3389,-1,2356,2283,3065,3310,1233,0,0,0,0,3389,0,-1,0
3390,-1,-1,3390,-1,2357,-1,3066,3311,1234,0,0,0,0,3390,0,-1,0
3391,-1,-1,3391,1982,-1,-1,-1,3312,1235,0,0,0,0,3391,0,-1,0
3392,-1,-1,3392,1983,2358,2284,3067,3313,1236,0,0,0,0,3392,0,-1,0
3393,-1,-1,3393,-1,-1,-1,3068,3314,-1,0,0,0,0,3393,0,-1,0
3394,-1,-1,3394,1984,2359,2284,3069,3315,1236,0,0,0,0,3394,0,-1,0
3395,-1,-1,3395,1985,2360,2284,3070,3316,1237,0,0,0,0,3395,0,-1,0
3396,-1,-1,3396,-1,-1,-1,3071,3317,-1,0,0,0,0,3396,0,-1,0
3397,-1,-1,3397,1986,2361,2285,3072,3318,1238,0,0,0,0,3397,0,-1,0
3398,-1,-1,3398,1987,-1,2286,3073,3319,-1,0,0,0,0,3398,0,-1,0
3399,-1,-1,3399,-1,2362,2287,3074,3320,-1,0,0,0,0,3399,0,-1,0
3400,-1,-1,3400,-1,2362,2288,3075,3321,-1,0,0,0,0,3400,0,-1,0
3401,-1,-1,3401,1988,2363,2288,3076,3322,-1,0,0,0,0,3401,0,-1,0
3402,-1,-1,3402,1989,2364,-1,3077,3323,-1,0,0,0,0,3402,0,-1,0
3403,-1,-1,3403,1989,2365,2289,3078,3324,1238,0,0,0,0,3403,0,-1,0
3404,-1,-1,3404,1990,2366,2289,3079,3325,-1,0,0,0,0,3404,0,-1,0
3405,-1,-1,3405,-1,-1,-1,3080,3326,-1,0,0,0,0,3405,0,-1,0
3406,-1,-1,3406,1991,-1,-1,3081,3327,1239,0,0,0,0,3406,0,-1,0
3407,-1,-1,3407,-1,2367,2290,3081,3328,1239,0,0,0,0,3407,0,-1,0
3408,-1,-1,3408,-1,2368,2291,3082,3329,-1,0,0,0,0,3408,0,-1,0
3409,-1,-1,3409,-1,-1,-1,3083,3330,-1,0,0,0,0,3409,0,-1,0
3410,-1,-1,3410,-1,2369,-1,3084,3331,-1,0,0,0,0,3410,0,-1,0
3411,-1,-1,3411,-1,2370,2292,3085,3332,-1,0,0,0,0,3411,0,-1,0
3412,-1,-1,3412,1992,2371,2293,3086,3333,-1,0,0,0,0,3412,0,-1,0
3413,-1,-1,3413,1993,2372,2294,3087,3334,1240,0,0,0,0,3413,0,-1,0
3414,-1,-1,3414,1994,2373,-1,3088,3335,1241,0,0,0,0,3414,0,-1,0
3415,-1,-1,3415,1994,2374,2295,3089,3336,-1,0,0,0,0,3415,0,-1,0
3416,-1,-1,3416,1995,-1,-1,3090,3337,1242,0,0,0,0,3416,0,-1,0
3417,-1,-1,3417,1996,2375,-1,3091,3338,1242,0,0,0,0,3417,0,-1,0
3418,-1,-1,3418,1997,2376,2296,3092,3339,1242,0,0,0,0,3418,0,-1,0
3419,-1,-1,3419,1998,2376,-1,3093,3340,-1,0,0,0,0,3419,0,-1,0
3420,-1,-1,3420,1999,2377,2297,3094,3341,1243,0,0,0,0,3420,0,-1,0
3421,-1,-1,3421,2000,2378,2298,3095,3342,1244,0,0,0,0,3421,0,-1,0
3422,-1,-1,3422,2001,2379,2299,3096,3343,1245,0,0,0,0,3422,0,-1,0
3423,-1,-1,3423,2001,2380,2299,3097,3344,1246,0,0,0,0,3423,0,-1,0
3424,-1,-1,3424,2002,-1,-1,3098,3345,-1,0,0,0,0,3424,0,-1,0
3425,-1,-1,3425,-1,-1,-1,3099,3346,-1,0,0,0,0,3425,0,-1,0
3426,-1,-1,3426,2003,2381,2300,3100,3347,1247,0,0,0,0,3426,0,-1,0
3427,-1,-1,3427,-1,-1,-1,3101,3348,-1,0,0,0,0,3427,0,-1,0
3428,-1,-1,3428,2004,2382,2301,3102,3349,1248,0,0,0,0,3428,0,-1,0
3429,-1,-1,3429,2004,2383,2302,3103,3350,1249,0,0,0,0,3429,0,-1,0
3430,-1,-1,3430,2005,-1,-1,3104,3351,-1,0,0,0,0,3430,0,-1,0
3431,-1,-1,3431,2005,2384,2303,3105,3352,1249,0,0,0,0,3431,0,-1,0
3432,-1,-1,3432,2005,2385,2304,3106,3353,-1,0,0,0,0,3432,0,-1,0
3433,-1,-1,3433,-1,-1,-1,3107,3354,1250,0,0,0,0,3433,0,-1,0
3434,-1,-1,3434,2006,2386,2305,3108,3355,1251,0,0,0,0,3434,0,-1,0
3435,-1,-1,3435,-1,-1,-1,-1,3356,-1,0,0,0,0,3435,0,-1,0
3436,-1,-1,3436,2007,2387,2306,3109,3357,1252,0,0,0,0,3436,0,-1,0
3437,-1,-1,3437,2008,2388,2307,3110,3358,-1,0,0,0,0,3437,0,-1,0
3438,-1,-1,3438,2009,2389,2308,3111,3359,-1,0,0,0,0,3438,0,-1,0
3439,-1,-1,3439,-1,-1,2309,3112,3360,1253,0,0,0,0,3439,0,-1,0
3440,-1,-1,3440,2010,2390,2310,3113,3361,1253,0,0,0,0,3440,0,-1,0
3441,-1,-1,3441,2011,2391,2311,3114,3362,1253,0,0,0,0,3441,0,-1,0
3442,-1,-1,3442,-1,-1,-1,3115,3363,-1,0,0,0,0,3442,0,-1,0
3443,-1,-1,3443,2012,2392,2312,3116,3364,1253,0,0,0,0,3443,0,-1,0
3444,-1,-1,3444,-1,-1,2313,3117,3365,1253,0,0,0,0,3444,0,-1,0
3445,-1,-1,3445,2012,-1,-1,3118,3366,1254,0,0,0,0,3445,0,-1,0
3446,-1,-1,3446,2012,2393,2314,3119,3367,1255,0,0,0,0,3446,0,-1,0
3447,-1,-1,3447,-1,2394,2315,3120,3368,-1,0,0,0,0,3447,0,-1,0
3448,-1,-1,3448,-1,2395,2316,3121,3369,1255,0,0,0,0,3448,0,-1,0
3449,-1,-1,3449,-1,2396,-1,3122,3370,1256,0,0,0,0,3449,0,-1,0
3450,-1,-1,3450,-1,-1,-1,3123,3371,1257,0,0,0,0,3450,0,-1,0
3451,-1,-1,3451,-1,2397,2316,3124,3372,-1,0,0,0,0,3451,0,-1,0
3452,-1,-1,3452,2013,2398,2317,3125,3373,-1,0,0,0,0,3452,0,-1,0
3453,-1,-1,3453,-1,2399,2318,3125,3374,1257,0,0,0,0,3453,0,-1,0
3454,-1,-1,3454,-1,-1,-1,3126,3375,-1,0,0,0,0,3454,0,-1,0
3455,-1,-1,3455,2014,-1,-1,3127,3376,1257,0,0,0,0,3455,0,-1,0
3456,-1,-1,3456,-1,-1,-1,3128,3377,1257,0,0,0,0,3456,0,-1,0
3457,-1,-1,3457,-1,-1,-1,3128,3378,-1,0,0,0,0,3457,0,-1,0
3458,-1,-1,3458,2015,2400,-1,3129,3379,-1,0,0,0,0,3458,0,-1,0
3459,-1,-1,3459,2016,2401,2319,3130,3380,1257,0,0,0,0,3459,0,-1,0
3460,-1,-1,3460,2017,2402,2320,3130,3381,-1,0,0,0,0,3460,0,-1,0
3461,-1,-1,3461,2017,2403,2321,3131,3382,-1,0,0,0,0,3461,0,-1,0
3462,-1,-1,3462,-1,2404,2322,3132,3383,-1,0,0,0,0,3462,0,-1,0
3463,-1,-1,3463,-1,2405,2323,3133,3384,-1,0,0,0,0,3463,0,-1,0
3464,-1,-1,3464,-1,-1,-1,3134,3385,1258,0,0,0,0,3464,0,-1,0
3465,-1,-1,3465,-1,-1,-1,3134,3386,1259,0,0,0,0,3465,0,-1,0
3466,-1,-1,3466,2017,2406,2324,3135,3387,-1,0,0,0,0,3466,0,-1,0
3467,-1,-1,3467,2017,2407,2325,3136,3388,1259,0,0,0,0,3467,0,-1,0
3468,-1,-1,3468,-1,-1,-1,3136,3389,-1,0,0,0,0,3468,0,-1,0
3469,-1,-1,3469,2018,2408,2325,3137,3390,1260,0,0,0,0,3469,0,-1,0
3470,-1,-1,3470,2019,2408,2326,3138,3391,1261,0,0,0,0,3470,0,-1,0
3471,-1,-1,3471,2019,2408,2327,3139,3392,1262,0,0,0,0,3471,0,-1,0
3472,-1,-1,3472,2020,2409,2328,3140,3393,-1,0,0,0,0,3472,0,-1,0
3473,-1,-1,3473,2021,2410,2329,3141,3394,1263,0,0,0,0,3473,0,-1,0
3474,-1,-1,3474,-1,2411,2330,3142,3395,1264,0,0,0,0,3474,0,-1,0
3475,-1,-1,3475,2022,-1,-1,3143,3396,-1,0,0,0,0,3475,0,-1,0
3476,-1,-1,3476,2023,-1,-1,3144,3397,1264,0,0,0,0,3476,0,-1,0
3477,-1,-1,3477,-1,2412,2331,3145,3398,1265,0,0,0,0,3477,0,-1,0
3478,-1,-1,3478,2024,2413,2332,3146,3399,1266,0,0,0,0,3478,0,-1,0
3479,-1,-1,3479,2025,2414,2333,3147,3400,-1,0,0,0,0,3479,0,-1,0
3480,-1,-1,3480,2025,2415,-1,3148,3401,1266,0,0,0,0,3480,0,-1,0
3481,-1,-1,3481,2026,2416,2334,3149,3402,1267,0,0,0,0,3481,0,-1,0
3482,-1,-1,3482,2026,2417,2335,3150,3403,1268,0,0,0,0,3482,0,-1,0
3483,-1,-1,3483,-1,-1,-1,3151,3404,1268,0,0,0,0,3483,0,-1,0
3484,-1,-1,3484,2027,2418,2336,3152,3405,1268,0,0,0,0,3484,0,-1,0
3485,-1,-1,3485,2028,2419,-1,3153,3406,-1,0,0,0,0,3485,0,-1,0
3486,-1,-1,3486,2029,2420,2336,3154,3407,1269,0,0,0,0,3486,0,-1,0
3487,-1,-1,3487,2030,2421,2337,3155,3408,1270,0,0,0,0,3487,0,-1,0
3488,-1,-1,3488,2031,2422,-1,3156,3409,1270,0,0,0,0,3488,0,-1,0
3489,-1,-1,3489,-1,2423,2338,3157,3410,-1,0,0,0,0,3489,0,-1,0
3490,-1,-1,3490,2032,2424,2339,3158,3411,1271,0,0,0,0,3490,0,-1,0
3491,-1,-1,3491,2033,2425,2340,3159,3412,-1,0,0,0,0,3491,0,-1,0
3492,-1,-1,3492,2034,2426,2341,3160,3413,-1,0,0,0,0,3492,0,-1,0
3493,-1,-1,3493,2035,2426,2342,3161,3414,1272,0,0,0,0,3493,0,-1,0
3494,-1,-1,3494,-1,2427,2343,3162,3415,1272,0,0,0,0,3494,0,-1,0
3495,-1,-1,3495,-1,2427,2344,3163,3416,-1,0,0,0,0,3495,0,-1,0
3496,-1,-1,3496,-1,-1,-1,3164,3417,1272,0,0,0,0,3496,0,-1,0
3497,-1,-1,3497,-1,-1,2345,3165,3418,1272,0,0,0,0,3497,0,-1,0
3498,-1,-1,3498,2036,2428,2346,3166,3419,1273,0,0,0,0,3498,0,-1,0
3499,-1,-1,3499,2037,2429,-1,3167,3420,-1,0,0,0,0,3499,0,-1,0
3500,-1,-1,3500,-1,2430,2347,3168,3421,-1,0,0,0,0,3500,0,-1,0
3501,-1,-1,3501,2037,2431,2348,3169,3422,-1,0,0,0,0,3501,0,-1,0
3502,-1,-1,3502,2038,2432,2349,3170,3423,1274,0,0,0,0,3502,0,-1,0
3503,-1,-1,3503,2039,2433,2350,3171,3424,1275,0,0,0,0,3503,0,-1,0
3504,-1,-1,3504,-1,2434,2351,3171,3425,1276,0,0,0,0,3504,0,-1,0
3505,-1,-1,3505,2040,2435,-1,3172,3426,1277,0,0,0,0,3505,0,-1,0
3506,-1,-1,3506,2041,-1,-1,3173,3427,-1,0,0,0,0,3506,0,-1,0
3507,-1,-1,3507,2042,2436,-1,3174,3428,-1,0,0,0,0,3507,0,-1,0
3508,-1,-1,3508,2043,2437,2352,3175,3429,1278,0,0,0,0,3508,0,-1,0
3509,-1,-1,3509,2044,2438,2352,3176,3430,-1,0,0,0,0,3509,0,-1,0
3510,-1,-1,3510,2045,2439,2353,3177,3431,1279,0,0,0,0,3510,0,-1,0
3511,-1,-1,3511,2046,2440,2354,3178,3432,1280,0,0,0,0,3511,0,-1,0
3512,-1,-1,3512,-1,-1,-1,3178,3433,-1,0,0,0,0,3512,0,-1,0
3513,-1,-1,3513,2047,2440,2354,3178,3434,1280,0,0,0,0,3513,0,-1,0
3514,-1,-1,3514,2048,2440,-1,3179,3435,-1,0,0,0,0,3514,0,-1,0
3515,-1,-1,3515,2048,2440,2355,3180,3436,1281,0,0,0,0,3515,0,-1,0
3516,-1,-1,3516,-1,-1,-1,3181,3437,-1,0,0,0,0,3516,0,-1,0
3517,-1,-1,3517,2048,2441,2356,3182,3438,1282,0,0,0,0,3517,0,-1,0
3518,-1,-1,3518,2049,2442,2357,3182,3439,-1,0,0,0,0,3518,0,-1,0
3519,-1,-1,3519,2050,2442,2358,3183,3440,1283,0,0,0,0,3519,0,-1,0
3520,-1,-1,3520,2050,-1,-1,3184,3441,-1,0,0,0,0,3520,0,-1,0
3521,-1,-1,3521,-1,-1,2359,3185,3442,-1,0,0,0,0,3521,0,-1,0
3522,-1,-1,3522,-1,-1,-1,3186,3443,1284,0,0,0,0,3522,0,-1,0
3523,-1,-1,3523,2051,2443,2360,3187,3444,-1,0,0,0,0,3523,0,-1,0
3524,-1,-1,3524,2052,2444,2361,3188,3445,1285,0,0,0,0,3524,0,-1,0
3525,-1,-1,3525,2053,2445,2362,3189,3446,-1,0,0,0,0,3525,0,-1,0
3526,-1,-1,3526,-1,2445,2363,3190,3447,-1,0,0,0,0,3526,0,-1,0
3527,-1,-1,3527,-1,-1,-1,3191,3448,-1,0,0,0,0,3527,0,-1,0
3528,-1,-1,3528,2054,2446,-1,3192,3449,-1,0,0,0,0,3528,0,-1,0
3529,-1,-1,3529,-1,-1,-1,3193,3450,1285,0,0,0,0,3529,0,-1,0
3530,-1,-1,3530,2055,2447,2364,3194,3451,1285,0,0,0,0,3530,0,-1,0
3531,-1,-1,3531,-1,2448,2365,3195,3452,1286,0,0,0,0,3531,0,-1,0
3532,-1,-1,3532,-1,2449,2366,3196,3453,-1,0,0,0,0,3532,0,-1,0
3533,-1,-1,3533,2056,2450,-1,3197,3454,1287,0,0,0,0,3533,0,-1,0
3534,-1,-1,3534,2057,2451,2367,3198,3455,1288,0,0,0,0,3534,0,-1,0
3535,-1,-1,3535,2057,2451,2368,3199,3456,1289,0,0,0,0,3535,0,-1,0
3536,-1,-1,3536,-1,2452,-1,3200,3457,1289,0,0,0,0,3536,0,-1,0
3537,-1,-1,3537,-1,2453,2369,3201,3458,-1,0,0,0,0,3537,0,-1,0
3538,-1,-1,3538,2058,-1,-1,3202,3459,1289,0,0,0,0,3538,0,-1,0
3539,-1,-1,3539,2059,2454,2370,3203,3460,-1,0,0,0,0,3539,0,-1,0
3540,-1,-1,3540,-1,2455,-1,3204,3461,-1,0,0,0,0,3540,0,-1,0
3541,-1,-1,3541,2060,-1,-1,3205,3462,-1,0,0,0,0,3541,0,-1,0
3542,-1,-1,3542,-1,2456,2371,3205,3462,-1,0,0,0,0,3542,0,-1,0
3543,-1,-1,3543,2061,2457,2372,3206,3463,1290,0,0,0,0,3543,0,-1,0
3544,-1,-1,3544,2062,2457,2373,3207,3464,1290,0,0,0,0,3544,0,-1,0
3545,-1,-1,3545,-1,-1,-1,3208,3465,-1,0,0,0,0,3545,0,-1,0
3546,-1,-1,3546,2063,2458,2374,3209,3466,-1,0,0,0,0,3546,0,-1,0
3547,-1,-1,3547,-1,-1,-1,3210,3467,-1,0,0,0,0,3547,0,-1,0
3548,-1,-1,3548,2064,2459,2375,3211,3468,1291,0,0,0,0,3548,0,-1,0
3549,-1,-1,3549,2065,2460,2376,3212,3469,-1,0,0,0,0,3549,0,-1,0
3550,-1,-1,3550,-1,2461,-1,3213,3470,-1,0,0,0,0,3550,0,-1,0
3551,-1,-1,3551,-1,-1,-1,3214,3471,-1,0,0,0,0,3551,0,-1,0
3552,-1,-1,3552,2066,2462,2377,3215,3472,1292,0,0,0,0,3552,0,-1,0
3553,-1,-1,3553,2067,2463,2378,3215,3473,-1,0,0,0,0,3553,0,-1,0
3554,-1,-1,3554,2067,2464,-1,3216,3474,1293,0,0,0,0,3554,0,-1,0
3555,-1,-1,3555,-1,2465,2379,3217,3475,1293,0,0,0,0,3555,0,-1,0
3556,-1,-1,3556,2067,2465,2380,3218,3476,1293,0,0,0,0,3556,0,-1,0
3557,-1,-1,3557,2068,2466,2381,3219,3477,1294,0,0,0,0,3557,0,-1,0
3558,-1,-1,3558,-1,-1,-1,3220,3478,1295,0,0,0,0,3558,0,-1,0
3559,-1,22,3559,2069,-1,-1,3221,3479,1296,0,0,0,0,3559,0,-1,0
3560,-1,-1,3560,2070,2467,2382,3222,3480,1296,0,0,0,0,3560,0,-1,0
3561,-1,-1,3561,-1,2468,2383,3223,3481,-1,0,0,0,0,3561,0,-1,0
3562,-1,-1,3562,2071,2468,2384,3224,3482,1296,0,0,0,0,3562,0,-1,0
3563,-1,-1,3563,2072,2469,2385,3225,3483,1297,0,0,0,0,3563,0,-1,0
3564,-1,-1,3564,2073,2470,2386,3226,3484,1298,0,0,0,0,3564,0,-1,0
3565,-1,-1,3565,-1,2471,2387,3227,3485,-1,0,0,0,0,3565,0,-1,0
3566,-1,-1,3566,2074,2471,2388,3228,3486,1299,0,0,0,0,3566,0,-1,0
3567,-1,-1,3567,-1,-1,-1,3228,3487,-1,0,0,0,0,3567,0,-1,0
3568,-1,-1,3568,2075,2472,2388,3229,3488,-1,0,0,0,0,3568,0,-1,0
3569,-1,-1,3569,2076,2473,2389,3230,3489,1300,0,0,0,0,3569,0,-1,0
3570,-1,-1,3570,-1,2474,2389,3230,3490,-1,0,0,0,0,3570,0,-1,0
3571,-1,-1,3571,-1,2475,2390,3231,3491,-1,0,0,0,0,3571,0,-1,0
3572,-1,-1,3572,-1,-1,2391,3232,3492,1300,0,0,0,0,3572,0,-1,0
3573,-1,-1,3573,2077,2476,2392,3233,3493,1300,0,0,0,0,3573,0,-1,0
3574,-1,-1,3574,2078,2476,2393,3234,3494,1300,0,0,0,0,3574,0,-1,0
3575,-1,-1,3575,-1,2477,2394,3235,3495,1301,0,0,0,0,3575,0,-1,0
3576,-1,-1,3576,2079,2478,2395,3236,3496,-1,0,0,0,0,3576,0,-1,0
3577,-1,-1,3577,2080,2479,2396,3237,3497,1302,0,0,0,0,3577,0,-1,0
3578,-1,-1,3578,-1,2480,2397,3238,3498,-1,0,0,0,0,3578,0,-1,0
3579,-1,-1,3579,2081,-1,-1,3239,3499,-1,0,0,0,0,3579,0,-1,0
3580,-1,-1,3580,2082,2481,2398,3240,3500,1303,0,0,0,0,3580,0,-1,0
3581,-1,-1,3581,-1,2482,2399,3241,3501,1304,0,0,0,0,3581,0,-1,0
3582,-1,-1,3582,2083,2482,2400,3241,3502,1305,0,0,0,0,3582,0,-1,0
3583,-1,-1,3583,-1,2483,-1,3242,3503,-1,0,0,0,0,3583,0,-1,0
3584,-1,-1,3584,-1,2484,2401,3242,3503,-1,0,0,0,0,3584,0,-1,0
3585,-1,-1,3585,2084,2485,2402,3243,3504,1306,0,0,0,0,3585,0,-1,0
3586,-1,-1,3586,-1,-1,-1,3244,3505,1307,0,0,0,0,3586,0,-1,0
3587,-1,-1,3587,2085,2486,2403,3245,3506,1308,0,0,0,0,3587,0,-1,0
3588,-1,-1,3588,2086,2486,2404,3246,3507,-1,0,0,0,0,3588,0,-1,0
3589,-1,-1,3589,-1,2487,-1,3247,3508,-1,0,0,0,0,3589,0,-1,0
3590,-1,-1,3590,2087,2488,2405,3248,3509,1309,0,0,0,0,3590,0,-1,0
3591,-1,-1,3591,2088,-1,-1,3249,3510,1310,0,0,0,0,3591,0,-1,0
3592,-1,-1,3592,-1,-1,-1,3250,3511,1311,0,0,0,0,3592,0,-1,0
3593,-1,-1,3593,2089,2489,2406,3251,3512,1311,0,0,0,0,3593,0,-1,0
3594,-1,-1,3594,2090,-1,-1,3252,3513,1312,0,0,0,0,3594,0,-1,0
3595,-1,-1,3595,2091,2490,2407,-1,3514,1313,0,0,0,0,3595,0,-1,0
3596,-1,-1,3596,2091,2491,2408,3253,3515,-1,0,0,0,0,3596,0,-1,0
3597,-1,-1,3597,-1,2492,-1,3254,3516,-1,0,0,0,0,3597,0,-1,0
3598,-1,-1,3598,2092,2493,2408,3255,3517,1314,0,0,0,0,3598,0,-1,0
3599,-1,-1,3599,2093,2494,2408,3256,3518,1315,0,0,0,0,3599,0,-1,0
3600,-1,-1,3600,-1,2494,2409,3257,3519,1316,0,0,0,0,3600,0,-1,0
3601,-1,-1,3601,2094,2495,2410,3258,3520,1317,0,0,0,0,3601,0,-1,0
3602,-1,-1,3602,2094,2496,2411,3259,3521,1318,0,0,0,0,3602,0,-1,0
3603,-1,-1,3603,2095,2497,2412,3260,3522,-1,0,0,0,0,3603,0,-1,0
3604,-1,-1,3604,2096,-1,2413,3261,3523,-1,0,0,0,0,3604,0,-1,0
3605,-1,-1,3605,2096,2498,2414,3262,3524,-1,0,0,0,0,3605,0,-1,0
3606,-1,-1,3606,2097,2499,2415,3263,3525,1319,0,0,0,0,3606,0,-1,0
3607,-1,-1,3607,2098,2500,2416,3263,3526,-1,0,0,0,0,3607,0,-1,0
3608,-1,-1,3608,-1,-1,2417,3264,3527,-1,0,0,0,0,3608,0,-1,0
3609,-1,-1,3609,-1,-1,-1,3265,3528,1320,0,0,0,0,3609,0,-1,0
3610,-1,-1,3610,2098,2501,2418,3266,3529,-1,0,0,0,0,3610,0,-1,0
3611,-1,-1,3611,2099,2502,-1,3266,3530,1321,0,0,0,0,3611,0,-1,0
3612,-1,-1,3612,2100,2503,2419,3267,3531,1322,0,0,0,0,3612,0,-1,0
3613,-1,-1,3613,2101,2504,2420,3268,3532,1323,0,0,0,0,3613,0,-1,0
3614,-1,-1,3614,2102,2505,-1,3269,3533,-1,0,0,0,0,3614,0,-1,0
3615,-1,-1,3615,2102,2506,-1,3270,3534,1324,0,0,0,0,3615,0,-1,0
3616,-1,-1,3616,2103,2507,2421,3270,3535,1325,0,0,0,0,3616,0,-1,0
3617,-1,-1,3617,-1,2508,-1,3271,3536,1326,0,0,0,0,3617,0,-1,0
3618,-1,-1,3618,2104,2509,2422,3272,3537,1326,0,0,0,0,3618,0,-1,0
3619,-1,-1,3619,2105,2510,2423,3272,3538,1327,0,0,0,0,3619,0,-1,0
3620,-1,-1,3620,2105,2511,2424,3273,3539,1328,0,0,0,0,3620,0,-1,0
3621,-1,-1,3621,-1,-1,2425,3274,3540,1329,0,0,0,0,3621,0,-1,0
3622,-1,-1,3622,2106,2512,2426,3275,3541,1330,0,0,0,0,3622,0,-1,0
3623,-1,-1,3623,-1,-1,-1,3276,3542,-1,0,0,0,0,3623,0,-1,0
3624,-1,-1,3624,2107,2513,2427,3277,3543,1331,0,0,0,0,3624,0,-1,0
3625,-1,-1,3625,2108,2514,2428,3278,3544,1332,0,0,0,0,3625,0,-1,0
3626,-1,-1,3626,2109,2515,2429,3279,3545,-1,0,0,0,0,3626,0,-1,0
3627,-1,-1,3627,-1,2516,2430,3280,3546,1332,0,0,0,0,3627,0,-1,0
3628,-1,-1,3628,2109,-1,-1,3281,3547,-1,0,0,0,0,3628,0,-1,0
3629,-1,-1,3629,-1,2517,2431,3282,3548,1332,0,0,0,0,3629,0,-1,0
3630,-1,-1,3630,2110,2518,2432,3283,3549,-1,0,0,0,0,3630,0,-1,0
3631,-1,-1,3631,-1,2519,2433,3284,3550,1332,0,0,0,0,3631,0,-1,0
3632,-1,-1,3632,2111,2520,2434,3285,3551,-1,0,0,0,0,3632,0,-1,0
3633,-1,-1,3633,-1,2521,2435,3286,3552,1333,0,0,0,0,3633,0,-1,0
3634,-1,-1,3634,2112,2522,2436,3287,3553,-1,0,0,0,0,3634,0,-1,0
3635,-1,-1,3635,-1,-1,-1,3288,3554,-1,0,0,0,0,3635,0,-1,0
3636,-1,-1,3636,2113,2523,2437,3289,3555,1334,0,0,0,0,3636,0,-1,0
3637,-1,-1,3637,-1,2524,-1,3290,3556,1334,0,0,0,0,3637,0,-1,0
3638,-1,-1,3638,-1,2524,2438,3291,3557,1335,0,0,0,0,3638,0,-1,0
3639,-1,-1,3639,2114,2525,2438,3292,3558,1336,0,0,0,0,3639,0,-1,0
3640,-1,-1,3640,2115,2526,2439,3293,3559,-1,0,0,0,0,3640,0,-1,0
3641,-1,-1,3641,-1,2527,2440,3294,3560,1337,0,0,0,0,3641,0,-1,0
3642,-1,-1,3642,2116,2528,2441,3295,3561,1337,0,0,0,0,3642,0,-1,0
3643,-1,-1,3643,2117,2529,2442,3296,3562,1338,0,0,0,0,3643,0,-1,0
3644,-1,-1,3644,2118,2530,2442,3297,3563,1338,0,0,0,0,3644,0,-1,0
3645,-1,-1,3645,2118,2531,2443,3298,3564,1339,0,0,0,0,3645,0,-1,0
3646,-1,-1,3646,2118,2532,2444,3298,3565,1339,0,0,0,0,3646,0,-1,0
3647,-1,-1,3647,2119,2533,2445,3299,3566,1340,0,0,0,0,3647,0,-1,0
3648,-1,-1,3648,2119,2534,2446,3300,3567,1341,0,0,0,0,3648,0,-1,0
3649,-1,-1,3649,2120,2535,2447,3301,3568,1341,0,0,0,0,3649,0,-1,0
3650,-1,-1,3650,2121,2536,2447,3302,3569,1341,0,0,0,0,3650,0,-1,0
3651,-1,-1,3651,-1,-1,-1,3302,3570,1341,0,0,0,0,3651,0,-1,0
3652,-1,-1,3652,-1,2537,2448,3303,3571,1341,0,0,0,0,3652,0,-1,0
3653,-1,-1,3653,2122,2538,2449,3304,3572,1342,0,0,0,0,3653,0,-1,0
3654,-1,-1,3654,2123,-1,-1,3305,3573,1343,0,0,0,0,3654,0,-1,0
3655,-1,-1,3655,2124,-1,-1,3306,3574,-1,0,0,0,0,3655,0,-1,0
3656,-1,-1,3656,2125,2539,2450,3307,3575,1344,0,0,0,0,3656,0,-1,0
3657,-1,-1,3657,2126,2540,2451,3308,3576,1345,0,0,0,0,3657,0,-1,0
3658,-1,-1,3658,2126,2541,2452,3309,3577,1345,0,0,0,0,3658,0,-1,0
3659,-1,-1,3659,2127,2542,2453,3310,3578,1346,0,0,0,0,3659,0,-1,0
3660,-1,-1,3660,2128,2543,2454,3311,3579,1347,0,0,0,0,3660,0,-1,0
3661,-1,-1,3661,2128,2543,2455,3312,3580,1348,0,0,0,0,3661,0,-1,0
3662,-1,-1,3662,2129,2544,2456,3313,3581,-1,0,0,0,0,3662,0,-1,0
3663,-1,-1,3663,2130,2544,2457,3314,3582,1349,0,0,0,0,3663,0,-1,0
3664,-1,-1,3664,2131,2545,2458,3315,3583,1350,0,0,0,0,3664,0,-1,0
3665,-1,-1,3665,-1,2546,2459,3316,3584,-1,0,0,0,0,3665,0,-1,0
3666,-1,-1,3666,2132,2547,2460,3317,3585,1351,0,0,0,0,3666,0,-1,0
3667,-1,-1,3667,2133,2548,2461,3318,3586,-1,0,0,0,0,3667,0,-1,0
3668,-1,-1,3668,-1,2548,-1,3319,3587,1352,0,0,0,0,3668,0,-1,0
3669,-1,-1,3669,2134,2548,2462,3320,3588,1353,0,0,0,0,3669,0,-1,0
3670,-1,-1,3670,2134,-1,-1,3321,3589,-1,0,0,0,0,3670,0,-1,0
3671,-1,-1,3671,2135,-1,-1,3322,3590,1353,0,0,0,0,3671,0,-1,0
3672,-1,-1,3672,-1,-1,-1,3323,3591,-1,0,0,0,0,3672,0,-1,0
3673,-1,-1,3673,2136,2549,2462,3324,3592,1354,0,0,0,0,3673,0,-1,0
3674,-1,-1,3674,2136,-1,-1,3325,3593,1355,0,0,0,0,3674,0,-1,0
3675,-1,-1,3675,2137,2549,2463,3326,3594,1356,0,0,0,0,3675,0,-1,0
3676,-1,-1,3676,-1,-1,-1,3326,3595,-1,0,0,0,0,3676,0,-1,0
3677,-1,-1,3677,2138,-1,-1,3327,3596,-1,0,0,0,0,3677,0,-1,0
3678,-1,-1,3678,2139,2550,2464,3327,3596,-1,0,0,0,0,3678,0,-1,0
3679,-1,-1,3679,2139,2551,2465,3328,3597,1357,0,0,0,0,3679,0,-1,0
3680,-1,-1,3680,2140,2552,-1,3329,3598,1357,0,0,0,0,3680,0,-1,0
3681,-1,-1,3681,-1,-1,-1,3329,3599,1357,0,0,0,0,3681,0,-1,0
3682,-1,-1,3682,2141,-1,2466,3330,3600,1357,0,0,0,0,3682,0,-1,0
3683,-1,-1,3683,2142,2553,2467,3331,3601,1358,0,0,0,0,3683,0,-1,0
3684,-1,-1,3684,-1,2554,2468,3332,3602,1359,0,0,0,0,3684,0,-1,0
3685,-1,-1,3685,-1,-1,-1,3333,3603,1360,0,0,0,0,3685,0,-1,0
3686,-1,-1,3686,-1,-1,-1,3334,3604,-1,0,0,0,0,3686,0,-1,0
3687,-1,-1,3687,2143,2555,2469,3335,3605,-1,0,0,0,0,3687,0,-1,0
3688,-1,-1,3688,-1,-1,-1,3336,3606,-1,0,0,0,0,3688,0,-1,0
3689,-1,-1,3689,-1,-1,-1,3337,3607,-1,0,0,0,0,3689,0,-1,0
3690,-1,-1,3690,-1,-1,-1,3337,3607,-1,0,0,0,0,3690,0,-1,0
3691,-1,-1,3691,-1,-1,-1,3338,3608,1361,0,0,0,0,3691,0,-1,0
3692,-1,-1,3692,2144,2556,2470,3338,3609,1362,0,0,0,0,3692,0,-1,0
3693,-1,-1,3693,2144,2557,2471,3339,3610,1363,0,0,0,0,3693,0,-1,0
3694,-1,-1,3694,-1,2558,-1,3340,3611,1363,0,0,0,0,3694,0,-1,0
3695,-1,-1,3695,2145,2558,2472,3341,3612,1363,0,0,0,0,3695,0,-1,0
3696,-1,-1,3696,2145,2558,2473,3342,3613,-1,0,0,0,0,3696,0,-1,0
3697,-1,-1,3697,-1,2558,-1,3343,3614,1364,0,0,0,0,3697,0,-1,0
3698,-1,-1,3698,2146,2559,2474,3344,3615,1365,0,0,0,0,3698,0,-1,0
3699,-1,-1,3699,2147,2560,-1,3345,3616,1365,0,0,0,0,3699,0,-1,0
3700,-1,-1,3700,2148,2561,2475,3346,3617,1365,0,0,0,0,3700,0,-1,0
3701,-1,-1,3701,2149,2562,2476,3347,3618,1366,0,0,0,0,3701,0,-1,0
3702,-1,-1,3702,2150,2562,2477,3348,3619,1367,0,0,0,0,3702,0,-1,0
3703,-1,-1,3703,-1,2563,2478,3349,3620,1367,0,0,0,0,3703,0,-1,0
3704,-1,-1,3704,2151,2563,2479,3350,3621,1368,0,0,0,0,3704,0,-1,0
3705,-1,-1,3705,2152,2564,2480,3351,3622,-1,0,0,0,0,3705,0,-1,0
3706,-1,-1,3706,2153,2565,2481,3352,3623,-1,0,0,0,0,3706,0,-1,0
3707,-1,-1,3707,-1,-1,-1,3353,3624,1369,0,0,0,0,3707,0,-1,0
3708,-1,-1,3708,-1,-1,-1,3354,3625,1370,0,0,0,0,3708,0,-1,0
3709,-1,-1,3709,2154,2566,2482,3355,3626,-1,0,0,0,0,3709,0,-1,0
3710,-1,-1,3710,-1,2567,2483,3356,3627,1371,0,0,0,0,3710,0,-1,0
3711,-1,-1,3711,2155,2568,2484,3357,3628,1371,0,0,0,0,3711,0,-1,0
3712,-1,-1,3712,2156,2568,-1,3358,3629,-1,0,0,0,0,3712,0,-1,0
3713,-1,-1,3713,2157,2569,2485,3359,3630,-1,0,0,0,0,3713,0,-1,0
3714,-1,-1,3714,2158,2570,2486,3360,3631,1372,0,0,0,0,3714,0,-1,0
3715,-1,-1,3715,2159,2571,2487,-1,3632,1372,0,0,0,0,3715,0,-1,0
3716,-1,-1,3716,-1,2572,2488,3361,3633,1373,0,0,0,0,3716,0,-1,0
3717,-1,-1,3717,-1,-1,2489,3362,3634,1374,0,0,0,0,3717,0,-1,0
3718,-1,-1,3718,-1,-1,-1,3363,3635,-1,0,0,0,0,3718,0,-1,0
3719,-1,-1,3719,2160,2572,-1,3364,3636,1375,0,0,0,0,3719,0,-1,0
3720,-1,-1,3720,2161,2573,-1,3365,3637,1375,0,0,0,0,3720,0,-1,0
3721,-1,-1,3721,2162,2574,2490,3366,3638,-1,0,0,0,0,3721,0,-1,0
3722,-1,-1,3722,2162,2575,-1,3367,3639,-1,0,0,0,0,3722,0,-1,0
3723,-1,-1,3723,-1,-1,-1,3368,3640,1376,0,0,0,0,3723,0,-1,0
3724,-1,-1,3724,2163,2576,2491,3369,3641,1377,0,0,0,0,3724,0,-1,0
3725,-1,-1,3725,2164,2577,2492,3370,3642,1377,0,0,0,0,3725,0,-1,0
3726,-1,-1,3726,2165,2578,2493,3371,3643,1377,0,0,0,0,3726,0,-1,0
3727,-1,-1,3727,-1,2579,-1,3372,3644,-1,0,0,0,0,3727,0,-1,0
3728,-1,-1,3728,-1,2580,-1,3373,3645,1377,0,0,0,0,3728,0,-1,0
3729,-1,-1,3729,2166,2580,2494,3374,3646,-1,0,0,0,0,3729,0,-1,0
3730,-1,-1,3730,-1,2581,2495,3375,3647,-1,0,0,0,0,3730,0,-1,0
3731,-1,-1,3731,2166,2581,2496,3376,3648,1378,0,0,0,0,3731,0,-1,0
3732,-1,-1,3732,2167,2582,2497,3377,3649,1379,0,0,0,0,3732,0,-1,0
3733,-1,-1,3733,-1,2583,2498,3378,3650,-1,0,0,0,0,3733,0,-1,0
3734,-1,-1,3734,2168,2584,2499,3379,3651,1379,0,0,0,0,3734,0,-1,0
3735,-1,-1,3735,2169,-1,-1,3380,3652,1379,0,0,0,0,3735,0,-1,0
3736,-1,-1,3736,-1,2585,2500,3381,3653,1379,0,0,0,0,3736,0,-1,0
3737,-1,-1,3737,-1,2585,2501,3382,3654,1379,0,0,0,0,3737,0,-1,0
3738,-1,-1,3738,2170,2586,2502,3383,3655,1379,0,0,0,0,3738,0,-1,0
3739,-1,-1,3739,-1,2587,-1,3384,3656,1379,0,0,0,0,3739,0,-1,0
3740,-1,-1,3740,2171,-1,-1,3385,3657,1379,0,0,0,0,3740,0,-1,0
3741,-1,-1,3741,-1,-1,-1,3386,3658,-1,0,0,0,0,3741,0,-1,0
3742,-1,-1,3742,-1,-1,-1,3387,3659,-1,0,0,0,0,3742,0,-1,0
3743,-1,-1,3743,-1,-1,-1,3388,3660,-1,0,0,0,0,3743,0,-1,0
3744,-1,-1,3744,-1,-1,-1,3389,3661,-1,0,0,0,0,3744,0,-1,0
3745,-1,-1,3745,2172,2588,2503,3390,3662,1379,0,0,0,0,3745,0,-1,0
3746,-1,-1,3746,2173,2589,2504,3391,3663,1379,0,0,0,0,3746,0,-1,0
3747,-1,-1,3747,2174,2590,2505,3392,3664,1380,0,0,0,0,3747,0,-1,0
3748,-1,-1,3748,2175,2591,-1,3393,3665,1381,0,0,0,0,3748,0,-1,0
3749,-1,-1,3749,2176,2591,2506,3394,3666,1382,0,0,0,0,3749,0,-1,0
3750,-1,-1,3750,2176,2592,2506,3394,3667,1383,0,0,0,0,3750,0,-1,0
3751,-1,-1,3751,2177,2593,2507,3395,3668,-1,0,0,0,0,3751,0,-1,0
3752,-1,-1,3752,-1,2594,2508,3396,3669,1384,0,0,0,0,3752,0,-1,0
3753,-1,-1,3753,-1,2595,2509,3397,3670,1385,0,0,0,0,3753,0,-1,0
3754,-1,-1,3754,2177,2595,2510,3398,3671,1386,0,0,0,0,3754,0,-1,0
3755,-1,-1,3755,2178,2596,2511,3399,3672,1387,0,0,0,0,3755,0,-1,0
3756,-1,-1,3756,2179,2597,-1,3400,3673,-1,0,0,0,0,3756,0,-1,0
3757,-1,-1,3757,2180,2598,2512,3401,3674,-1,0,0,0,0,3757,0,-1,0
3758,-1,-1,3758,2181,2599,2513,3402,3675,1388,0,0,0,0,3758,0,-1,0
3759,-1,-1,3759,2182,2600,2514,3402,3676,1389,0,0,0,0,3759,0,-1,0
3760,-1,-1,3760,2183,-1,-1,3403,3677,-1,0,0,0,0,3760,0,-1,0
3761,-1,-1,3761,2184,2601,-1,3404,3678,1390,0,0,0,0,3761,0,-1,0
3762,-1,-1,3762,2185,2601,2515,3405,3679,1391,0,0,0,0,3762,0,-1,0
3763,-1,-1,3763,2186,2601,2516,3406,3680,-1,0,0,0,0,3763,0,-1,0
3764,-1,-1,3764,2187,2602,2517,3407,3681,1392,0,0,0,0,3764,0,-1,0
3765,-1,-1,3765,2188,-1,-1,3408,3682,-1,0,0,0,0,3765,0,-1,0
3766,-1,-1,3766,-1,2603,-1,3409,3683,-1,0,0,0,0,3766,0,-1,0
3767,-1,-1,3767,2189,2604,2518,3410,3684,1392,0,0,0,0,3767,0,-1,0
3768,-1,-1,3768,-1,-1,-1,3411,3685,-1,0,0,0,0,3768,0,-1,0
3769,-1,-1,3769,-1,2605,2519,3412,3686,1392,0,0,0,0,3769,0,-1,0
3770,-1,-1,3770,2190,2606,2520,3413,3687,1393,0,0,0,0,3770,0,-1,0
3771,-1,-1,3771,2191,2607,2521,3413,3688,1393,0,0,0,0,3771,0,-1,0
3772,-1,-1,3772,2192,2607,-1,3414,3689,-1,0,0,0,0,3772,0,-1,0
3773,-1,-1,3773,-1,2608,-1,3415,3690,-1,0,0,0,0,3773,0,-1,0
3774,-1,-1,3774,2193,2609,2522,3416,3691,-1,0,0,0,0,3774,0,-1,0
3775,-1,-1,3775,-1,2610,2523,3417,3692,1394,0,0,0,0,3775,0,-1,0
3776,-1,-1,3776,-1,2611,2524,3418,3693,1395,0,0,0,0,3776,0,-1,0
3777,-1,-1,3777,2193,2612,-1,3419,3694,1395,0,0,0,0,3777,0,-1,0
3778,-1,-1,3778,-1,2613,2525,3420,3695,1396,0,0,0,0,3778,0,-1,0
3779,-1,-1,3779,2194,2614,2526,3421,3696,1397,0,0,0,0,3779,0,-1,0
3780,-1,-1,3780,2195,2615,-1,3422,3697,-1,0,0,0,0,3780,0,-1,0
3781,-1,-1,3781,-1,2615,2527,3423,3698,-1,0,0,0,0,3781,0,-1,0
3782,-1,-1,3782,2196,-1,2528,3424,3699,1397,0,0,0,0,3782,0,-1,0
3783,-1,-1,3783,2196,2616,2529,3425,3700,-1,0,0,0,0,3783,0,-1,0
3784,-1,-1,3784,2197,2616,2530,3426,3701,1397,0,0,0,0,3784,0,-1,0
3785,-1,-1,3785,2198,2617,-1,3427,3702,1397,0,0,0,0,3785,0,-1,0
3786,-1,-1,3786,2199,2618,-1,3428,3703,1397,0,0,0,0,3786,0,-1,0
3787,-1,-1,3787,2200,2619,2531,3429,3704,-1,0,0,0,0,3787,0,-1,0
3788,-1,-1,3788,2201,2620,2532,3430,3705,1397,0,0,0,0,3788,0,-1,0
3789,-1,-1,3789,2202,-1,2533,3431,3706,1397,0,0,0,0,3789,0,-1,0
3790,-1,-1,3790,2203,2621,2533,3432,3707,1398,0,0,0,0,3790,0,-1,0
3791,-1,-1,3791,-1,-1,-1,-1,3708,-1,0,0,0,0,3791,0,-1,0
3792,-1,-1,3792,2204,2622,2534,3433,3709,1399,0,0,0,0,3792,0,-1,0
3793,-1,-1,3793,2204,2623,2535,3434,3710,1399,0,0,0,0,3793,0,-1,0
3794,-1,-1,3794,2205,2624,2536,3435,3711,1400,0,0,0,0,3794,0,-1,0
3795,-1,-1,3795,2206,2625,-1,3436,3712,1401,0,0,0,0,3795,0,-1,0
3796,-1,-1,3796,-1,2625,2537,3437,3713,1401,0,0,0,0,3796,0,-1,0
3797,-1,-1,3797,-1,-1,-1,3438,3714,-1,0,0,0,0,3797,0,-1,0
3798,-1,-1,3798,2207,2626,2538,3439,3715,1401,0,0,0,0,3798,0,-1,0
3799,-1,-1,3799,2208,2627,2539,3440,3716,1401,0,0,0,0,3799,0,-1,0
3800,-1,-1,3800,-1,2628,-1,3441,3717,-1,0,0,0,0,3800,0,-1,0
3801,-1,-1,3801,2209,-1,-1,3442,3718,1401,0,0,0,0,3801,0,-1,0
3802,-1,-1,3802,2210,2629,2540,3443,3719,-1,0,0,0,0,3802,0,-1,0
3803,-1,-1,3803,2211,2629,2541,3444,3720,1402,0,0,0,0,3803,0,-1,0
3804,-1,-1,3804,-1,2630,2542,3445,3721,1403,0,0,0,0,3804,0,-1,0
3805,-1,-1,3805,2212,2631,2543,3446,3722,1404,0,0,0,0,3805,0,-1,0
3806,-1,-1,3806,-1,-1,-1,3447,3723,-1,0,0,0,0,3806,0,-1,0
3807,-1,-1,3807,2213,2632,2544,3448,3724,1405,0,0,0,0,3807,0,-1,0
3808,-1,-1,3808,2214,2633,2545,3449,3725,1405,0,0,0,0,3808,0,-1,0
3809,-1,-1,3809,2215,-1,-1,3450,3726,-1,0,0,0,0,3809,0,-1,0
3810,-1,-1,3810,2216,2634,2546,3451,3727,-1,0,0,0,0,3810,0,-1,0
3811,-1,-1,3811,2217,2635,2547,3452,3728,1405,0,0,0,0,3811,0,-1,0
3812,-1,-1,3812,2218,2636,2548,3453,3729,-1,0,0,0,0,3812,0,-1,0
3813,-1,-1,3813,2219,2637,2549,3454,3730,-1,0,0,0,0,3813,0,-1,0
3814,-1,-1,3814,2220,-1,-1,3454,3730,-1,0,0,0,0,3814,0,-1,0
3815,-1,-1,3815,2221,2638,2550,3455,3731,-1,0,0,0,0,3815,0,-1,0
3816,-1,-1,3816,-1,2639,2551,3456,3732,-1,0,0,0,0,3816,0,-1,0
3817,-1,-1,3817,2222,2640,2552,3457,3733,-1,0,0,0,0,3817,0,-1,0
3818,-1,-1,3818,2223,2640,2553,3458,3734,-1,0,0,0,0,3818,0,-1,0
3819,-1,-1,3819,2224,2641,-1,3459,3735,1405,0,0,0,0,3819,0,-1,0
3820,-1,-1,3820,2225,2642,2554,3460,3736,1405,0,0,0,0,3820,0,-1,0
3821,-1,-1,3821,2226,2643,2555,3461,3737,1405,0,0,0,0,3821,0,-1,0
3822,-1,-1,3822,2227,2644,2555,3462,3738,1405,0,0,0,0,3822,0,-1,0
3823,-1,-1,3823,2227,2644,2556,3463,3739,1405,0,0,0,0,3823,0,-1,0
3824,-1,-1,3824,2228,2645,2557,3464,3740,-1,0,0,0,0,3824,0,-1,0
3825,-1,-1,3825,-1,2646,2558,3465,3741,1405,0,0,0,0,3825,0,-1,0
3826,-1,-1,3826,2229,2647,2559,3466,3742,-1,0,0,0,0,3826,0,-1,0
3827,-1,-1,3827,2230,2648,2560,3467,3743,1405,0,0,0,0,3827,0,-1,0
3828,-1,-1,3828,2231,2649,2561,3468,3744,1406,0,0,0,0,3828,0,-1,0
3829,-1,-1,3829,2232,2650,2562,3469,3745,1406,0,0,0,0,3829,0,-1,0
3830,-1,-1,3830,2233,2651,2563,3470,3746,1407,0,0,0,0,3830,0,-1,0
3831,-1,-1,3831,-1,-1,-1,3471,3747,1408,0,0,0,0,3831,0,-1,0
3832,-1,-1,3832,2234,2652,2564,3472,3748,-1,0,0,0,0,3832,0,-1,0
3833,-1,-1,3833,2235,2653,2565,3473,3749,1409,0,0,0,0,3833,0,-1,0
3834,-1,-1,3834,-1,-1,2566,3474,3750,-1,0,0,0,0,3834,0,-1,0
3835,-1,-1,3835,2236,2654,2567,3475,3751,1409,0,0,0,0,3835,0,-1,0
3836,-1,-1,3836,-1,-1,-1,3476,3752,-1,0,0,0,0,3836,0,-1,0
3837,-1,-1,3837,2236,2655,2568,3477,3753,1410,0,0,0,0,3837,0,-1,0
3838,-1,-1,3838,-1,2656,2569,3478,3754,-1,0,0,0,0,3838,0,-1,0
3839,-1,-1,3839,2236,2657,2570,3479,3755,1411,0,0,0,0,3839,0,-1,0
3840,-1,-1,3840,2237,2658,2570,3479,3756,1411,0,0,0,0,3840,0,-1,0
3841,-1,-1,3841,2237,2659,2571,3480,3757,-1,0,0,0,0,3841,0,-1,0
3842,-1,-1,3842,2238,2660,2572,3480,3758,1412,0,0,0,0,3842,0,-1,0
3843,-1,-1,3843,2239,2661,2573,3480,3759,1413,0,0,0,0,3843,0,-1,0
3844,-1,-1,3844,-1,-1,2574,3480,3760,1414,0,0,0,0,3844,0,-1,0
3845,-1,-1,3845,2240,2662,2575,3481,3761,1415,0,0,0,0,3845,0,-1,0
3846,-1,-1,3846,2241,-1,2576,3482,3762,-1,0,0,0,0,3846,0,-1,0
3847,-1,-1,3847,2242,2662,2577,3483,3763,1416,0,0,0,0,3847,0,-1,0
3848,-1,23,3848,-1,2663,2578,3484,3764,1417,0,0,0,0,3848,0,-1,0
3849,-1,-1,3849,2243,2664,2579,3485,3765,-1,0,0,0,0,3849,0,-1,0
3850,-1,-1,3850,2244,2665,2580,3486,3766,1417,0,0,0,0,3850,0,-1,0
3851,-1,-1,3851,-1,2666,2581,3487,3767,1418,0,0,0,0,3851,0,-1,0
3852,-1,-1,3852,2245,-1,-1,3488,3768,1419,0,0,0,0,3852,0,-1,0
3853,-1,-1,3853,2246,2667,2581,3488,3769,1419,0,0,0,0,3853,0,-1,0
3854,-1,-1,3854,-1,-1,-1,3488,3770,-1,0,0,0,0,3854,0,-1,0
3855,-1,-1,3855,-1,-1,-1,3489,3771,-1,0,0,0,0,3855,0,-1,0
3856,-1,-1,3856,2247,2668,2582,3490,3772,1420,0,0,0,0,3856,0,-1,0
3857,-1,-1,3857,2248,-1,2583,3491,3773,-1,0,0,0,0,3857,0,-1,0
3858,-1,-1,3858,-1,2668,2584,3492,3774,1421,0,0,0,0,3858,0,-1,0
3859,-1,24,3859,-1,2668,-1,3493,3775,-1,0,0,0,0,3859,0,-1,0
3860,-1,-1,3860,-1,2669,2585,3494,3776,-1,0,0,0,0,3860,0,-1,0
3861,-1,-1,3861,-1,2669,2586,3495,3777,1422,0,0,0,0,3861,0,-1,0
3862,-1,-1,3862,2248,2670,2587,3496,3778,1423,0,0,0,0,3862,0,-1,0
3863,-1,-1,3863,-1,2671,-1,3497,3779,1423,0,0,0,0,3863,0,-1,0
3864,-1,-1,3864,-1,2672,2588,3498,3780,1423,0,0,0,0,3864,0,-1,0
3865,-1,-1,3865,2249,-1,-1,3499,3781,-1,0,0,0,0,3865,0,-1,0
3866,-1,-1,3866,-1,-1,-1,3500,3782,-1,0,0,0,0,3866,0,-1,0
3867,-1,-1,3867,-1,2673,2589,3501,3783,-1,0,0,0,0,3867,0,-1,0
3868,-1,-1,3868,-1,2674,2590,3502,3784,1424,0,0,0,0,3868,0,-1,0
3869,-1,-1,3869,2250,2674,2591,3503,3785,1425,0,0,0,0,3869,0,-1,0
3870,-1,-1,3870,2251,2675,2592,3503,3786,1425,0,0,0,0,3870,0,-1,0
3871,-1,-1,3871,2252,2676,2593,3504,3787,1426,0,0,0,0,3871,0,-1,0
3872,-1,-1,3872,2252,2677,2594,3504,3788,1427,0,0,0,0,3872,0,-1,0
3873,-1,-1,3873,-1,2678,2595,3505,3789,1428,0,0,0,0,3873,0,-1,0
3874,-1,-1,3874,2253,2679,2596,3506,3790,1429,0,0,0,0,3874,0,-1,0
3875,-1,-1,3875,2254,2680,-1,3507,3791,1430,0,0,0,0,3875,0,-1,0
3876,-1,-1,3876,-1,-1,-1,3508,3792,-1,0,0,0,0,3876,0,-1,0
3877,-1,-1,3877,-1,2681,2597,3509,3793,1431,0,0,0,0,3877,0,-1,0
3878,-1,-1,3878,2255,2682,2598,3510,3794,1432,0,0,0,0,3878,0,-1,0
3879,-1,-1,3879,2256,2683,2599,3511,3795,-1,0,0,0,0,3879,0,-1,0
3880,-1,-1,3880,-1,2684,2599,3512,3796,-1,0,0,0,0,3880,0,-1,0
3881,-1,-1,3881,-1,-1,-1,3513,3797,-1,0,0,0,0,3881,0,-1,0
3882,-1,-1,3882,-1,-1,-1,3514,3798,1432,0,0,0,0,3882,0,-1,0
3883,-1,-1,3883,-1,-1,-1,3515,3799,-1,0,0,0,0,3883,0,-1,0
3884,-1,-1,3884,2257,2685,-1,3516,3800,1432,0,0,0,0,3884,0,-1,0
3885,-1,-1,3885,2258,2686,2600,3517,3801,1432,0,0,0,0,3885,0,-1,0
3886,-1,-1,3886,-1,2687,2600,3518,3802,-1,0,0,0,0,3886,0,-1,0
3887,-1,-1,3887,-1,-1,-1,3519,3803,-1,0,0,0,0,3887,0,-1,0
3888,-1,-1,3888,-1,2688,2601,3519,3803,-1,0,0,0,0,3888,0,-1,0
3889,-1,-1,3889,-1,2689,-1,3520,3804,-1,0,0,0,0,3889,0,-1,0
3890,-1,-1,3890,-1,-1,-1,3521,3805,-1,0,0,0,0,3890,0,-1,0
3891,-1,-1,3891,2259,2690,2602,3522,3806,1433,0,0,0,0,3891,0,-1,0
3892,-1,-1,3892,2260,2690,-1,3523,3807,1434,0,0,0,0,3892,0,-1,0
3893,-1,-1,3893,-1,-1,-1,-1,3808,-1,0,0,0,0,3893,0,-1,0
3894,-1,-1,3894,2261,2691,2603,3524,3809,1435,0,0,0,0,3894,0,-1,0
3895,-1,-1,3895,-1,-1,-1,3525,3810,-1,0,0,0,0,3895,0,-1,0
3896,-1,-1,3896,2262,2692,2604,3526,3811,-1,0,0,0,0,3896,0,-1,0
3897,-1,-1,3897,2262,2693,2605,3527,3812,1436,0,0,0,0,3897,0,-1,0
3898,-1,-1,3898,-1,-1,-1,3528,3813,1437,0,0,0,0,3898,0,-1,0
3899,-1,-1,3899,2262,2694,2606,3529,3814,-1,0,0,0,0,3899,0,-1,0
3900,-1,-1,3900,2262,-1,2607,3530,3815,1437,0,0,0,0,3900,0,-1,0
3901,-1,-1,3901,-1,2695,2608,3531,3816,1438,0,0,0,0,3901,0,-1,0
3902,-1,-1,3902,2263,2696,-1,3532,3817,-1,0,0,0,0,3902,0,-1,0
3903,-1,-1,3903,-1,-1,-1,3533,3818,-1,0,0,0,0,3903,0,-1,0
3904,-1,-1,3904,2263,2697,2608,3533,3819,1439,0,0,0,0,3904,0,-1,0
3905,-1,-1,3905,2264,2698,2609,3534,3820,1440,0,0,0,0,3905,0,-1,0
3906,-1,-1,3906,2264,-1,-1,3535,3821,1441,0,0,0,0,3906,0,-1,0
3907,-1,-1,3907,2264,2699,2610,3536,3822,1442,0,0,0,0,3907,0,-1,0
3908,-1,-1,3908,2265,2700,2611,3537,3823,1442,0,0,0,0,3908,0,-1,0
3909,-1,-1,3909,-1,2701,2612,3538,3824,-1,0,0,0,0,3909,0,-1,0
3910,-1,-1,3910,2266,2702,2613,3539,3825,1443,0,0,0,0,3910,0,-1,0
3911,-1,-1,3911,2267,2703,2614,3540,3826,1444,0,0,0,0,3911,0,-1,0
3912,-1,-1,3912,-1,-1,-1,-1,3827,-1,0,0,0,0,3912,0,-1,0
3913,-1,-1,3913,2268,2704,2614,3541,3828,-1,0,0,0,0,3913,0,-1,0
3914,-1,-1,3914,-1,-1,-1,3542,3829,1445,0,0,0,0,3914,0,-1,0
3915,-1,-1,3915,2269,2705,2615,3543,3830,-1,0,0,0,0,3915,0,-1,0
3916,-1,-1,3916,2269,2706,2616,3544,3831,1446,0,0,0,0,3916,0,-1,0
3917,-1,-1,3917,-1,-1,-1,3545,3832,-1,0,0,0,0,3917,0,-1,0
3918,-1,-1,3918,2270,2707,2617,3546,3833,1447,0,0,0,0,3918,0,-1,0
3919,-1,-1,3919,-1,2708,2618,3547,3834,1447,0,0,0,0,3919,0,-1,0
3920,-1,-1,3920,2271,2708,2619,3548,3835,1447,0,0,0,0,3920,0,-1,0
3921,-1,-1,3921,2271,2709,2620,3549,3836,-1,0,0,0,0,3921,0,-1,0
3922,-1,-1,3922,2271,2710,2621,3550,3837,1447,0,0,0,0,3922,0,-1,0
3923,-1,-1,3923,2272,2711,2622,3551,3838,1447,0,0,0,0,3923,0,-1,0
3924,-1,-1,3924,2273,2712,2623,3552,3839,-1,0,0,0,0,3924,0,-1,0
3925,-1,-1,3925,-1,2713,2624,3553,3840,1448,0,0,0,0,3925,0,-1,0
3926,-1,-1,3926,2274,2714,2625,3554,3841,-1,0,0,0,0,3926,0,-1,0
3927,-1,-1,3927,2275,2715,2626,3555,3842,-1,0,0,0,0,3927,0,-1,0
3928,-1,-1,3928,2276,2716,-1,3556,3843,-1,0,0,0,0,3928,0,-1,0
3929,-1,-1,3929,2276,2717,2626,3557,3844,-1,0,0,0,0,3929,0,-1,0
3930,-1,-1,3930,2277,2718,2627,3558,3845,1448,0,0,0,0,3930,0,-1,0
3931,-1,-1,3931,-1,2719,-1,3559,3846,-1,0,0,0,0,3931,0,-1,0
3932,-1,-1,3932,2278,2720,2628,3560,3847,-1,0,0,0,0,3932,0,-1,0
3933,-1,-1,3933,2279,2721,-1,3561,3848,1449,0,0,0,0,3933,0,-1,0
3934,-1,-1,3934,-1,2722,2629,3562,3849,1449,0,0,0,0,3934,0,-1,0
3935,-1,-1,3935,2280,2723,-1,3563,3850,-1,0,0,0,0,3935,0,-1,0
3936,-1,-1,3936,-1,2723,2630,3564,3851,-1,0,0,0,0,3936,0,-1,0
3937,-1,-1,3937,-1,-1,-1,3565,3852,1449,0,0,0,0,3937,0,-1,0
3938,-1,-1,3938,2281,2723,2631,3566,3853,1450,0,0,0,0,3938,0,-1,0
3939,-1,-1,3939,2282,2724,-1,3567,3854,-1,0,0,0,0,3939,0,-1,0
3940,-1,-1,3940,2283,2724,2632,3568,3855,1451,0,0,0,0,3940,0,-1,0
3941,-1,-1,3941,-1,-1,2633,3569,3856,-1,0,0,0,0,3941,0,-1,0
3942,-1,25,3942,-1,2725,2634,3570,3857,-1,0,0,0,0,3942,0,-1,0
3943,-1,-1,3943,-1,-1,-1,-1,3858,1452,0,0,0,0,3943,0,-1,0
3944,-1,-1,3944,-1,-1,-1,3571,3859,-1,0,0,0,0,3944,0,-1,0
3945,-1,-1,3945,2284,2726,2635,3572,3860,1452,0,0,0,0,3945,0,-1,0
3946,-1,-1,3946,-1,-1,-1,3573,3861,-1,0,0,0,0,3946,0,-1,0
3947,-1,-1,3947,-1,2727,-1,3574,3862,-1,0,0,0,0,3947,0,-1,0
3948,-1,-1,3948,2284,2728,2636,3575,3863,1453,0,0,0,0,3948,0,-1,0
3949,-1,-1,3949,2284,2729,2637,3575,3864,-1,0,0,0,0,3949,0,-1,0
3950,-1,-1,3950,2285,2730,2638,3576,3865,-1,0,0,0,0,3950,0,-1,0
3951,-1,-1,3951,-1,2731,2639,3577,3866,1454,0,0,0,0,3951,0,-1,0
3952,-1,-1,3952,-1,2732,2640,3578,3867,-1,0,0,0,0,3952,0,-1,0
3953,-1,-1,3953,-1,2733,-1,3579,3868,1454,0,0,0,0,3953,0,-1,0
3954,-1,-1,3954,2286,2734,2641,3580,3869,1454,0,0,0,0,3954,0,-1,0
3955,-1,-1,3955,-1,2735,2642,3581,3870,1454,0,0,0,0,3955,0,-1,0
3956,-1,-1,3956,2287,-1,-1,3582,3871,-1,0,0,0,0,3956,0,-1,0
3957,-1,-1,3957,2288,2736,-1,3583,3872,1454,0,0,0,0,3957,0,-1,0
3958,-1,-1,3958,-1,-1,-1,3584,3873,-1,0,0,0,0,3958,0,-1,0
3959,-1,-1,3959,2289,2737,2643,3585,3874,1454,0,0,0,0,3959,0,-1,0
3960,-1,-1,3960,2290,2738,2644,3586,3875,1454,0,0,0,0,3960,0,-1,0
3961,-1,-1,3961,-1,2739,2645,3587,3876,1455,0,0,0,0,3961,0,-1,0
3962,-1,-1,3962,2291,2740,2646,3588,3877,1456,0,0,0,0,3962,0,-1,0
3963,-1,-1,3963,2292,2741,2647,3589,3878,1457,0,0,0,0,3963,0,-1,0
3964,-1,-1,3964,2293,2742,2648,3590,3879,1457,0,0,0,0,3964,0,-1,0
3965,-1,-1,3965,-1,-1,-1,3591,3880,-1,0,0,0,0,3965,0,-1,0
3966,-1,-1,3966,2294,2743,2649,3592,3881,1458,0,0,0,0,3966,0,-1,0
3967,-1,-1,3967,2295,2744,2649,3593,3882,1459,0,0,0,0,3967,0,-1,0
3968,-1,-1,3968,2296,2745,2650,3594,3883,-1,0,0,0,0,3968,0,-1,0
3969,-1,-1,3969,-1,2746,-1,3595,3884,-1,0,0,0,0,3969,0,-1,0
3970,-1,-1,3970,-1,2746,-1,3596,3885,1459,0,0,0,0,3970,0,-1,0
3971,-1,-1,3971,2297,2747,2651,3597,3886,1459,0,0,0,0,3971,0,-1,0
3972,-1,-1,3972,2298,2748,2652,3598,3887,1459,0,0,0,0,3972,0,-1,0
3973,-1,-1,3973,-1,2749,2653,3599,3888,1459,0,0,0,0,3973,0,-1,0
3974,-1,-1,3974,2298,2750,2654,3600,3889,1459,0,0,0,0,3974,0,-1,0
3975,-1,-1,3975,2299,2750,2655,3601,3890,1459,0,0,0,0,3975,0,-1,0
3976,-1,-1,3976,2300,2751,2656,3602,3891,1460,0,0,0,0,3976,0,-1,0
3977,-1,-1,3977,2301,2752,2657,3603,3892,1461,0,0,0,0,3977,0,-1,0
3978,-1,-1,3978,2302,-1,-1,3604,3893,-1,0,0,0,0,3978,0,-1,0
3979,-1,-1,3979,2303,2753,2658,3605,3894,1462,0,0,0,0,3979,0,-1,0
3980,-1,-1,3980,-1,-1,-1,3606,3895,-1,0,0,0,0,3980,0,-1,0
3981,-1,-1,3981,-1,2753,-1,3607,3896,1463,0,0,0,0,3981,0,-1,0
3982,-1,-1,3982,2304,2754,2659,3608,3897,-1,0,0,0,0,3982,0,-1,0
3983,-1,-1,3983,2305,2755,2660,3609,3898,-1,0,0,0,0,3983,0,-1,0
3984,-1,-1,3984,-1,2755,2661,3610,3899,1463,0,0,0,0,3984,0,-1,0
3985,-1,-1,3985,-1,-1,-1,3610,3900,-1,0,0,0,0,3985,0,-1,0
3986,-1,-1,3986,2306,-1,2662,3610,3900,-1,0,0,0,0,3986,0,-1,0
3987,-1,-1,3987,2307,2756,-1,3611,3901,-1,0,0,0,0,3987,0,-1,0
3988,-1,-1,3988,-1,2757,2663,3612,3902,-1,0,0,0,0,3988,0,-1,0
3989,-1,-1,3989,-1,2758,2664,3613,3903,-1,0,0,0,0,3989,0,-1,0
3990,-1,-1,3990,2307,2759,2665,3614,3904,1464,0,0,0,0,3990,0,-1,0
3991,-1,-1,3991,2308,2760,2666,3615,3905,1465,0,0,0,0,3991,0,-1,0
3992,-1,-1,3992,-1,-1,-1,3616,3906,-1,0,0,0,0,3992,0,-1,0
3993,-1,-1,3993,2308,2760,2667,3617,3907,1466,0,0,0,0,3993,0,-1,0
3994,-1,-1,3994,-1,-1,-1,3618,3908,-1,0,0,0,0,3994,0,-1,0
3995,-1,-1,3995,2308,2761,-1,3619,3909,1467,0,0,0,0,3995,0,-1,0
3996,-1,-1,3996,2309,2762,2668,3620,3910,1468,0,0,0,0,3996,0,-1,0
3997,-1,-1,3997,-1,2763,-1,3621,3911,1469,0,0,0,0,3997,0,-1,0
3998,-1,-1,3998,2310,2764,2669,3622,3912,-1,0,0,0,0,3998,0,-1,0
3999,-1,-1,3999,2310,2765,2670,3622,3913,1470,0,0,0,0,3999,0,-1,0
4000,-1,-1,4000,2311,2766,2671,3623,3914,-1,0,0,0,0,4000,0,-1,0
4001,-1,-1,4001,-1,-1,-1,3624,3915,-1,0,0,0,0,4001,0,-1,0
4002,-1,-1,4002,2312,2767,2672,3625,3916,1471,0,0,0,0,4002,0,-1,0
4003,-1,-1,4003,2313,2768,2673,3625,3917,1471,0,0,0,0,4003,0,-1,0
4004,-1,-1,4004,2314,2769,2674,3626,3918,1471,0,0,0,0,4004,0,-1,0
4005,-1,-1,4005,-1,2770,2675,3627,3919,-1,0,0,0,0,4005,0,-1,0
4006,-1,-1,4006,-1,2771,2676,3627,3919,-1,0,0,0,0,4006,0,-1,0
4007,-1,-1,4007,2315,2772,2677,3628,3920,1471,0,0,0,0,4007,0,-1,0
4008,-1,-1,4008,-1,2773,-1,3629,3921,-1,0,0,0,0,4008,0,-1,0
4009,-1,-1,4009,-1,2774,2677,3630,3922,1472,0,0,0,0,4009,0,-1,0
4010,-1,-1,4010,-1,2775,2678,3630,3923,-1,0,0,0,0,4010,0,-1,0
4011,-1,-1,4011,2316,2775,2679,3631,3924,1473,0,0,0,0,4011,0,-1,0
4012,-1,-1,4012,2317,2776,2680,3631,3925,1474,0,0,0,0,4012,0,-1,0
4013,-1,-1,4013,2318,2777,2681,3631,3926,-1,0,0,0,0,4013,0,-1,0
4014,-1,-1,4014,-1,-1,-1,3632,3927,-1,0,0,0,0,4014,0,-1,0
4015,-1,-1,4015,-1,-1,-1,3633,3928,1475,0,0,0,0,4015,0,-1,0
4016,-1,-1,4016,2319,2777,2682,3634,3929,-1,0,0,0,0,4016,0,-1,0
4017,-1,-1,4017,2320,2778,2683,3635,3930,1476,0,0,0,0,4017,0,-1,0
4018,-1,-1,4018,2321,2779,2684,3636,3931,-1,0,0,0,0,4018,0,-1,0
4019,-1,-1,4019,2322,2780,2685,3637,3932,1477,0,0,0,0,4019,0,-1,0
4020,-1,-1,4020,2323,2781,2686,3638,3933,-1,0,0,0,0,4020,0,-1,0
4021,-1,-1,4021,2324,2781,2687,3639,3934,-1,0,0,0,0,4021,0,-1,0
4022,-1,-1,4022,2325,2782,-1,3640,3935,-1,0,0,0,0,4022,0,-1,0
4023,-1,-1,4023,2326,2783,-1,3641,3936,1478,0,0,0,0,4023,0,-1,0
4024,-1,-1,4024,2327,2784,2688,3642,3937,1479,0,0,0,0,4024,0,-1,0
4025,-1,-1,4025,2328,2785,2689,3643,3938,1479,0,0,0,0,4025,0,-1,0
4026,-1,-1,4026,2329,2786,2690,3644,3939,1479,0,0,0,0,4026,0,-1,0
4027,-1,-1,4027,2330,2787,2691,3645,3940,1479,0,0,0,0,4027,0,-1,0
4028,-1,-1,4028,2331,-1,2692,3646,3941,1479,0,0,0,0,4028,0,-1,0
4029,-1,-1,4029,2332,2788,2693,3646,3942,1479,0,0,0,0,4029,0,-1,0
4030,-1,-1,4030,2332,2789,2693,3647,3943,1480,0,0,0,0,4030,0,-1,0
4031,-1,-1,4031,2333,2790,2694,3648,3944,1481,0,0,0,0,4031,0,-1,0
4032,-1,-1,4032,-1,-1,-1,3649,3945,-1,0,0,0,0,4032,0,-1,0
4033,-1,-1,4033,2334,2791,2695,3650,3946,1482,0,0,0,0,4033,0,-1,0
4034,-1,-1,4034,2335,2792,2695,3651,3947,-1,0,0,0,0,4034,0,-1,0
4035,-1,-1,4035,-1,2793,-1,3652,3948,1483,0,0,0,0,4035,0,-1,0
4036,-1,-1,4036,-1,2794,-1,3653,3949,1484,0,0,0,0,4036,0,-1,0
4037,-1,-1,4037,-1,-1,2696,3654,3950,1485,0,0,0,0,4037,0,-1,0
4038,-1,-1,4038,2336,-1,-1,3654,3951,-1,0,0,0,0,4038,0,-1,0
4039,-1,-1,4039,-1,2795,-1,3655,3952,-1,0,0,0,0,4039,0,-1,0
4040,-1,-1,4040,2337,2796,-1,3656,3953,-1,0,0,0,0,4040,0,-1,0
4041,-1,-1,4041,2338,2797,2697,3657,3954,-1,0,0,0,0,4041,0,-1,0
4042,-1,-1,4042,2339,2798,2698,3658,3955,1485,0,0,0,0,4042,0,-1,0
4043,-1,-1,4043,2340,2799,-1,3659,3956,-1,0,0,0,0,4043,0,-1,0
4044,-1,-1,4044,2341,-1,2699,3660,3957,1486,0,0,0,0,4044,0,-1,0
4045,-1,-1,4045,-1,2800,2700,3661,3958,-1,0,0,0,0,4045,0,-1,0
4046,-1,-1,4046,-1,-1,-1,3662,3959,1487,0,0,0,0,4046,0,-1,0
4047,-1,-1,4047,2342,2801,2700,3663,3960,1488,0,0,0,0,4047,0,-1,0
4048,-1,-1,4048,2343,2802,2701,3664,3961,1488,0,0,0,0,4048,0,-1,0
4049,-1,-1,4049,2344,2803,2701,3665,3962,-1,0,0,0,0,4049,0,-1,0
4050,-1,-1,4050,2345,2804,2702,3666,3963,1489,0,0,0,0,4050,0,-1,0
4051,-1,-1,4051,-1,-1,2703,3667,3964,1490,0,0,0,0,4051,0,-1,0
4052,-1,-1,4052,2346,2805,2704,3668,3965,1490,0,0,0,0,4052,0,-1,0
4053,-1,-1,4053,2347,2806,2705,3669,3966,1491,0,0,0,0,4053,0,-1,0
4054,-1,-1,4054,-1,-1,-1,3670,3967,-1,0,0,0,0,4054,0,-1,0
4055,-1,-1,4055,-1,2807,2706,3671,3968,-1,0,0,0,0,4055,0,-1,0
4056,-1,-1,4056,-1,-1,-1,3672,3969,-1,0,0,0,0,4056,0,-1,0
4057,-1,-1,4057,-1,2808,-1,3673,3970,1492,0,0,0,0,4057,0,-1,0
4058,-1,-1,4058,2348,2808,2707,3674,3971,1493,0,0,0,0,4058,0,-1,0
4059,-1,-1,4059,-1,2809,2707,3675,3972,1494,0,0,0,0,4059,0,-1,0
4060,-1,-1,4060,2349,2810,2708,3676,3973,1494,0,0,0,0,4060,0,-1,0
4061,-1,-1,4061,2350,2811,2709,3677,3974,1494,0,0,0,0,4061,0,-1,0
4062,-1,-1,4062,2351,2812,2710,3678,3975,1494,0,0,0,0,4062,0,-1,0
4063,-1,-1,4063,-1,2813,2711,3679,3976,-1,0,0,0,0,4063,0,-1,0
4064,-1,-1,4064,2351,2814,-1,3680,3977,-1,0,0,0,0,4064,0,-1,0
4065,-1,-1,4065,2352,2814,2712,3681,3978,1494,0,0,0,0,4065,0,-1,0
4066,-1,-1,4066,2353,2815,2713,3681,3979,1494,0,0,0,0,4066,0,-1,0
4067,-1,-1,4067,2354,2816,-1,3682,3980,1495,0,0,0,0,4067,0,-1,0
4068,-1,26,4068,-1,2817,2714,3683,3981,-1,0,0,0,0,4068,0,-1,0
4069,-1,-1,4069,2355,2818,2715,3684,3982,-1,0,0,0,0,4069,0,-1,0
4070,-1,-1,4070,2356,2819,2716,3685,3983,-1,0,0,0,0,4070,0,-1,0
4071,-1,-1,4071,-1,2820,-1,3686,3984,-1,0,0,0,0,4071,0,-1,0
4072,-1,-1,4072,-1,-1,-1,3687,3985,-1,0,0,0,0,4072,0,-1,0
4073,-1,-1,4073,2357,2820,2717,3688,3986,1496,0,0,0,0,4073,0,-1,0
4074,-1,-1,4074,-1,2821,2718,3689,3987,-1,0,0,0,0,4074,0,-1,0
4075,-1,-1,4075,-1,2822,-1,3690,3988,1497,0,0,0,0,4075,0,-1,0
4076,-1,-1,4076,-1,-1,-1,3691,3989,-1,0,0,0,0,4076,0,-1,0
4077,-1,-1,4077,-1,2823,-1,3692,3990,1497,0,0,0,0,4077,0,-1,0
4078,-1,-1,4078,2358,2824,2719,3693,3991,1497,0,0,0,0,4078,0,-1,0
4079,-1,-1,4079,2359,2825,2719,3694,3992,1497,0,0,0,0,4079,0,-1,0
4080,-1,-1,4080,2359,2825,2720,3695,3993,1497,0,0,0,0,4080,0,-1,0
4081,-1,-1,4081,2360,2826,2721,3696,3994,1497,0,0,0,0,4081,0,-1,0
4082,-1,-1,4082,2360,2827,2722,3697,3995,1498,0,0,0,0,4082,0,-1,0
4083,-1,-1,4083,2361,2827,2723,3698,3996,-1,0,0,0,0,4083,0,-1,0
4084,-1,-1,4084,2362,2828,2724,3699,3997,1499,0,0,0,0,4084,0,-1,0
4085,-1,-1,4085,-1,-1,-1,3700,3998,-1,0,0,0,0,4085,0,-1,0
4086,-1,-1,4086,-1,2829,2725,3701,3999,1499,0,0,0,0,4086,0,-1,0
4087,-1,-1,4087,-1,2830,-1,3702,4000,-1,0,0,0,0,4087,0,-1,0
4088,-1,-1,4088,-1,-1,-1,3703,4001,-1,0,0,0,0,4088,0,-1,0
4089,-1,-1,4089,2363,2831,2726,3703,4002,1499,0,0,0,0,4089,0,-1,0
4090,-1,-1,4090,2364,2832,2727,3704,4003,1499,0,0,0,0,4090,0,-1,0
4091,-1,-1,4091,-1,-1,-1,3705,4004,-1,0,0,0,0,4091,0,-1,0
4092,-1,-1,4092,2364,2833,2728,3706,4005,-1,0,0,0,0,4092,0,-1,0
4093,-1,-1,4093,2365,2834,2729,3707,4006,1499,0,0,0,0,4093,0,-1,0
4094,-1,-1,4094,2365,2835,2730,3708,4007,1500,0,0,0,0,4094,0,-1,0
4095,-1,-1,4095,2366,2836,2731,3709,4008,1501,0,0,0,0,4095,0,-1,0
4096,-1,-1,4096,-1,2837,2732,3710,4009,1501,0,0,0,0,4096,0,-1,0
4097,-1,-1,4097,2367,2838,2733,3711,4010,1501,0,0,0,0,4097,0,-1,0
4098,-1,-1,4098,2368,2839,2734,3712,4011,1502,0,0,0,0,4098,0,-1,0
4099,-1,-1,4099,2369,2840,2735,3713,4012,1503,0,0,0,0,4099,0,-1,0
4100,-1,-1,4100,2370,2840,2736,3714,4013,1504,0,0,0,0,4100,0,-1,0
4101,-1,-1,4101,-1,2841,2737,3715,4014,-1,0,0,0,0,4101,0,-1,0
4102,-1,-1,4102,-1,-1,-1,3716,4015,1505,0,0,0,0,4102,0,-1,0
4103,-1,-1,4103,2371,2842,2738,3717,4016,1505,0,0,0,0,4103,0,-1,0
4104,-1,-1,4104,2372,-1,-1,3718,4017,1505,0,0,0,0,4104,0,-1,0
4105,-1,-1,4105,2373,2843,2739,3719,4018,1505,0,0,0,0,4105,0,-1,0
4106,-1,-1,4106,2374,2843,-1,3720,4019,1506,0,0,0,0,4106,0,-1,0
4107,-1,-1,4107,2375,2844,2740,3721,4020,-1,0,0,0,0,4107,0,-1,0
4108,-1,-1,4108,2376,2845,2741,3722,4021,1507,0,0,0,0,4108,0,-1,0
4109,-1,-1,4109,2377,2846,2742,3723,4022,-1,0,0,0,0,4109,0,-1,0
4110,-1,-1,4110,-1,-1,-1,3724,4023,-1,0,0,0,0,4110,0,-1,0
4111,-1,-1,4111,2378,2847,2743,3725,4024,-1,0,0,0,0,4111,0,-1,0
4112,-1,-1,4112,2379,2848,2744,3726,4025,-1,0,0,0,0,4112,0,-1,0
4113,-1,-1,4113,2379,2849,2745,3727,4026,1508,0,0,0,0,4113,0,-1,0
4114,-1,-1,4114,2380,2849,2745,3728,4027,-1,0,0,0,0,4114,0,-1,0
4115,-1,-1,4115,-1,2850,2746,3728,4028,1509,0,0,0,0,4115,0,-1,0
4116,-1,-1,4116,-1,-1,-1,3729,4029,1509,0,0,0,0,4116,0,-1,0
4117,-1,-1,4117,-1,-1,2747,3730,4030,1509,0,0,0,0,4117,0,-1,0
4118,-1,-1,4118,-1,2851,-1,3731,4031,-1,0,0,0,0,4118,0,-1,0
4119,-1,-1,4119,2381,-1,-1,3732,4032,1509,0,0,0,0,4119,0,-1,0
4120,-1,-1,4120,-1,-1,-1,3733,4033,-1,0,0,0,0,4120,0,-1,0
4121,-1,-1,4121,2382,2852,2748,3734,4034,1509,0,0,0,0,4121,0,-1,0
4122,-1,-1,4122,2382,2853,2748,3735,4035,-1,0,0,0,0,4122,0,-1,0
4123,-1,-1,4123,2383,-1,-1,3736,4036,-1,0,0,0,0,4123,0,-1,0
4124,-1,-1,4124,2384,-1,2749,3737,4037,1509,0,0,0,0,4124,0,-1,0
4125,-1,-1,4125,2385,2854,-1,3738,4038,1510,0,0,0,0,4125,0,-1,0
4126,-1,-1,4126,2386,2855,-1,3739,4039,1511,0,0,0,0,4126,0,-1,0
4127,-1,-1,4127,2387,2856,-1,3740,4040,-1,0,0,0,0,4127,0,-1,0
4128,-1,-1,4128,2388,2856,2750,3741,4041,1512,0,0,0,0,4128,0,-1,0
4129,-1,-1,4129,2388,2857,2751,3742,4042,-1,0,0,0,0,4129,0,-1,0
4130,-1,-1,4130,2389,2858,2752,3743,4043,1513,0,0,0,0,4130,0,-1,0
4131,-1,-1,4131,2390,2858,-1,3744,4044,1514,0,0,0,0,4131,0,-1,0
4132,-1,-1,4132,2391,2859,2753,3745,4045,1515,0,0,0,0,4132,0,-1,0
4133,-1,-1,4133,2391,2860,2754,3746,4046,1515,0,0,0,0,4133,0,-1,0
4134,-1,-1,4134,2392,2861,-1,3747,4047,-1,0,0,0,0,4134,0,-1,0
4135,-1,-1,4135,2393,2862,-1,3748,4048,-1,0,0,0,0,4135,0,-1,0
4136,-1,-1,4136,2394,2863,2755,3749,4049,1515,0,0,0,0,4136,0,-1,0
4137,-1,-1,4137,-1,2864,2756,3750,4050,1516,0,0,0,0,4137,0,-1,0
4138,-1,-1,4138,-1,2865,2757,3751,4051,1517,0,0,0,0,4138,0,-1,0
4139,-1,-1,4139,2395,2866,2758,3752,4052,-1,0,0,0,0,4139,0,-1,0
4140,-1,-1,4140,2395,2867,2759,3753,4053,-1,0,0,0,0,4140,0,-1,0
4141,-1,-1,4141,2395,2867,2760,3754,4054,1517,0,0,0,0,4141,0,-1,0
4142,-1,-1,4142,2396,2868,2761,3755,4055,1518,0,0,0,0,4142,0,-1,0
4143,-1,-1,4143,2397,2869,2762,3756,4056,-1,0,0,0,0,4143,0,-1,0
4144,-1,-1,4144,-1,-1,-1,3757,4057,-1,0,0,0,0,4144,0,-1,0
4145,-1,-1,4145,2398,2870,2763,3757,4057,-1,0,0,0,0,4145,0,-1,0
4146,-1,-1,4146,-1,2871,2764,3757,4058,1519,0,0,0,0,4146,0,-1,0
4147,-1,-1,4147,-1,2872,2765,3758,4059,-1,0,0,0,0,4147,0,-1,0
4148,-1,-1,4148,-1,2873,2766,3759,4060,-1,0,0,0,0,4148,0,-1,0
4149,-1,-1,4149,2398,2874,2767,3759,4060,-1,0,0,0,0,4149,0,-1,0
4150,-1,-1,4150,2398,2874,2768,3760,4061,1519,0,0,0,0,4150,0,-1,0
4151,-1,-1,4151,2398,2875,2769,3761,4062,1520,0,0,0,0,4151,0,-1,0
4152,-1,-1,4152,2399,2876,2770,3761,4062,1520,0,0,0,0,4152,0,-1,0
4153,-1,-1,4153,2400,2877,2771,3762,4063,-1,0,0,0,0,4153,0,-1,0
4154,-1,-1,4154,2401,2878,2772,3763,4064,1521,0,0,0,0,4154,0,-1,0
4155,-1,-1,4155,2402,2879,2773,3764,4065,-1,0,0,0,0,4155,0,-1,0
4156,-1,-1,4156,2402,2880,2774,3765,4066,1522,0,0,0,0,4156,0,-1,0
4157,-1,-1,4157,2403,2881,2775,3765,4067,-1,0,0,0,0,4157,0,-1,0
4158,-1,-1,4158,-1,2882,2776,3766,4068,-1,0,0,0,0,4158,0,-1,0
4159,-1,-1,4159,2403,2883,2777,3767,4069,1523,0,0,0,0,4159,0,-1,0
4160,-1,-1,4160,-1,-1,2778,3768,4070,1524,0,0,0,0,4160,0,-1,0
4161,-1,-1,4161,-1,2884,-1,3769,4071,1525,0,0,0,0,4161,0,-1,0
4162,-1,-1,4162,2403,-1,-1,3770,4072,1525,0,0,0,0,4162,0,-1,0
4163,-1,-1,4163,-1,-1,-1,3771,4073,-1,0,0,0,0,4163,0,-1,0
4164,-1,-1,4164,2404,2885,2779,3772,4074,1525,0,0,0,0,4164,0,-1,0
4165,-1,-1,4165,2405,2885,2780,3773,4075,1526,0,0,0,0,4165,0,-1,0
4166,-1,-1,4166,2406,2885,-1,3774,4076,1527,0,0,0,0,4166,0,-1,0
4167,-1,-1,4167,2406,2886,2781,3775,4077,-1,0,0,0,0,4167,0,-1,0
4168,-1,-1,4168,2407,2887,2782,3776,4078,1528,0,0,0,0,4168,0,-1,0
4169,-1,-1,4169,2408,2888,-1,3777,4079,1529,0,0,0,0,4169,0,-1,0
4170,-1,-1,4170,2409,2889,2783,3778,4080,1530,0,0,0,0,4170,0,-1,0
4171,-1,-1,4171,-1,-1,-1,-1,4081,-1,0,0,0,0,4171,0,-1,0
4172,-1,-1,4172,2410,2890,2784,3779,4082,-1,0,0,0,0,4172,0,-1,0
4173,-1,-1,4173,2411,2891,2785,3779,4083,1531,0,0,0,0,4173,0,-1,0
4174,-1,-1,4174,-1,2892,2786,3780,4084,-1,0,0,0,0,4174,0,-1,0
4175,-1,-1,4175,2412,2892,2786,3781,4085,-1,0,0,0,0,4175,0,-1,0
4176,-1,-1,4176,-1,2893,2787,3782,4086,1531,0,0,0,0,4176,0,-1,0
4177,-1,-1,4177,-1,2894,-1,3783,4087,1532,0,0,0,0,4177,0,-1,0
4178,-1,-1,4178,2413,2895,2788,3784,4088,1533,0,0,0,0,4178,0,-1,0
4179,-1,-1,4179,2414,2896,2789,3785,4089,1534,0,0,0,0,4179,0,-1,0
4180,-1,-1,4180,2415,2896,2790,3786,4090,-1,0,0,0,0,4180,0,-1,0
4181,-1,-1,4181,2416,-1,-1,3787,4091,1534,0,0,0,0,4181,0,-1,0
4182,-1,-1,4182,2417,2897,2791,3788,4092,-1,0,0,0,0,4182,0,-1,0
4183,-1,-1,4183,2418,2897,2792,3789,4093,1534,0,0,0,0,4183,0,-1,0
4184,-1,-1,4184,2419,2898,2792,3790,4094,1534,0,0,0,0,4184,0,-1,0
4185,-1,-1,4185,2420,2899,-1,3791,4095,1535,0,0,0,0,4185,0,-1,0
4186,-1,-1,4186,2421,2900,2793,3792,4096,1536,0,0,0,0,4186,0,-1,0
4187,-1,-1,4187,-1,2901,2794,3793,4097,-1,0,0,0,0,4187,0,-1,0
4188,-1,-1,4188,-1,-1,-1,-1,4098,-1,0,0,0,0,4188,0,-1,0
4189,-1,-1,4189,2421,-1,2795,3794,4099,-1,0,0,0,0,4189,0,-1,0
4190,-1,-1,4190,2421,-1,-1,3795,4100,1537,0,0,0,0,4190,0,-1,0
4191,-1,-1,4191,2422,2902,-1,3796,4101,-1,0,0,0,0,4191,0,-1,0
4192,-1,-1,4192,2423,2903,2796,3797,4102,1538,0,0,0,0,4192,0,-1,0
4193,-1,-1,4193,2424,2904,2797,3798,4103,-1,0,0,0,0,4193,0,-1,0
4194,-1,-1,4194,2425,2905,2798,3799,4104,-1,0,0,0,0,4194,0,-1,0
4195,-1,-1,4195,2426,2905,2799,3800,4105,-1,0,0,0,0,4195,0,-1,0
4196,-1,-1,4196,2427,2906,2800,3801,4106,1539,0,0,0,0,4196,0,-1,0
4197,-1,-1,4197,2428,2907,2801,3802,4107,1540,0,0,0,0,4197,0,-1,0
4198,-1,-1,4198,2429,2908,-1,3803,4108,-1,0,0,0,0,4198,0,-1,0
4199,-1,-1,4199,-1,2908,2802,3804,4109,1541,0,0,0,0,4199,0,-1,0
4200,-1,-1,4200,2430,2909,2803,3805,4110,-1,0,0,0,0,4200,0,-1,0
4201,-1,-1,4201,2431,2910,2804,3806,4111,1542,0,0,0,0,4201,0,-1,0
4202,-1,-1,4202,-1,2911,-1,3807,4112,-1,0,0,0,0,4202,0,-1,0
4203,-1,-1,4203,-1,2912,2804,3808,4113,1543,0,0,0,0,4203,0,-1,0
4204,-1,-1,4204,2432,2913,2805,3809,4114,1543,0,0,0,0,4204,0,-1,0
4205,-1,-1,4205,2432,2914,2806,3810,4115,-1,0,0,0,0,4205,0,-1,0
4206,-1,-1,4206,-1,2914,2806,3811,4116,1543,0,0,0,0,4206,0,-1,0
4207,-1,-1,4207,-1,2915,-1,3812,4117,1543,0,0,0,0,4207,0,-1,0
4208,-1,-1,4208,2433,2916,2807,3813,4118,1544,0,0,0,0,4208,0,-1,0
4209,-1,-1,4209,2434,2917,2808,3814,4119,1545,0,0,0,0,4209,0,-1,0
4210,-1,-1,4210,2435,-1,-1,3815,4120,-1,0,0,0,0,4210,0,-1,0
4211,-1,-1,4211,2436,2918,2809,3816,4121,1546,0,0,0,0,4211,0,-1,0
4212,-1,-1,4212,2437,2918,2810,3816,4122,1547,0,0,0,0,4212,0,-1,0
4213,-1,-1,4213,-1,2919,2811,3817,4123,1547,0,0,0,0,4213,0,-1,0
4214,-1,-1,4214,2438,2920,2812,3818,4124,1547,0,0,0,0,4214,0,-1,0
4215,-1,-1,4215,2439,2921,2813,3819,4125,1548,0,0,0,0,4215,0,-1,0
4216,-1,-1,4216,-1,2922,2814,3820,4126,1549,0,0,0,0,4216,0,-1,0
4217,-1,-1,4217,2440,2923,2815,3821,4127,-1,0,0,0,0,4217,0,-1,0
4218,-1,-1,4218,2441,2924,2816,3822,4128,-1,0,0,0,0,4218,0,-1,0
4219,-1,-1,4219,2442,2925,-1,3823,4129,1550,0,0,0,0,4219,0,-1,0
4220,-1,-1,4220,2442,2926,2817,3824,4130,1551,0,0,0,0,4220,0,-1,0
4221,-1,-1,4221,2442,2926,2818,3825,4131,1552,0,0,0,0,4221,0,-1,0
4222,-1,-1,4222,2443,2927,2818,3826,4132,1553,0,0,0,0,4222,0,-1,0
4223,-1,-1,4223,2443,2928,2819,3827,4133,1554,0,0,0,0,4223,0,-1,0
4224,-1,-1,4224,2444,2929,2820,3828,4134,1555,0,0,0,0,4224,0,-1,0
4225,-1,-1,4225,2445,2930,2821,3829,4135,-1,0,0,0,0,4225,0,-1,0
4226,-1,-1,4226,2446,2931,2822,3830,4136,1556,0,0,0,0,4226,0,-1,0
4227,-1,-1,4227,2447,2932,2823,3831,4137,1557,0,0,0,0,4227,0,-1,0
4228,-1,-1,4228,-1,2933,2824,3832,4138,-1,0,0,0,0,4228,0,-1,0
4229,-1,-1,4229,-1,-1,-1,3833,4139,-1,0,0,0,0,4229,0,-1,0
4230,-1,-1,4230,2448,2934,-1,3834,4140,1558,0,0,0,0,4230,0,-1,0
4231,-1,-1,4231,2449,2935,2825,3835,4141,1559,0,0,0,0,4231,0,-1,0
4232,-1,-1,4232,-1,-1,-1,3836,4142,-1,0,0,0,0,4232,0,-1,0
4233,-1,-1,4233,2450,2935,2826,3837,4143,1560,0,0,0,0,4233,0,-1,0
4234,-1,-1,4234,2451,2936,2827,3838,4144,-1,0,0,0,0,4234,0,-1,0
4235,-1,-1,4235,-1,2937,2828,3839,4145,-1,0,0,0,0,4235,0,-1,0
4236,-1,-1,4236,2451,2938,2829,3840,4146,1560,0,0,0,0,4236,0,-1,0
4237,-1,-1,4237,2452,2939,2830,3840,4147,-1,0,0,0,0,4237,0,-1,0
4238,-1,-1,4238,-1,-1,-1,3841,4148,-1,0,0,0,0,4238,0,-1,0
4239,-1,-1,4239,2453,-1,-1,3842,4149,-1,0,0,0,0,4239,0,-1,0
4240,-1,-1,4240,2454,2940,2831,3843,4150,1560,0,0,0,0,4240,0,-1,0
4241,-1,-1,4241,2455,-1,-1,3844,4151,1560,0,0,0,0,4241,0,-1,0
4242,-1,-1,4242,2456,2941,2832,3845,4152,-1,0,0,0,0,4242,0,-1,0
4243,-1,-1,4243,2457,2942,2833,3846,4153,1560,0,0,0,0,4243,0,-1,0
4244,-1,-1,4244,2457,2943,2834,3847,4154,1561,0,0,0,0,4244,0,-1,0
4245,-1,-1,4245,2457,2944,2835,3848,4155,1562,0,0,0,0,4245,0,-1,0
4246,-1,-1,4246,2457,2945,2836,3849,4156,1562,0,0,0,0,4246,0,-1,0
4247,-1,-1,4247,-1,2946,-1,3850,4157,1563,0,0,0,0,4247,0,-1,0
4248,-1,-1,4248,2458,2947,2836,3851,4158,1564,0,0,0,0,4248,0,-1,0
4249,-1,-1,4249,-1,-1,-1,3852,4159,1564,0,0,0,0,4249,0,-1,0
4250,-1,-1,4250,2459,2948,2837,3853,4160,-1,0,0,0,0,4250,0,-1,0
4251,-1,-1,4251,2460,2949,-1,3854,4161,1564,0,0,0,0,4251,0,-1,0
4252,-1,-1,4252,2460,2949,-1,3855,4162,1565,0,0,0,0,4252,0,-1,0
4253,-1,-1,4253,-1,2950,-1,3856,4163,-1,0,0,0,0,4253,0,-1,0
4254,-1,-1,4254,2461,2950,2838,3857,4164,1566,0,0,0,0,4254,0,-1,0
4255,-1,-1,4255,-1,2950,2839,3858,4165,1567,0,0,0,0,4255,0,-1,0
4256,-1,-1,4256,2462,2951,2840,3859,4166,1568,0,0,0,0,4256,0,-1,0
4257,-1,-1,4257,2463,2951,-1,3860,4167,1569,0,0,0,0,4257,0,-1,0
4258,-1,-1,4258,2464,2952,2841,3861,4168,-1,0,0,0,0,4258,0,-1,0
4259,-1,-1,4259,2465,2953,-1,-1,4169,-1,0,0,0,0,4259,0,-1,0
4260,-1,-1,4260,2466,2954,2842,3862,4170,-1,0,0,0,0,4260,0,-1,0
4261,-1,-1,4261,2467,2955,2843,3863,4171,1570,0,0,0,0,4261,0,-1,0
4262,-1,-1,4262,2468,2956,2844,3864,4172,-1,0,0,0,0,4262,0,-1,0
4263,-1,-1,4263,2468,2957,2845,3865,4173,1571,0,0,0,0,4263,0,-1,0
4264,-1,-1,4264,-1,-1,-1,3866,4174,-1,0,0,0,0,4264,0,-1,0
4265,-1,-1,4265,2469,2958,-1,3867,4175,-1,0,0,0,0,4265,0,-1,0
4266,-1,-1,4266,2470,2959,2846,3868,4176,1572,0,0,0,0,4266,0,-1,0
4267,-1,-1,4267,2471,2960,2847,3869,4177,-1,0,0,0,0,4267,0,-1,0
4268,-1,-1,4268,2472,-1,2847,3870,4178,1573,0,0,0,0,4268,0,-1,0
4269,-1,-1,4269,2473,2961,2848,3871,4179,1574,0,0,0,0,4269,0,-1,0
4270,-1,-1,4270,2474,2962,2849,3872,4180,1575,0,0,0,0,4270,0,-1,0
4271,-1,-1,4271,-1,-1,-1,3873,4181,1576,0,0,0,0,4271,0,-1,0
4272,-1,-1,4272,2475,2963,2850,3874,4182,1576,0,0,0,0,4272,0,-1,0
4273,-1,-1,4273,-1,-1,-1,3874,4182,1576,0,0,0,0,4273,0,-1,0
4274,-1,-1,4274,2476,2964,2851,3875,4183,1577,0,0,0,0,4274,0,-1,0
4275,-1,-1,4275,2477,2965,2852,3876,4184,-1,0,0,0,0,4275,0,-1,0
4276,-1,-1,4276,2478,-1,-1,3876,4184,-1,0,0,0,0,4276,0,-1,0
4277,-1,-1,4277,2479,2966,2853,3876,4184,-1,0,0,0,0,4277,0,-1,0
4278,-1,-1,4278,-1,2967,2854,3876,4184,-1,0,0,0,0,4278,0,-1,0
4279,-1,-1,4279,2480,2968,2855,3877,4185,-1,0,0,0,0,4279,0,-1,0
4280,-1,-1,4280,2481,2969,2856,3878,4186,1578,0,0,0,0,4280,0,-1,0
4281,-1,-1,4281,2482,2970,2857,3879,4187,1578,0,0,0,0,4281,0,-1,0
4282,-1,-1,4282,-1,-1,-1,3880,4188,1579,0,0,0,0,4282,0,-1,0
4283,-1,-1,4283,2483,2971,2858,3881,4189,1580,0,0,0,0,4283,0,-1,0
4284,-1,-1,4284,2484,2972,2858,3882,4190,1580,0,0,0,0,4284,0,-1,0
4285,-1,-1,4285,2485,2973,-1,3883,4191,1580,0,0,0,0,4285,0,-1,0
4286,-1,-1,4286,2486,2974,-1,3884,4192,-1,0,0,0,0,4286,0,-1,0
4287,-1,-1,4287,2487,2975,-1,3885,4193,1580,0,0,0,0,4287,0,-1,0
4288,-1,-1,4288,-1,2975,2859,3886,4194,-1,0,0,0,0,4288,0,-1,0
4289,-1,-1,4289,-1,-1,-1,3886,4194,-1,0,0,0,0,4289,0,-1,0
4290,-1,-1,4290,-1,-1,-1,3887,4195,-1,0,0,0,0,4290,0,-1,0
4291,-1,27,4291,-1,2976,-1,3888,4196,1580,0,0,0,0,4291,0,-1,0
4292,-1,-1,4292,2488,2977,2860,3888,4197,-1,0,0,0,0,4292,0,-1,0
4293,-1,-1,4293,-1,-1,-1,3889,4198,-1,0,0,0,0,4293,0,-1,0
4294,-1,-1,4294,2489,2978,2861,3890,4199,-1,0,0,0,0,4294,0,-1,0
4295,-1,-1,4295,2489,2979,2862,3891,4200,-1,0,0,0,0,4295,0,-1,0
4296,-1,-1,4296,-1,2980,2863,3892,4201,-1,0,0,0,0,4296,0,-1,0
4297,-1,-1,4297,-1,-1,-1,3893,4202,-1,0,0,0,0,4297,0,-1,0
4298,-1,-1,4298,2490,2981,2864,3894,4203,1581,0,0,0,0,4298,0,-1,0
4299,-1,-1,4299,-1,-1,-1,3895,4204,-1,0,0,0,0,4299,0,-1,0
4300,-1,-1,4300,-1,-1,-1,3896,4205,-1,0,0,0,0,4300,0,-1,0
4301,-1,-1,4301,2491,2982,-1,3897,4206,-1,0,0,0,0,4301,0,-1,0
4302,-1,-1,4302,2492,2983,2865,3898,4207,1581,0,0,0,0,4302,0,-1,0
4303,-1,-1,4303,2492,2983,-1,3899,4208,1582,0,0,0,0,4303,0,-1,0
4304,-1,-1,4304,2493,2984,2866,3900,4209,1583,0,0,0,0,4304,0,-1,0
4305,-1,-1,4305,2494,-1,-1,3901,4210,1583,0,0,0,0,4305,0,-1,0
4306,-1,-1,4306,2495,2985,2867,-1,4211,1584,0,0,0,0,4306,0,-1,0
4307,-1,-1,4307,2496,2986,2868,3902,4212,1585,0,0,0,0,4307,0,-1,0
4308,-1,-1,4308,2497,2987,2869,3903,4213,1586,0,0,0,0,4308,0,-1,0
4309,-1,-1,4309,2498,2988,-1,3904,4214,1587,0,0,0,0,4309,0,-1,0
4310,-1,-1,4310,2499,2989,2870,3905,4215,1587,0,0,0,0,4310,0,-1,0
4311,-1,-1,4311,2499,2990,2871,3906,4216,-1,0,0,0,0,4311,0,-1,0
4312,-1,-1,4312,2500,2991,2872,3907,4217,1587,0,0,0,0,4312,0,-1,0
4313,-1,-1,4313,-1,2992,2873,3908,4218,1588,0,0,0,0,4313,0,-1,0
4314,-1,-1,4314,2501,2993,-1,3909,4219,-1,0,0,0,0,4314,0,-1,0
4315,-1,-1,4315,2502,2994,2874,3910,4220,-1,0,0,0,0,4315,0,-1,0
4316,-1,-1,4316,2503,2995,2875,3911,4221,1589,0,0,0,0,4316,0,-1,0
4317,-1,-1,4317,2504,-1,-1,3912,4222,-1,0,0,0,0,4317,0,-1,0
4318,-1,-1,4318,2505,2996,-1,3913,4223,1589,0,0,0,0,4318,0,-1,0
4319,-1,-1,4319,2505,2997,2876,3914,4224,1590,0,0,0,0,4319,0,-1,0
4320,-1,-1,4320,2506,2998,2877,3915,4225,1591,0,0,0,0,4320,0,-1,0
4321,-1,-1,4321,2507,2999,2878,3916,4226,1592,0,0,0,0,4321,0,-1,0
4322,-1,-1,4322,2508,3000,-1,3917,4227,-1,0,0,0,0,4322,0,-1,0
4323,-1,-1,4323,2509,3000,2879,3918,4228,1593,0,0,0,0,4323,0,-1,0
4324,-1,-1,4324,-1,-1,-1,3919,4229,-1,0,0,0,0,4324,0,-1,0
4325,-1,-1,4325,-1,-1,-1,3919,4230,1594,0,0,0,0,4325,0,-1,0
4326,-1,-1,4326,-1,3001,2880,3920,4231,1594,0,0,0,0,4326,0,-1,0
4327,-1,-1,4327,2510,3002,2881,3921,4232,-1,0,0,0,0,4327,0,-1,0
4328,-1,-1,4328,-1,3003,2882,3922,4233,1594,0,0,0,0,4328,0,-1,0
4329,-1,-1,4329,2511,3004,2883,3923,4234,-1,0,0,0,0,4329,0,-1,0
4330,-1,-1,4330,2512,3005,2884,3924,4235,1594,0,0,0,0,4330,0,-1,0
4331,-1,-1,4331,2513,3006,2885,3925,4236,-1,0,0,0,0,4331,0,-1,0
4332,-1,-1,4332,2513,3006,2886,3926,4237,1594,0,0,0,0,4332,0,-1,0
4333,-1,-1,4333,2514,3007,2887,3927,4238,1594,0,0,0,0,4333,0,-1,0
4334,-1,-1,4334,2515,3007,2888,3928,4239,1594,0,0,0,0,4334,0,-1,0
4335,-1,-1,4335,2516,3008,2889,3929,4240,-1,0,0,0,0,4335,0,-1,0
4336,-1,-1,4336,2517,3009,2890,3930,4241,1595,0,0,0,0,4336,0,-1,0
4337,-1,-1,4337,2518,-1,-1,3931,4242,-1,0,0,0,0,4337,0,-1,0
4338,-1,-1,4338,2519,3010,2891,3932,4243,1596,0,0,0,0,4338,0,-1,0
4339,-1,-1,4339,2520,3011,2892,3933,4244,1597,0,0,0,0,4339,0,-1,0
4340,-1,-1,4340,-1,3012,2893,3934,4245,1598,0,0,0,0,4340,0,-1,0
4341,-1,-1,4341,-1,-1,-1,3935,4246,-1,0,0,0,0,4341,0,-1,0
4342,-1,-1,4342,-1,3013,2894,-1,4247,1599,0,0,0,0,4342,0,-1,0
4343,-1,-1,4343,-1,3014,2895,3936,4248,1600,0,0,0,0,4343,0,-1,0
4344,-1,-1,4344,2521,3015,2896,3937,4249,1600,0,0,0,0,4344,0,-1,0
4345,-1,-1,4345,2522,3016,-1,3938,4250,1600,0,0,0,0,4345,0,-1,0
4346,-1,-1,4346,2523,3017,2897,3939,4251,1600,0,0,0,0,4346,0,-1,0
4347,-1,-1,4347,2524,3018,2897,3940,4252,1600,0,0,0,0,4347,0,-1,0
4348,-1,-1,4348,2525,3019,2898,3941,4253,1600,0,0,0,0,4348,0,-1,0
4349,-1,-1,4349,2526,3020,2899,3942,4254,1600,0,0,0,0,4349,0,-1,0
4350,-1,-1,4350,-1,3021,2900,3943,4255,1601,0,0,0,0,4350,0,-1,0
4351,-1,-1,4351,2527,3021,2901,3943,4256,1602,0,0,0,0,4351,0,-1,0
4352,-1,-1,4352,2528,3022,-1,3944,4257,1603,0,0,0,0,4352,0,-1,0
4353,-1,-1,4353,2529,-1,-1,3945,4258,1604,0,0,0,0,4353,0,-1,0
4354,-1,-1,4354,-1,3023,2902,3946,4259,-1,0,0,0,0,4354,0,-1,0
4355,-1,-1,4355,2530,3024,-1,3947,4260,1604,0,0,0,0,4355,0,-1,0
4356,-1,-1,4356,-1,3024,-1,3948,4261,-1,0,0,0,0,4356,0,-1,0
4357,-1,-1,4357,-1,3025,2903,3949,4262,-1,0,0,0,0,4357,0,-1,0
4358,-1,-1,4358,2531,3026,2904,3950,4263,1604,0,0,0,0,4358,0,-1,0
4359,-1,-1,4359,2532,3027,-1,3951,4264,1605,0,0,0,0,4359,0,-1,0
4360,-1,-1,4360,2533,3028,2905,3952,4265,1606,0,0,0,0,4360,0,-1,0
4361,-1,-1,4361,2534,3029,-1,3953,4266,1606,0,0,0,0,4361,0,-1,0
4362,-1,-1,4362,-1,-1,-1,3954,4267,-1,0,0,0,0,4362,0,-1,0
4363,-1,-1,4363,-1,3030,2906,3955,4268,-1,0,0,0,0,4363,0,-1,0
4364,-1,-1,4364,2534,3031,2907,3956,4269,-1,0,0,0,0,4364,0,-1,0
4365,-1,-1,4365,2535,3031,2908,3956,4269,-1,0,0,0,0,4365,0,-1,0
4366,-1,-1,4366,2536,3032,2909,3957,4270,1607,0,0,0,0,4366,0,-1,0
4367,-1,-1,4367,2537,3033,2910,3958,4271,-1,0,0,0,0,4367,0,-1,0
4368,-1,-1,4368,-1,3034,2911,3959,4272,1608,0,0,0,0,4368,0,-1,0
4369,-1,-1,4369,2538,3035,-1,3960,4273,1609,0,0,0,0,4369,0,-1,0
4370,-1,-1,4370,-1,3036,2912,3961,4274,-1,0,0,0,0,4370,0,-1,0
4371,-1,-1,4371,-1,3037,2913,3962,4275,1610,0,0,0,0,4371,0,-1,0
4372,-1,-1,4372,2539,3038,2914,3963,4276,1611,0,0,0,0,4372,0,-1,0
4373,-1,-1,4373,-1,-1,-1,3964,4277,-1,0,0,0,0,4373,0,-1,0
4374,-1,-1,4374,2540,3038,2915,3965,4278,1612,0,0,0,0,4374,0,-1,0
4375,-1,-1,4375,2541,3039,2916,3966,4279,-1,0,0,0,0,4375,0,-1,0
4376,-1,-1,4376,2542,-1,2917,3966,4280,1613,0,0,0,0,4376,0,-1,0
4377,-1,-1,4377,2543,3040,2918,3967,4281,1614,0,0,0,0,4377,0,-1,0
4378,-1,-1,4378,-1,-1,-1,3968,4282,1614,0,0,0,0,4378,0,-1,0
4379,-1,-1,4379,-1,-1,-1,3969,4283,1614,0,0,0,0,4379,0,-1,0
4380,-1,-1,4380,2544,3040,2919,3970,4284,1614,0,0,0,0,4380,0,-1,0
4381,-1,-1,4381,2544,3041,2920,3971,4285,1614,0,0,0,0,4381,0,-1,0
4382,-1,-1,4382,2545,3041,-1,3972,4286,1615,0,0,0,0,4382,0,-1,0
4383,-1,-1,4383,2546,3042,2921,3973,4287,-1,0,0,0,0,4383,0,-1,0
4384,-1,-1,4384,-1,3043,-1,3974,4288,-1,0,0,0,0,4384,0,-1,0
4385,-1,-1,4385,2547,3044,2922,3975,4289,1616,0,0,0,0,4385,0,-1,0
4386,-1,-1,4386,2548,3044,2923,3976,4290,1617,0,0,0,0,4386,0,-1,0
4387,-1,-1,4387,2549,3044,2924,3977,4291,1617,0,0,0,0,4387,0,-1,0
4388,-1,-1,4388,2550,3045,2925,3978,4292,1617,0,0,0,0,4388,0,-1,0
4389,-1,-1,4389,2551,3046,2926,3979,4293,1617,0,0,0,0,4389,0,-1,0
4390,-1,-1,4390,2552,3047,2927,3980,4294,1618,0,0,0,0,4390,0,-1,0
4391,-1,-1,4391,-1,-1,-1,3981,4295,1618,0,0,0,0,4391,0,-1,0
4392,-1,-1,4392,2553,3048,2928,3982,4296,1619,0,0,0,0,4392,0,-1,0
4393,-1,-1,4393,2554,3049,2929,3983,4297,1620,0,0,0,0,4393,0,-1,0
4394,-1,-1,4394,2555,3050,2930,3984,4298,1621,0,0,0,0,4394,0,-1,0
4395,-1,-1,4395,-1,3051,2931,3985,4299,-1,0,0,0,0,4395,0,-1,0
4396,-1,-1,4396,2556,3052,-1,3986,4300,1621,0,0,0,0,4396,0,-1,0
4397,-1,-1,4397,2557,3053,2932,3987,4301,1621,0,0,0,0,4397,0,-1,0
4398,-1,-1,4398,2558,3054,-1,3988,4302,1621,0,0,0,0,4398,0,-1,0
4399,-1,-1,4399,2559,3055,2933,3989,4303,-1,0,0,0,0,4399,0,-1,0
4400,-1,-1,4400,2560,-1,-1,3990,4304,1621,0,0,0,0,4400,0,-1,0
4401,-1,-1,4401,-1,3056,2934,3991,4305,-1,0,0,0,0,4401,0,-1,0
4402,-1,-1,4402,2561,3057,2935,3992,4306,-1,0,0,0,0,4402,0,-1,0
4403,-1,-1,4403,2561,3058,2936,3993,4307,1622,0,0,0,0,4403,0,-1,0
4404,-1,-1,4404,-1,-1,-1,3994,4308,1623,0,0,0,0,4404,0,-1,0
4405,-1,-1,4405,2561,3059,2937,3995,4309,-1,0,0,0,0,4405,0,-1,0
4406,-1,-1,4406,2561,3059,2938,3996,4310,-1,0,0,0,0,4406,0,-1,0
4407,-1,-1,4407,-1,3060,2939,3997,4311,1624,0,0,0,0,4407,0,-1,0
4408,-1,-1,4408,-1,3060,2940,3998,4312,1625,0,0,0,0,4408,0,-1,0
4409,-1,-1,4409,2562,-1,-1,3999,4313,1625,0,0,0,0,4409,0,-1,0
4410,-1,-1,4410,-1,3061,-1,4000,4314,1625,0,0,0,0,4410,0,-1,0
4411,-1,-1,4411,2563,3062,2941,4001,4315,1625,0,0,0,0,4411,0,-1,0
4412,-1,-1,4412,2563,3063,2942,4002,4316,1625,0,0,0,0,4412,0,-1,0
4413,-1,-1,4413,2564,3064,-1,4003,4317,-1,0,0,0,0,4413,0,-1,0
4414,-1,-1,4414,-1,3064,2942,4004,4318,1626,0,0,0,0,4414,0,-1,0
4415,-1,-1,4415,-1,3064,-1,4005,4319,-1,0,0,0,0,4415,0,-1,0
4416,-1,-1,4416,-1,-1,-1,4006,4320,-1,0,0,0,0,4416,0,-1,0
4417,-1,-1,4417,2565,-1,2943,4007,4321,-1,0,0,0,0,4417,0,-1,0
4418,-1,-1,4418,-1,3065,2944,4008,4322,1627,0,0,0,0,4418,0,-1,0
4419,-1,-1,4419,2566,3065,2945,4009,4323,1627,0,0,0,0,4419,0,-1,0
4420,-1,-1,4420,-1,-1,-1,4010,4324,-1,0,0,0,0,4420,0,-1,0
4421,-1,-1,4421,2567,3066,2946,4010,4325,1627,0,0,0,0,4421,0,-1,0
4422,-1,-1,4422,2568,3066,2947,4010,4325,1627,0,0,0,0,4422,0,-1,0
4423,-1,-1,4423,2568,3066,2948,4010,4326,1628,0,0,0,0,4423,0,-1,0
4424,-1,-1,4424,2569,3066,2949,4010,4327,1628,0,0,0,0,4424,0,-1,0
4425,-1,-1,4425,2570,-1,2949,4011,4328,1629,0,0,0,0,4425,0,-1,0
4426,-1,-1,4426,2571,3067,2950,4012,4329,1630,0,0,0,0,4426,0,-1,0
4427,-1,-1,4427,2572,3068,2951,4013,4330,1631,0,0,0,0,4427,0,-1,0
4428,-1,-1,4428,2572,-1,-1,4014,4331,1632,0,0,0,0,4428,0,-1,0
4429,-1,-1,4429,2573,-1,-1,4015,4332,1633,0,0,0,0,4429,0,-1,0
4430,-1,-1,4430,-1,3069,2952,4016,4333,1634,0,0,0,0,4430,0,-1,0
4431,-1,-1,4431,2574,3069,-1,4017,4334,-1,0,0,0,0,4431,0,-1,0
4432,-1,-1,4432,2575,3069,2953,4018,4335,1635,0,0,0,0,4432,0,-1,0
4433,-1,-1,4433,2576,-1,-1,4019,4336,1635,0,0,0,0,4433,0,-1,0
4434,-1,-1,4434,-1,-1,-1,4020,4337,-1,0,0,0,0,4434,0,-1,0
4435,-1,-1,4435,2577,3069,2954,4021,4338,1636,0,0,0,0,4435,0,-1,0
4436,-1,-1,4436,2578,3070,2955,4022,4339,1637,0,0,0,0,4436,0,-1,0
4437,-1,-1,4437,-1,3071,-1,4023,4340,1638,0,0,0,0,4437,0,-1,0
4438,-1,-1,4438,2579,3072,2956,4024,4341,-1,0,0,0,0,4438,0,-1,0
4439,-1,-1,4439,2580,3073,2957,4025,4342,-1,0,0,0,0,4439,0,-1,0
4440,-1,-1,4440,2581,3074,2958,4026,4343,-1,0,0,0,0,4440,0,-1,0
4441,-1,-1,4441,2582,3074,2958,4027,4344,-1,0,0,0,0,4441,0,-1,0
4442,-1,-1,4442,2583,3074,2959,4028,4345,1639,0,0,0,0,4442,0,-1,0
4443,-1,-1,4443,-1,-1,-1,4029,4346,-1,0,0,0,0,4443,0,-1,0
4444,-1,-1,4444,-1,3074,2960,4030,4347,1640,0,0,0,0,4444,0,-1,0
4445,-1,-1,4445,2584,3075,2961,4031,4348,-1,0,0,0,0,4445,0,-1,0
4446,-1,-1,4446,2584,3076,2962,4032,4349,1641,0,0,0,0,4446,0,-1,0
4447,-1,-1,4447,2585,3077,2962,4033,4350,-1,0,0,0,0,4447,0,-1,0
4448,-1,-1,4448,2586,3078,2963,4034,4351,1641,0,0,0,0,4448,0,-1,0
4449,-1,28,4449,-1,3079,-1,4035,4352,1641,0,0,0,0,4449,0,-1,0
4450,-1,-1,4450,2587,3080,2964,4036,4353,-1,0,0,0,0,4450,0,-1,0
4451,-1,-1,4451,2588,3081,2965,4037,4354,-1,0,0,0,0,4451,0,-1,0
4452,-1,-1,4452,-1,3082,2966,4037,4354,-1,0,0,0,0,4452,0,-1,0
4453,-1,-1,4453,2589,3083,2967,4038,4355,-1,0,0,0,0,4453,0,-1,0
4454,-1,-1,4454,2590,3084,2968,4039,4356,-1,0,0,0,0,4454,0,-1,0
4455,-1,-1,4455,2591,3084,2969,4040,4357,-1,0,0,0,0,4455,0,-1,0
4456,-1,-1,4456,2592,3085,2970,4041,4358,1642,0,0,0,0,4456,0,-1,0
4457,-1,-1,4457,2592,3086,2971,4042,4359,1643,0,0,0,0,4457,0,-1,0
4458,-1,-1,4458,2593,3087,2972,4043,4360,1644,0,0,0,0,4458,0,-1,0
4459,-1,-1,4459,2594,3088,2973,4044,4361,-1,0,0,0,0,4459,0,-1,0
4460,-1,-1,4460,-1,-1,2974,4045,4362,1645,0,0,0,0,4460,0,-1,0
4461,-1,-1,4461,2595,3089,2975,4046,4363,1645,0,0,0,0,4461,0,-1,0
4462,-1,-1,4462,-1,3090,2976,4047,4364,1645,0,0,0,0,4462,0,-1,0
4463,-1,-1,4463,2596,3091,2976,4047,4365,1646,0,0,0,0,4463,0,-1,0
4464,-1,-1,4464,2597,3091,2977,4048,4366,1647,0,0,0,0,4464,0,-1,0
4465,-1,-1,4465,-1,3092,2977,4049,4367,1648,0,0,0,0,4465,0,-1,0
4466,-1,-1,4466,2598,3093,2978,4050,4368,1649,0,0,0,0,4466,0,-1,0
4467,-1,-1,4467,2599,-1,2979,4051,4369,-1,0,0,0,0,4467,0,-1,0
4468,-1,-1,4468,2600,3094,-1,4052,4370,-1,0,0,0,0,4468,0,-1,0
4469,-1,-1,4469,-1,-1,-1,4053,4371,1650,0,0,0,0,4469,0,-1,0
4470,-1,-1,4470,2601,-1,2980,4054,4372,1651,0,0,0,0,4470,0,-1,0
4471,-1,-1,4471,2602,3095,2981,4055,4373,-1,0,0,0,0,4471,0,-1,0
4472,-1,-1,4472,2603,3096,2982,4056,4374,1652,0,0,0,0,4472,0,-1,0
4473,-1,-1,4473,2604,3097,2983,4057,4375,-1,0,0,0,0,4473,0,-1,0
4474,-1,-1,4474,2605,3098,2984,4058,4376,1652,0,0,0,0,4474,0,-1,0
4475,-1,-1,4475,2606,3099,2985,4058,4377,1653,0,0,0,0,4475,0,-1,0
4476,-1,-1,4476,2607,3100,2986,4059,4378,1654,0,0,0,0,4476,0,-1,0
4477,-1,-1,4477,2608,3100,2987,4060,4379,-1,0,0,0,0,4477,0,-1,0
4478,-1,-1,4478,2609,3101,2988,4061,4380,-1,0,0,0,0,4478,0,-1,0
4479,-1,-1,4479,2610,3102,2989,4062,4381,1655,0,0,0,0,4479,0,-1,0
4480,-1,-1,4480,2611,3102,2990,4063,4382,-1,0,0,0,0,4480,0,-1,0
4481,-1,-1,4481,2612,3103,2991,4063,4383,1656,0,0,0,0,4481,0,-1,0
4482,-1,-1,4482,2613,3104,2992,4064,4384,1657,0,0,0,0,4482,0,-1,0
4483,-1,-1,4483,2614,3105,2993,4065,4385,1658,0,0,0,0,4483,0,-1,0
4484,-1,-1,4484,2615,3105,2994,4065,4386,-1,0,0,0,0,4484,0,-1,0
4485,-1,-1,4485,2615,3106,2995,4066,4387,1659,0,0,0,0,4485,0,-1,0
4486,-1,-1,4486,2616,3107,2996,-1,4388,-1,0,0,0,0,4486,0,-1,0
4487,-1,-1,4487,2616,3108,2997,4067,4389,1660,0,0,0,0,4487,0,-1,0
4488,-1,-1,4488,2617,3109,2998,4068,4390,-1,0,0,0,0,4488,0,-1,0
4489,-1,-1,4489,2618,3110,2999,4069,4391,1661,0,0,0,0,4489,0,-1,0
4490,-1,-1,4490,-1,-1,-1,4070,4392,-1,0,0,0,0,4490,0,-1,0
4491,-1,-1,4491,-1,-1,-1,4071,4393,-1,0,0,0,0,4491,0,-1,0
4492,-1,-1,4492,-1,-1,-1,4072,4394,-1,0,0,0,0,4492,0,-1,0
4493,-1,-1,4493,2619,3111,3000,4073,4395,-1,0,0,0,0,4493,0,-1,0
4494,-1,-1,4494,2620,3112,3000,4074,4396,1662,0,0,0,0,4494,0,-1,0
4495,-1,-1,4495,2621,3113,3001,4075,4397,1663,0,0,0,0,4495,0,-1,0
4496,-1,-1,4496,-1,3113,3002,4076,4398,-1,0,0,0,0,4496,0,-1,0
4497,-1,-1,4497,-1,3114,-1,4077,4399,-1,0,0,0,0,4497,0,-1,0
4498,-1,-1,4498,2622,3115,3003,4078,4400,1664,0,0,0,0,4498,0,-1,0
4499,-1,-1,4499,2623,3116,-1,4079,4401,-1,0,0,0,0,4499,0,-1,0
4500,-1,-1,4500,-1,3117,3003,4080,4402,1665,0,0,0,0,4500,0,-1,0
4501,-1,-1,4501,2624,3118,3004,4081,4403,1666,0,0,0,0,4501,0,-1,0
4502,-1,-1,4502,-1,3119,3005,4082,4404,1667,0,0,0,0,4502,0,-1,0
4503,-1,-1,4503,2625,3120,3006,4083,4405,-1,0,0,0,0,4503,0,-1,0
4504,-1,-1,4504,-1,3121,3007,4084,4406,1668,0,0,0,0,4504,0,-1,0
4505,-1,-1,4505,2625,3122,3008,4085,4407,1669,0,0,0,0,4505,0,-1,0
4506,-1,-1,4506,-1,-1,-1,4086,4408,-1,0,0,0,0,4506,0,-1,0
4507,-1,-1,4507,2626,3123,3009,4087,4409,1670,0,0,0,0,4507,0,-1,0
4508,-1,-1,4508,2627,3124,3010,4088,4410,1670,0,0,0,0,4508,0,-1,0
4509,-1,-1,4509,2628,3125,3011,4089,4411,1670,0,0,0,0,4509,0,-1,0
4510,-1,-1,4510,2628,3126,3012,4090,4412,1671,0,0,0,0,4510,0,-1,0
4511,-1,-1,4511,-1,-1,-1,4091,4413,1672,0,0,0,0,4511,0,-1,0
4512,-1,-1,4512,2628,3127,-1,4092,4414,1672,0,0,0,0,4512,0,-1,0
4513,-1,-1,4513,2629,-1,-1,4093,4415,1673,0,0,0,0,4513,0,-1,0
4514,-1,-1,4514,2630,3127,3013,4094,4416,1674,0,0,0,0,4514,0,-1,0
4515,-1,-1,4515,-1,-1,3014,4095,4417,1674,0,0,0,0,4515,0,-1,0
4516,-1,-1,4516,-1,-1,-1,-1,4418,-1,0,0,0,0,4516,0,-1,0
4517,-1,-1,4517,2631,-1,-1,4096,4419,1674,0,0,0,0,4517,0,-1,0
4518,-1,-1,4518,-1,-1,-1,4097,4420,1675,0,0,0,0,4518,0,-1,0
4519,-1,-1,4519,2632,3127,3015,4098,4421,1676,0,0,0,0,4519,0,-1,0
4520,-1,-1,4520,2633,3128,3016,4099,4422,1676,0,0,0,0,4520,0,-1,0
4521,-1,-1,4521,2634,3129,3016,4100,4423,1676,0,0,0,0,4521,0,-1,0
4522,-1,-1,4522,2635,3130,-1,4101,4424,1676,0,0,0,0,4522,0,-1,0
4523,-1,-1,4523,2636,3131,3017,4102,4425,1677,0,0,0,0,4523,0,-1,0
4524,-1,-1,4524,2636,-1,-1,4103,4426,1678,0,0,0,0,4524,0,-1,0
4525,-1,-1,4525,2637,3132,3018,4104,4427,1679,0,0,0,0,4525,0,-1,0
4526,-1,-1,4526,2638,3133,3019,4105,4428,1680,0,0,0,0,4526,0,-1,0
4527,-1,-1,4527,2638,3133,3020,4106,4429,1680,0,0,0,0,4527,0,-1,0
4528,-1,-1,4528,2639,-1,-1,4107,4430,1680,0,0,0,0,4528,0,-1,0
4529,-1,-1,4529,2640,3134,3021,-1,4431,1681,0,0,0,0,4529,0,-1,0
4530,-1,-1,4530,2641,3135,3022,4108,4432,-1,0,0,0,0,4530,0,-1,0
4531,-1,-1,4531,2642,3136,3023,4109,4433,1682,0,0,0,0,4531,0,-1,0
4532,-1,-1,4532,2643,3137,3024,4110,4434,1683,0,0,0,0,4532,0,-1,0
4533,-1,-1,4533,2644,3138,3025,4111,4435,1683,0,0,0,0,4533,0,-1,0
4534,-1,-1,4534,2644,3138,3026,4112,4436,1683,0,0,0,0,4534,0,-1,0
4535,-1,-1,4535,2645,3138,3027,4113,4437,1683,0,0,0,0,4535,0,-1,0
4536,-1,-1,4536,-1,3138,3028,4114,4438,1683,0,0,0,0,4536,0,-1,0
4537,-1,-1,4537,2646,3139,3029,4115,4439,1684,0,0,0,0,4537,0,-1,0
4538,-1,-1,4538,-1,3140,3030,4116,4440,1685,0,0,0,0,4538,0,-1,0
4539,-1,-1,4539,-1,-1,-1,4117,4441,-1,0,0,0,0,4539,0,-1,0
4540,-1,-1,4540,2647,3141,-1,4118,4442,-1,0,0,0,0,4540,0,-1,0
4541,-1,-1,4541,-1,-1,-1,4119,4443,1686,0,0,0,0,4541,0,-1,0
4542,-1,-1,4542,-1,3142,3031,4120,4444,1687,0,0,0,0,4542,0,-1,0
4543,-1,-1,4543,-1,-1,3032,4121,4445,-1,0,0,0,0,4543,0,-1,0
4544,-1,-1,4544,2648,3143,3033,4122,4446,-1,0,0,0,0,4544,0,-1,0
4545,-1,-1,4545,2649,3144,3034,4122,4446,-1,0,0,0,0,4545,0,-1,0
4546,-1,-1,4546,-1,3145,3035,4123,4447,1687,0,0,0,0,4546,0,-1,0
4547,-1,-1,4547,2650,-1,-1,4124,4448,1687,0,0,0,0,4547,0,-1,0
4548,-1,-1,4548,2650,-1,-1,4125,4449,1688,0,0,0,0,4548,0,-1,0
4549,-1,-1,4549,-1,-1,-1,4126,4450,1689,0,0,0,0,4549,0,-1,0
4550,-1,-1,4550,2651,3146,3036,4127,4451,1690,0,0,0,0,4550,0,-1,0
4551,-1,29,4551,-1,-1,-1,4128,4452,-1,0,0,0,0,4551,0,-1,0
4552,-1,-1,4552,2652,3147,3037,4129,4453,-1,0,0,0,0,4552,0,-1,0
4553,-1,-1,4553,2653,3148,-1,4130,4454,1691,0,0,0,0,4553,0,-1,0
4554,-1,-1,4554,-1,3149,3038,4131,4455,-1,0,0,0,0,4554,0,-1,0
4555,-1,-1,4555,2654,3150,-1,4132,4456,-1,0,0,0,0,4555,0,-1,0
4556,-1,-1,4556,2655,3150,-1,4133,4457,-1,0,0,0,0,4556,0,-1,0
4557,-1,-1,4557,2656,-1,-1,4133,4458,1692,0,0,0,0,4557,0,-1,0
4558,-1,-1,4558,-1,-1,-1,4134,4459,-1,0,0,0,0,4558,0,-1,0
4559,-1,-1,4559,2657,3151,3039,4134,4460,1693,0,0,0,0,4559,0,-1,0
4560,-1,-1,4560,-1,-1,-1,4135,4461,1694,0,0,0,0,4560,0,-1,0
4561,-1,-1,4561,2658,3151,3040,4136,4462,1695,0,0,0,0,4561,0,-1,0
4562,-1,-1,4562,2658,3151,3041,4137,4463,-1,0,0,0,0,4562,0,-1,0
4563,-1,-1,4563,2659,3152,3042,4138,4464,1696,0,0,0,0,4563,0,-1,0
4564,-1,-1,4564,2660,3153,3043,4139,4465,-1,0,0,0,0,4564,0,-1,0
4565,-1,-1,4565,2661,3154,3044,4140,4466,1696,0,0,0,0,4565,0,-1,0
4566,-1,-1,4566,2662,3155,3045,4141,4467,1696,0,0,0,0,4566,0,-1,0
4567,-1,-1,4567,2663,3156,3046,4142,4468,1697,0,0,0,0,4567,0,-1,0
4568,-1,-1,4568,2664,3157,3047,4143,4469,1698,0,0,0,0,4568,0,-1,0
4569,-1,-1,4569,2665,3158,3048,4144,4470,1699,0,0,0,0,4569,0,-1,0
4570,-1,-1,4570,-1,-1,-1,4145,4471,-1,0,0,0,0,4570,0,-1,0
4571,-1,-1,4571,2666,3158,3049,4146,4472,1700,0,0,0,0,4571,0,-1,0
4572,-1,-1,4572,2667,3159,3050,4147,4473,1700,0,0,0,0,4572,0,-1,0
4573,-1,-1,4573,2668,3160,3051,4148,4474,1700,0,0,0,0,4573,0,-1,0
4574,-1,-1,4574,2669,3161,-1,4149,4475,1700,0,0,0,0,4574,0,-1,0
4575,-1,-1,4575,-1,-1,-1,4150,4476,1701,0,0,0,0,4575,0,-1,0
4576,-1,-1,4576,-1,-1,-1,4151,4477,1702,0,0,0,0,4576,0,-1,0
4577,-1,-1,4577,-1,3161,3052,4152,4478,1703,0,0,0,0,4577,0,-1,0
4578,-1,-1,4578,-1,3161,3053,4153,4479,1704,0,0,0,0,4578,0,-1,0
4579,-1,-1,4579,2670,3162,3053,4154,4480,1705,0,0,0,0,4579,0,-1,0
4580,-1,-1,4580,2670,3163,-1,4155,4481,1706,0,0,0,0,4580,0,-1,0
4581,-1,-1,4581,2671,3163,3054,4156,4482,-1,0,0,0,0,4581,0,-1,0
4582,-1,-1,4582,2671,3164,3054,4157,4483,1707,0,0,0,0,4582,0,-1,0
4583,-1,-1,4583,2672,3165,3055,4158,4484,1708,0,0,0,0,4583,0,-1,0
4584,-1,-1,4584,2673,3166,-1,4159,4485,1708,0,0,0,0,4584,0,-1,0
4585,-1,-1,4585,2674,3167,3056,4159,4486,-1,0,0,0,0,4585,0,-1,0
4586,-1,-1,4586,-1,-1,-1,4160,4487,-1,0,0,0,0,4586,0,-1,0
4587,-1,-1,4587,2674,-1,-1,4161,4488,-1,0,0,0,0,4587,0,-1,0
4588,-1,-1,4588,2674,3167,3057,4162,4489,-1,0,0,0,0,4588,0,-1,0
4589,-1,-1,4589,2674,3168,-1,4163,4490,-1,0,0,0,0,4589,0,-1,0
4590,-1,-1,4590,2675,3168,3058,4164,4491,-1,0,0,0,0,4590,0,-1,0
4591,-1,-1,4591,-1,3169,3059,4164,4491,-1,0,0,0,0,4591,0,-1,0
4592,-1,-1,4592,2676,3170,3060,4165,4492,1708,0,0,0,0,4592,0,-1,0
4593,-1,-1,4593,2677,3171,3061,4166,4493,1709,0,0,0,0,4593,0,-1,0
4594,-1,-1,4594,2678,3172,3062,4166,4494,1710,0,0,0,0,4594,0,-1,0
4595,-1,-1,4595,-1,-1,-1,4166,4495,-1,0,0,0,0,4595,0,-1,0
4596,-1,-1,4596,2678,3173,3063,4167,4496,1711,0,0,0,0,4596,0,-1,0
4597,-1,-1,4597,2679,3174,3064,4168,4497,1712,0,0,0,0,4597,0,-1,0
4598,-1,-1,4598,2680,-1,-1,4169,4498,-1,0,0,0,0,4598,0,-1,0
4599,-1,-1,4599,2681,3175,3065,4170,4499,1713,0,0,0,0,4599,0,-1,0
4600,-1,-1,4600,2682,3176,3066,4170,4500,1714,0,0,0,0,4600,0,-1,0
4601,-1,-1,4601,2682,3177,3067,4171,4501,1715,0,0,0,0,4601,0,-1,0
4602,-1,-1,4602,2683,3178,3068,4172,4502,1716,0,0,0,0,4602,0,-1,0
4603,-1,-1,4603,-1,3179,3069,4173,4503,1717,0,0,0,0,4603,0,-1,0
4604,-1,-1,4604,2684,3179,3070,4174,4504,1718,0,0,0,0,4604,0,-1,0
4605,-1,-1,4605,2685,3179,3071,-1,4505,1718,0,0,0,0,4605,0,-1,0
4606,-1,-1,4606,2686,3180,3072,4175,4506,1719,0,0,0,0,4606,0,-1,0
4607,-1,-1,4607,2687,-1,-1,4176,4507,-1,0,0,0,0,4607,0,-1,0
4608,-1,-1,4608,2688,3181,3073,4176,4507,-1,0,0,0,0,4608,0,-1,0
4609,-1,-1,4609,2689,3181,3074,4177,4508,1720,0,0,0,0,4609,0,-1,0
4610,-1,-1,4610,-1,3182,3075,4178,4509,1721,0,0,0,0,4610,0,-1,0
4611,-1,-1,4611,2690,3183,3076,4179,4510,-1,0,0,0,0,4611,0,-1,0
4612,-1,-1,4612,2691,3184,3077,4180,4511,1722,0,0,0,0,4612,0,-1,0
4613,-1,-1,4613,2692,3185,-1,4181,4512,1722,0,0,0,0,4613,0,-1,0
4614,-1,-1,4614,-1,3186,-1,4182,4513,1723,0,0,0,0,4614,0,-1,0
4615,-1,-1,4615,-1,3186,3078,4183,4514,1724,0,0,0,0,4615,0,-1,0
4616,-1,-1,4616,-1,3187,3079,4183,4515,1725,0,0,0,0,4616,0,-1,0
4617,-1,-1,4617,2692,3188,3080,4184,4516,-1,0,0,0,0,4617,0,-1,0
4618,-1,-1,4618,-1,3188,3081,4185,4517,1726,0,0,0,0,4618,0,-1,0
4619,-1,-1,4619,2693,3189,3082,4186,4518,-1,0,0,0,0,4619,0,-1,0
4620,-1,-1,4620,2694,3190,3083,4187,4519,-1,0,0,0,0,4620,0,-1,0
4621,-1,-1,4621,-1,-1,-1,4188,4520,1727,0,0,0,0,4621,0,-1,0
4622,-1,-1,4622,2694,3190,3084,4188,4521,-1,0,0,0,0,4622,0,-1,0
4623,-1,-1,4623,2694,3191,3085,4189,4522,-1,0,0,0,0,4623,0,-1,0
4624,-1,-1,4624,2695,3191,3086,4190,4523,-1,0,0,0,0,4624,0,-1,0
4625,-1,-1,4625,2696,-1,-1,4191,4524,1727,0,0,0,0,4625,0,-1,0
4626,-1,-1,4626,2697,3192,-1,4192,4525,1728,0,0,0,0,4626,0,-1,0
4627,-1,-1,4627,2698,3193,3087,4193,4526,-1,0,0,0,0,4627,0,-1,0
4628,-1,-1,4628,2698,-1,-1,4194,4527,-1,0,0,0,0,4628,0,-1,0
4629,-1,-1,4629,-1,-1,-1,4194,4527,-1,0,0,0,0,4629,0,-1,0
4630,-1,-1,4630,2699,3194,3088,4195,4528,1729,0,0,0,0,4630,0,-1,0
4631,-1,-1,4631,2700,3194,3089,4195,4529,-1,0,0,0,0,4631,0,-1,0
4632,-1,-1,4632,2701,3195,3090,4196,4530,1730,0,0,0,0,4632,0,-1,0
4633,-1,-1,4633,2702,-1,-1,4197,4531,1731,0,0,0,0,4633,0,-1,0
4634,-1,-1,4634,-1,-1,-1,4198,4532,1732,0,0,0,0,4634,0,-1,0
4635,-1,-1,4635,-1,3196,-1,4199,4533,1733,0,0,0,0,4635,0,-1,0
4636,-1,-1,4636,2702,3197,3091,4200,4534,-1,0,0,0,0,4636,0,-1,0
4637,-1,-1,4637,2703,-1,-1,4201,4535,-1,0,0,0,0,4637,0,-1,0
4638,-1,-1,4638,2704,3198,3092,4202,4536,1733,0,0,0,0,4638,0,-1,0
4639,-1,-1,4639,2704,3198,3093,4203,4537,-1,0,0,0,0,4639,0,-1,0
4640,-1,-1,4640,2705,3198,3094,4204,4538,1733,0,0,0,0,4640,0,-1,0
4641,-1,-1,4641,-1,3199,3095,4205,4539,-1,0,0,0,0,4641,0,-1,0
4642,-1,-1,4642,2706,3200,3096,4206,4540,1733,0,0,0,0,4642,0,-1,0
4643,-1,-1,4643,-1,3201,-1,4207,4541,-1,0,0,0,0,4643,0,-1,0
4644,-1,-1,4644,2707,3201,3097,4208,4542,-1,0,0,0,0,4644,0,-1,0
4645,-1,-1,4645,-1,-1,-1,4209,4543,1733,0,0,0,0,4645,0,-1,0
4646,-1,-1,4646,2708,3202,3098,4210,4544,-1,0,0,0,0,4646,0,-1,0
4647,-1,-1,4647,2709,3203,3099,4211,4545,-1,0,0,0,0,4647,0,-1,0
4648,-1,-1,4648,2710,3204,3100,4211,4545,-1,0,0,0,0,4648,0,-1,0
4649,-1,-1,4649,2710,3205,3101,4212,4546,-1,0,0,0,0,4649,0,-1,0
4650,-1,-1,4650,2710,3206,3102,4213,4547,1733,0,0,0,0,4650,0,-1,0
4651,-1,-1,4651,2710,3206,3102,4214,4548,1733,0,0,0,0,4651,0,-1,0
4652,-1,-1,4652,-1,3207,-1,4215,4549,1734,0,0,0,0,4652,0,-1,0
4653,-1,-1,4653,-1,-1,-1,4215,4550,1735,0,0,0,0,4653,0,-1,0
4654,-1,-1,4654,2711,3207,3103,4215,4551,-1,0,0,0,0,4654,0,-1,0
4655,-1,-1,4655,-1,-1,-1,4216,4552,1735,0,0,0,0,4655,0,-1,0
4656,-1,-1,4656,2712,3208,3104,4217,4553,-1,0,0,0,0,4656,0,-1,0
4657,-1,-1,4657,2713,-1,3105,4218,4554,-1,0,0,0,0,4657,0,-1,0
4658,-1,-1,4658,2713,3209,3106,4219,4555,1736,0,0,0,0,4658,0,-1,0
4659,-1,-1,4659,2713,3209,3107,4220,4556,1737,0,0,0,0,4659,0,-1,0
4660,-1,-1,4660,2714,3209,3108,4221,4557,1738,0,0,0,0,4660,0,-1,0
4661,-1,-1,4661,-1,3209,3109,4222,4558,1739,0,0,0,0,4661,0,-1,0
4662,-1,-1,4662,2715,3210,3110,4223,4559,1739,0,0,0,0,4662,0,-1,0
4663,-1,-1,4663,-1,3211,3111,4224,4560,1739,0,0,0,0,4663,0,-1,0
4664,-1,-1,4664,2716,3212,3112,4225,4561,1739,0,0,0,0,4664,0,-1,0
4665,-1,-1,4665,2717,3213,3112,4226,4562,-1,0,0,0,0,4665,0,-1,0
4666,-1,-1,4666,2718,3213,3113,4227,4563,1739,0,0,0,0,4666,0,-1,0
4667,-1,-1,4667,-1,-1,-1,4228,4564,1739,0,0,0,0,4667,0,-1,0
4668,-1,-1,4668,2718,3214,3114,4229,4565,-1,0,0,0,0,4668,0,-1,0
4669,-1,-1,4669,2719,3215,3115,4230,4566,1739,0,0,0,0,4669,0,-1,0
4670,-1,-1,4670,2720,3216,3116,4231,4567,1739,0,0,0,0,4670,0,-1,0
4671,-1,-1,4671,2721,3217,3117,4232,4568,1739,0,0,0,0,4671,0,-1,0
4672,-1,-1,4672,2722,3218,3118,4233,4569,1739,0,0,0,0,4672,0,-1,0
4673,-1,-1,4673,2722,3219,3119,4234,4570,1739,0,0,0,0,4673,0,-1,0
4674,-1,-1,4674,2723,3220,-1,4235,4571,-1,0,0,0,0,4674,0,-1,0
4675,-1,-1,4675,-1,3221,3120,4236,4572,-1,0,0,0,0,4675,0,-1,0
4676,-1,30,4676,-1,-1,-1,4237,4573,-1,0,0,0,0,4676,0,-1,0
4677,-1,-1,4677,2724,3222,3121,4238,4574,1739,0,0,0,0,4677,0,-1,0
4678,-1,-1,4678,2725,3223,3121,4239,4575,-1,0,0,0,0,4678,0,-1,0
4679,-1,-1,4679,2726,3224,-1,4240,4576,1740,0,0,0,0,4679,0,-1,0
4680,-1,-1,4680,2727,3224,3122,4241,4577,-1,0,0,0,0,4680,0,-1,0
4681,-1,-1,4681,-1,3225,3123,4242,4578,1741,0,0,0,0,4681,0,-1,0
4682,-1,-1,4682,2728,3225,3124,4243,4579,1741,0,0,0,0,4682,0,-1,0
4683,-1,-1,4683,-1,3226,-1,4244,4580,1741,0,0,0,0,4683,0,-1,0
4684,-1,-1,4684,2729,3226,3125,4245,4581,1741,0,0,0,0,4684,0,-1,0
4685,-1,-1,4685,2730,3227,3126,4246,4582,1742,0,0,0,0,4685,0,-1,0
4686,-1,-1,4686,-1,3228,3127,4247,4583,1743,0,0,0,0,4686,0,-1,0
4687,-1,-1,4687,2731,3228,3127,4248,4584,1743,0,0,0,0,4687,0,-1,0
4688,-1,-1,4688,2731,3229,3128,4249,4585,1743,0,0,0,0,4688,0,-1,0
4689,-1,-1,4689,-1,-1,3129,4250,4586,-1,0,0,0,0,4689,0,-1,0
4690,-1,-1,4690,2732,3230,3130,4251,4587,1744,0,0,0,0,4690,0,-1,0
4691,-1,-1,4691,2732,3231,-1,4252,4588,-1,0,0,0,0,4691,0,-1,0
4692,-1,-1,4692,-1,3232,-1,4253,4589,-1,0,0,0,0,4692,0,-1,0
4693,-1,-1,4693,2733,3233,-1,4254,4590,1745,0,0,0,0,4693,0,-1,0
4694,-1,-1,4694,2734,3234,3131,4255,4591,-1,0,0,0,0,4694,0,-1,0
4695,-1,-1,4695,-1,-1,-1,4256,4592,1746,0,0,0,0,4695,0,-1,0
4696,-1,-1,4696,2735,3235,3132,4257,4593,1747,0,0,0,0,4696,0,-1,0
4697,-1,-1,4697,-1,3236,-1,4258,4594,1748,0,0,0,0,4697,0,-1,0
4698,-1,-1,4698,2736,3237,3133,4259,4595,1748,0,0,0,0,4698,0,-1,0
4699,-1,-1,4699,-1,3238,3134,4260,4596,1748,0,0,0,0,4699,0,-1,0
4700,-1,-1,4700,2737,3239,3135,4261,4597,1748,0,0,0,0,4700,0,-1,0
4701,-1,-1,4701,2738,3240,3136,4262,4598,-1,0,0,0,0,4701,0,-1,0
4702,-1,-1,4702,-1,-1,-1,4263,4599,1748,0,0,0,0,4702,0,-1,0
4703,-1,-1,4703,2739,3241,-1,4264,4600,1749,0,0,0,0,4703,0,-1,0
4704,-1,-1,4704,-1,-1,-1,4265,4601,1750,0,0,0,0,4704,0,-1,0
4705,-1,-1,4705,2740,3242,3137,4266,4602,1751,0,0,0,0,4705,0,-1,0
4706,-1,-1,4706,2741,3242,3138,4267,4603,1751,0,0,0,0,4706,0,-1,0
4707,-1,-1,4707,2742,3243,3139,4268,4604,-1,0,0,0,0,4707,0,-1,0
4708,-1,-1,4708,2743,3243,3140,4269,4605,-1,0,0,0,0,4708,0,-1,0
4709,-1,-1,4709,2744,3243,3141,4270,4606,1751,0,0,0,0,4709,0,-1,0
4710,-1,-1,4710,2744,3244,3142,4271,4607,-1,0,0,0,0,4710,0,-1,0
4711,-1,-1,4711,2745,-1,-1,4272,4608,1751,0,0,0,0,4711,0,-1,0
4712,-1,-1,4712,2746,3245,3143,4273,4609,1752,0,0,0,0,4712,0,-1,0
4713,-1,-1,4713,2746,-1,3144,4274,4610,1753,0,0,0,0,4713,0,-1,0
4714,-1,-1,4714,2747,3246,3145,4275,4611,1754,0,0,0,0,4714,0,-1,0
4715,-1,-1,4715,2748,3247,3146,4276,4612,1754,0,0,0,0,4715,0,-1,0
4716,-1,-1,4716,-1,3248,3147,4277,4613,1755,0,0,0,0,4716,0,-1,0
4717,-1,-1,4717,-1,-1,-1,4278,4614,1756,0,0,0,0,4717,0,-1,0
4718,-1,-1,4718,-1,-1,-1,4279,4615,1756,0,0,0,0,4718,0,-1,0
4719,-1,-1,4719,2749,3249,-1,4280,4616,1756,0,0,0,0,4719,0,-1,0
4720,-1,-1,4720,-1,3250,-1,4281,4617,1757,0,0,0,0,4720,0,-1,0
4721,-1,-1,4721,-1,3251,3148,4282,4618,1758,0,0,0,0,4721,0,-1,0
4722,-1,-1,4722,2750,3252,3149,4283,4619,-1,0,0,0,0,4722,0,-1,0
4723,-1,-1,4723,2751,3253,3150,4284,4620,1759,0,0,0,0,4723,0,-1,0
4724,-1,-1,4724,2752,3253,3151,4285,4621,1760,0,0,0,0,4724,0,-1,0
4725,-1,-1,4725,2753,3254,3152,4286,4622,-1,0,0,0,0,4725,0,-1,0
4726,-1,-1,4726,2754,3255,3153,4287,4623,1760,0,0,0,0,4726,0,-1,0
4727,-1,-1,4727,-1,-1,-1,4288,4624,-1,0,0,0,0,4727,0,-1,0
4728,-1,-1,4728,2754,3256,3154,4288,4624,-1,0,0,0,0,4728,0,-1,0
4729,-1,-1,4729,-1,3257,3155,4289,4625,-1,0,0,0,0,4729,0,-1,0
4730,-1,-1,4730,-1,-1,-1,4290,4626,1760,0,0,0,0,4730,0,-1,0
4731,-1,-1,4731,2755,3257,3156,4291,4627,1760,0,0,0,0,4731,0,-1,0
4732,-1,-1,4732,2756,3258,3157,4292,4628,-1,0,0,0,0,4732,0,-1,0
4733,-1,-1,4733,2757,3259,3158,4293,4629,1761,0,0,0,0,4733,0,-1,0
4734,-1,-1,4734,2758,3260,-1,4294,4630,-1,0,0,0,0,4734,0,-1,0
4735,-1,-1,4735,2758,3261,3158,4295,4631,-1,0,0,0,0,4735,0,-1,0
4736,-1,-1,4736,2758,3262,3159,4296,4632,1762,0,0,0,0,4736,0,-1,0
4737,-1,-1,4737,2759,3263,3160,4297,4633,1762,0,0,0,0,4737,0,-1,0
4738,-1,-1,4738,2760,3264,-1,4298,4634,1762,0,0,0,0,4738,0,-1,0
4739,-1,-1,4739,-1,3265,3161,4299,4635,1763,0,0,0,0,4739,0,-1,0
4740,-1,-1,4740,2761,3265,3161,4300,4636,1764,0,0,0,0,4740,0,-1,0
4741,-1,-1,4741,-1,3266,3161,4301,4637,-1,0,0,0,0,4741,0,-1,0
4742,-1,-1,4742,2762,3267,3162,4302,4638,1765,0,0,0,0,4742,0,-1,0
4743,-1,-1,4743,2763,-1,-1,4303,4639,-1,0,0,0,0,4743,0,-1,0
4744,-1,-1,4744,2764,3268,3163,4304,4640,1766,0,0,0,0,4744,0,-1,0
4745,-1,-1,4745,2765,3269,-1,4305,4641,1767,0,0,0,0,4745,0,-1,0
4746,-1,-1,4746,2766,3270,3164,4306,4642,1768,0,0,0,0,4746,0,-1,0
4747,-1,-1,4747,2766,3271,-1,4306,4643,-1,0,0,0,0,4747,0,-1,0
4748,-1,-1,4748,2766,3272,3165,4307,4644,1769,0,0,0,0,4748,0,-1,0
4749,-1,-1,4749,2767,-1,3166,4307,4645,-1,0,0,0,0,4749,0,-1,0
4750,-1,-1,4750,2768,3273,3167,4307,4645,-1,0,0,0,0,4750,0,-1,0
4751,-1,-1,4751,2769,3273,3168,4307,4645,-1,0,0,0,0,4751,0,-1,0
4752,-1,-1,4752,2769,3274,3168,4308,4646,1770,0,0,0,0,4752,0,-1,0
4753,-1,-1,4753,2770,3275,3169,4309,4647,-1,0,0,0,0,4753,0,-1,0
4754,-1,-1,4754,2771,3276,3170,4310,4648,1771,0,0,0,0,4754,0,-1,0
4755,-1,-1,4755,2772,3277,3171,4311,4649,1772,0,0,0,0,4755,0,-1,0
4756,-1,-1,4756,2773,3278,3172,4311,4650,1772,0,0,0,0,4756,0,-1,0
4757,-1,-1,4757,2774,3279,3173,4312,4651,1773,0,0,0,0,4757,0,-1,0
4758,-1,-1,4758,2774,3280,3174,4313,4652,1774,0,0,0,0,4758,0,-1,0
4759,-1,-1,4759,2775,-1,-1,4314,4653,1774,0,0,0,0,4759,0,-1,0
4760,-1,-1,4760,2776,3281,3174,4315,4654,1774,0,0,0,0,4760,0,-1,0
4761,-1,-1,4761,2777,3282,3175,4316,4655,1774,0,0,0,0,4761,0,-1,0
4762,-1,-1,4762,2777,3283,3176,4317,4656,-1,0,0,0,0,4762,0,-1,0
4763,-1,-1,4763,-1,-1,-1,4318,4657,-1,0,0,0,0,4763,0,-1,0
4764,-1,-1,4764,2778,3284,3177,4319,4658,1774,0,0,0,0,4764,0,-1,0
4765,-1,-1,4765,-1,-1,3178,4320,4659,-1,0,0,0,0,4765,0,-1,0
4766,-1,-1,4766,2779,3285,3179,4321,4660,1775,0,0,0,0,4766,0,-1,0
4767,-1,-1,4767,2780,3286,3180,4322,4661,1776,0,0,0,0,4767,0,-1,0
4768,-1,-1,4768,-1,-1,-1,4323,4662,-1,0,0,0,0,4768,0,-1,0
4769,-1,-1,4769,2781,3287,3181,4324,4663,1777,0,0,0,0,4769,0,-1,0
4770,-1,-1,4770,2782,3288,-1,4325,4664,1778,0,0,0,0,4770,0,-1,0
4771,-1,-1,4771,2783,3289,-1,4326,4665,-1,0,0,0,0,4771,0,-1,0
4772,-1,-1,4772,-1,-1,-1,4327,4666,-1,0,0,0,0,4772,0,-1,0
4773,-1,-1,4773,2784,3290,3182,4328,4667,-1,0,0,0,0,4773,0,-1,0
4774,-1,-1,4774,2785,3291,3183,4329,4668,-1,0,0,0,0,4774,0,-1,0
4775,-1,-1,4775,2786,3291,3184,4330,4669,1778,0,0,0,0,4775,0,-1,0
4776,-1,-1,4776,2787,3292,3185,4331,4670,1778,0,0,0,0,4776,0,-1,0
4777,-1,-1,4777,2788,3293,3186,4332,4671,1779,0,0,0,0,4777,0,-1,0
4778,-1,-1,4778,-1,3294,3187,4333,4672,1780,0,0,0,0,4778,0,-1,0
4779,-1,-1,4779,-1,-1,-1,4334,4673,1781,0,0,0,0,4779,0,-1,0
4780,-1,-1,4780,2788,3295,3188,4335,4674,1782,0,0,0,0,4780,0,-1,0
4781,-1,-1,4781,2789,3296,3189,4336,4675,1782,0,0,0,0,4781,0,-1,0
4782,-1,-1,4782,2790,3297,3190,4337,4676,1782,0,0,0,0,4782,0,-1,0
4783,-1,-1,4783,-1,3298,3191,4338,4677,-1,0,0,0,0,4783,0,-1,0
4784,-1,-1,4784,2791,3298,3192,4339,4678,1782,0,0,0,0,4784,0,-1,0
4785,-1,-1,4785,2791,3299,3192,4340,4679,-1,0,0,0,0,4785,0,-1,0
4786,-1,-1,4786,-1,-1,-1,4341,4680,-1,0,0,0,0,4786,0,-1,0
4787,-1,-1,4787,2792,3300,3193,4342,4681,1782,0,0,0,0,4787,0,-1,0
4788,-1,-1,4788,2793,3301,3194,4343,4682,1782,0,0,0,0,4788,0,-1,0
4789,-1,-1,4789,-1,-1,-1,4344,4683,-1,0,0,0,0,4789,0,-1,0
4790,-1,-1,4790,2794,3302,-1,4345,4684,-1,0,0,0,0,4790,0,-1,0
4791,-1,-1,4791,2794,3302,3195,4346,4685,1783,0,0,0,0,4791,0,-1,0
4792,-1,-1,4792,2795,-1,-1,4347,4686,1784,0,0,0,0,4792,0,-1,0
4793,-1,-1,4793,2796,3303,3196,4348,4687,1784,0,0,0,0,4793,0,-1,0
4794,-1,-1,4794,2797,3304,3197,4349,4688,1784,0,0,0,0,4794,0,-1,0
4795,-1,-1,4795,2798,3305,3198,4349,4688,1784,0,0,0,0,4795,0,-1,0
4796,-1,-1,4796,2799,3305,3199,4350,4689,1784,0,0,0,0,4796,0,-1,0
4797,-1,-1,4797,2800,3306,3200,4351,4690,1784,0,0,0,0,4797,0,-1,0
4798,-1,-1,4798,-1,-1,-1,4351,4691,-1,0,0,0,0,4798,0,-1,0
4799,-1,-1,4799,2801,3307,-1,4352,4692,-1,0,0,0,0,4799,0,-1,0
4800,-1,-1,4800,2802,3308,3201,4353,4693,-1,0,0,0,0,4800,0,-1,0
4801,-1,-1,4801,2803,3308,3202,4353,4693,-1,0,0,0,0,4801,0,-1,0
4802,-1,-1,4802,2803,-1,3203,4354,4694,-1,0,0,0,0,4802,0,-1,0
4803,-1,-1,4803,2803,3309,3204,4354,4695,1784,0,0,0,0,4803,0,-1,0
4804,-1,-1,4804,2803,3309,3205,4355,4696,1785,0,0,0,0,4804,0,-1,0
4805,-1,-1,4805,2804,3310,3206,4356,4697,1786,0,0,0,0,4805,0,-1,0
4806,-1,-1,4806,2805,3311,3207,4356,4698,1787,0,0,0,0,4806,0,-1,0
4807,-1,-1,4807,2806,3312,-1,4357,4699,-1,0,0,0,0,4807,0,-1,0
4808,-1,-1,4808,-1,3312,3208,4357,4700,1787,0,0,0,0,4808,0,-1,0
4809,-1,-1,4809,2807,3313,3209,4358,4701,-1,0,0,0,0,4809,0,-1,0
4810,-1,-1,4810,2808,3314,3210,4359,4702,1787,0,0,0,0,4810,0,-1,0
4811,-1,-1,4811,2809,3315,3211,4360,4703,1788,0,0,0,0,4811,0,-1,0
4812,-1,-1,4812,-1,3316,3211,4361,4704,-1,0,0,0,0,4812,0,-1,0
4813,-1,-1,4813,-1,-1,3212,4362,4705,1789,0,0,0,0,4813,0,-1,0
4814,-1,-1,4814,-1,-1,3212,4363,4706,-1,0,0,0,0,4814,0,-1,0
4815,-1,-1,4815,-1,-1,-1,4364,4707,-1,0,0,0,0,4815,0,-1,0
4816,-1,-1,4816,2810,3317,-1,4365,4708,-1,0,0,0,0,4816,0,-1,0
4817,-1,-1,4817,2811,3318,3213,4366,4709,1790,0,0,0,0,4817,0,-1,0
4818,-1,-1,4818,2812,3319,3214,4367,4710,1790,0,0,0,0,4818,0,-1,0
4819,-1,-1,4819,2813,3320,3215,4368,4711,-1,0,0,0,0,4819,0,-1,0
4820,-1,-1,4820,2814,3321,3216,4369,4712,1790,0,0,0,0,4820,0,-1,0
4821,-1,-1,4821,-1,3322,3217,4370,4713,-1,0,0,0,0,4821,0,-1,0
4822,-1,-1,4822,-1,3323,3218,4371,4714,-1,0,0,0,0,4822,0,-1,0
4823,-1,-1,4823,2815,3324,3219,4372,4715,1790,0,0,0,0,4823,0,-1,0
4824,-1,-1,4824,-1,3325,3220,4373,4716,1790,0,0,0,0,4824,0,-1,0
4825,-1,-1,4825,2816,3326,3220,4374,4717,1790,0,0,0,0,4825,0,-1,0
4826,-1,-1,4826,-1,-1,-1,4375,4718,-1,0,0,0,0,4826,0,-1,0
4827,-1,-1,4827,2817,3327,3221,4375,4718,-1,0,0,0,0,4827,0,-1,0
4828,-1,-1,4828,-1,3328,3222,4375,4719,1790,0,0,0,0,4828,0,-1,0
4829,-1,-1,4829,2818,3329,3222,4376,4720,-1,0,0,0,0,4829,0,-1,0
4830,-1,-1,4830,2819,3330,3223,4377,4721,1790,0,0,0,0,4830,0,-1,0
4831,-1,-1,4831,-1,-1,-1,4378,4722,-1,0,0,0,0,4831,0,-1,0
4832,-1,-1,4832,-1,3331,-1,4379,4723,-1,0,0,0,0,4832,0,-1,0
4833,-1,-1,4833,-1,3332,-1,4380,4724,1791,0,0,0,0,4833,0,-1,0
4834,-1,-1,4834,-1,-1,-1,4381,4725,1792,0,0,0,0,4834,0,-1,0
4835,-1,-1,4835,2820,3333,3224,4382,4726,1792,0,0,0,0,4835,0,-1,0
4836,-1,-1,4836,-1,-1,3225,4383,4727,1793,0,0,0,0,4836,0,-1,0
4837,-1,-1,4837,-1,3333,3226,4384,4728,1793,0,0,0,0,4837,0,-1,0
4838,-1,-1,4838,-1,-1,-1,4385,4729,-1,0,0,0,0,4838,0,-1,0
4839,-1,-1,4839,2821,3334,3226,4386,4730,1793,0,0,0,0,4839,0,-1,0
4840,-1,-1,4840,2822,-1,-1,4387,4731,-1,0,0,0,0,4840,0,-1,0
4841,-1,-1,4841,-1,3335,3227,4388,4732,1794,0,0,0,0,4841,0,-1,0
4842,-1,-1,4842,2823,3336,-1,4389,4733,1795,0,0,0,0,4842,0,-1,0
4843,-1,-1,4843,2824,3337,3228,4390,4734,1795,0,0,0,0,4843,0,-1,0
4844,-1,-1,4844,2824,3338,3229,4391,4735,-1,0,0,0,0,4844,0,-1,0
4845,-1,-1,4845,2825,3339,3230,4392,4736,-1,0,0,0,0,4845,0,-1,0
4846,-1,-1,4846,2826,3340,3231,4393,4737,-1,0,0,0,0,4846,0,-1,0
4847,-1,-1,4847,-1,3340,-1,4394,4738,1795,0,0,0,0,4847,0,-1,0
4848,-1,-1,4848,-1,3340,-1,4395,4739,1796,0,0,0,0,4848,0,-1,0
4849,-1,-1,4849,2827,3341,3232,4396,4740,1797,0,0,0,0,4849,0,-1,0
4850,-1,-1,4850,-1,3342,3233,4397,4741,1797,0,0,0,0,4850,0,-1,0
4851,-1,-1,4851,-1,-1,-1,4398,4742,1798,0,0,0,0,4851,0,-1,0
4852,-1,-1,4852,-1,3343,3234,4399,4743,-1,0,0,0,0,4852,0,-1,0
4853,-1,-1,4853,2828,3344,3235,4400,4744,1799,0,0,0,0,4853,0,-1,0
4854,-1,-1,4854,2829,3345,3236,4401,4745,1799,0,0,0,0,4854,0,-1,0
4855,-1,-1,4855,-1,3345,3237,4402,4746,1799,0,0,0,0,4855,0,-1,0
4856,-1,-1,4856,2829,3346,3238,4403,4747,1799,0,0,0,0,4856,0,-1,0
4857,-1,-1,4857,2830,3347,3239,4404,4748,1800,0,0,0,0,4857,0,-1,0
4858,-1,-1,4858,-1,3348,3240,4405,4749,1801,0,0,0,0,4858,0,-1,0
4859,-1,-1,4859,2831,3349,3241,4406,4750,-1,0,0,0,0,4859,0,-1,0
4860,-1,-1,4860,2832,-1,-1,-1,4751,-1,0,0,0,0,4860,0,-1,0
4861,-1,-1,4861,2833,3350,-1,4407,4752,-1,0,0,0,0,4861,0,-1,0
4862,-1,-1,4862,2834,3350,3242,4408,4753,1802,0,0,0,0,4862,0,-1,0
4863,-1,-1,4863,2835,3351,3243,4409,4754,1803,0,0,0,0,4863,0,-1,0
4864,-1,-1,4864,-1,3352,3244,4410,4755,1803,0,0,0,0,4864,0,-1,0
4865,-1,-1,4865,2836,3352,3245,4411,4756,1804,0,0,0,0,4865,0,-1,0
4866,-1,-1,4866,2837,3353,3246,4412,4757,1805,0,0,0,0,4866,0,-1,0
4867,-1,-1,4867,2838,3353,3247,4413,4758,1806,0,0,0,0,4867,0,-1,0
4868,-1,-1,4868,2839,3354,-1,4414,4759,-1,0,0,0,0,4868,0,-1,0
4869,-1,-1,4869,-1,-1,-1,4415,4760,1807,0,0,0,0,4869,0,-1,0
4870,-1,-1,4870,2840,3355,3248,4416,4761,-1,0,0,0,0,4870,0,-1,0
4871,-1,-1,4871,2840,3356,3249,4416,4762,1808,0,0,0,0,4871,0,-1,0
4872,-1,-1,4872,2841,3357,3250,4417,4763,1809,0,0,0,0,4872,0,-1,0
4873,-1,-1,4873,-1,-1,-1,4418,4764,1810,0,0,0,0,4873,0,-1,0
4874,-1,-1,4874,-1,3358,3251,4419,4765,1810,0,0,0,0,4874,0,-1,0
4875,-1,-1,4875,-1,3359,-1,4420,4766,-1,0,0,0,0,4875,0,-1,0
4876,-1,-1,4876,2842,3360,3252,4421,4767,1811,0,0,0,0,4876,0,-1,0
4877,-1,-1,4877,2843,3361,3253,4422,4768,-1,0,0,0,0,4877,0,-1,0
4878,-1,-1,4878,2844,3362,3253,4423,4769,1812,0,0,0,0,4878,0,-1,0
4879,-1,-1,4879,2845,-1,-1,4424,4770,-1,0,0,0,0,4879,0,-1,0
4880,-1,-1,4880,-1,-1,-1,4425,4771,1812,0,0,0,0,4880,0,-1,0
4881,-1,-1,4881,2846,3363,3254,4426,4772,-1,0,0,0,0,4881,0,-1,0
4882,-1,-1,4882,2847,3364,3255,4427,4773,1812,0,0,0,0,4882,0,-1,0
4883,-1,-1,4883,2848,3365,3256,4428,4774,-1,0,0,0,0,4883,0,-1,0
4884,-1,-1,4884,-1,3366,3257,4429,4775,1813,0,0,0,0,4884,0,-1,0
4885,-1,-1,4885,2849,3367,3258,4430,4776,1814,0,0,0,0,4885,0,-1,0
4886,-1,-1,4886,2850,3367,3259,4431,4777,-1,0,0,0,0,4886,0,-1,0
4887,-1,-1,4887,-1,3367,3259,4432,4778,1814,0,0,0,0,4887,0,-1,0
4888,-1,-1,4888,2851,3368,3260,4433,4779,1815,0,0,0,0,4888,0,-1,0
4889,-1,-1,4889,2852,3369,3261,4434,4780,-1,0,0,0,0,4889,0,-1,0
4890,-1,-1,4890,2853,3370,3262,4435,4781,1816,0,0,0,0,4890,0,-1,0
4891,-1,-1,4891,2853,3371,3263,4436,4782,-1,0,0,0,0,4891,0,-1,0
4892,-1,-1,4892,2854,3372,3264,4437,4783,-1,0,0,0,0,4892,0,-1,0
4893,-1,-1,4893,2855,-1,-1,4438,4784,-1,0,0,0,0,4893,0,-1,0
4894,-1,-1,4894,-1,-1,3264,4439,4785,-1,0,0,0,0,4894,0,-1,0
4895,-1,-1,4895,2856,3373,3264,4440,4786,1817,0,0,0,0,4895,0,-1,0
4896,-1,-1,4896,2857,3373,3265,4440,4787,1818,0,0,0,0,4896,0,-1,0
4897,-1,-1,4897,-1,3374,3266,4441,4788,1819,0,0,0,0,4897,0,-1,0
4898,-1,-1,4898,-1,3375,-1,4442,4789,1820,0,0,0,0,4898,0,-1,0
4899,-1,-1,4899,-1,3376,3267,4443,4790,1821,0,0,0,0,4899,0,-1,0
4900,-1,-1,4900,2858,3376,-1,4444,4791,1821,0,0,0,0,4900,0,-1,0
4901,-1,-1,4901,-1,3377,3268,4445,4792,1821,0,0,0,0,4901,0,-1,0
4902,-1,-1,4902,2859,3378,3269,4446,4793,1821,0,0,0,0,4902,0,-1,0
4903,-1,-1,4903,2860,3379,3270,4447,4794,1822,0,0,0,0,4903,0,-1,0
4904,-1,-1,4904,2861,3379,3271,4448,4795,1823,0,0,0,0,4904,0,-1,0
4905,-1,-1,4905,-1,3379,3272,4449,4796,1824,0,0,0,0,4905,0,-1,0
4906,-1,-1,4906,-1,3380,3273,4450,4797,1825,0,0,0,0,4906,0,-1,0
4907,-1,-1,4907,2862,3381,-1,4451,4798,1826,0,0,0,0,4907,0,-1,0
4908,-1,-1,4908,2863,3382,3273,4452,4799,1827,0,0,0,0,4908,0,-1,0
4909,-1,-1,4909,-1,3382,3274,4453,4800,1827,0,0,0,0,4909,0,-1,0
4910,-1,-1,4910,-1,-1,-1,4454,4801,-1,0,0,0,0,4910,0,-1,0
4911,-1,-1,4911,-1,3383,-1,4455,4802,1827,0,0,0,0,4911,0,-1,0
4912,-1,-1,4912,2864,3384,3275,4456,4803,1827,0,0,0,0,4912,0,-1,0
4913,-1,-1,4913,-1,3384,3276,4457,4804,1827,0,0,0,0,4913,0,-1,0
4914,-1,-1,4914,2864,3385,3277,4458,4805,-1,0,0,0,0,4914,0,-1,0
4915,-1,-1,4915,-1,-1,-1,4459,4806,1828,0,0,0,0,4915,0,-1,0
4916,-1,-1,4916,2865,3386,3278,4460,4807,1829,0,0,0,0,4916,0,-1,0
4917,-1,-1,4917,2866,3387,3279,4461,4808,1830,0,0,0,0,4917,0,-1,0
4918,-1,-1,4918,2866,3388,-1,4461,4809,1830,0,0,0,0,4918,0,-1,0
4919,-1,-1,4919,2867,3389,3280,4462,4810,1830,0,0,0,0,4919,0,-1,0
4920,-1,-1,4920,2868,3389,3281,4463,4811,-1,0,0,0,0,4920,0,-1,0
4921,-1,-1,4921,2868,3390,3281,4464,4812,-1,0,0,0,0,4921,0,-1,0
4922,-1,-1,4922,2869,3391,3282,4465,4813,1831,0,0,0,0,4922,0,-1,0
4923,-1,-1,4923,-1,3392,3283,4466,4814,1832,0,0,0,0,4923,0,-1,0
4924,-1,-1,4924,-1,-1,-1,4467,4815,-1,0,0,0,0,4924,0,-1,0
4925,-1,-1,4925,2870,3393,3284,4468,4816,1832,0,0,0,0,4925,0,-1,0
4926,-1,-1,4926,2871,-1,3285,4469,4817,-1,0,0,0,0,4926,0,-1,0
4927,-1,-1,4927,-1,-1,-1,4470,4818,-1,0,0,0,0,4927,0,-1,0
4928,-1,-1,4928,2872,3394,3286,4471,4819,1832,0,0,0,0,4928,0,-1,0
4929,-1,-1,4929,-1,3395,3287,4472,4820,1832,0,0,0,0,4929,0,-1,0
4930,-1,-1,4930,2873,3396,3288,4473,4821,1833,0,0,0,0,4930,0,-1,0
4931,-1,-1,4931,2874,3396,3289,4474,4822,1834,0,0,0,0,4931,0,-1,0
4932,-1,-1,4932,-1,3397,3290,4475,4823,1835,0,0,0,0,4932,0,-1,0
4933,-1,-1,4933,2875,3398,3291,4476,4824,1835,0,0,0,0,4933,0,-1,0
4934,-1,-1,4934,2876,3399,3292,4477,4825,1835,0,0,0,0,4934,0,-1,0
4935,-1,-1,4935,-1,-1,-1,4478,4826,-1,0,0,0,0,4935,0,-1,0
4936,-1,-1,4936,2877,3400,3293,4479,4827,1835,0,0,0,0,4936,0,-1,0
4937,-1,-1,4937,2878,3401,3294,4480,4828,-1,0,0,0,0,4937,0,-1,0
4938,-1,-1,4938,2879,3402,3295,4481,4829,1836,0,0,0,0,4938,0,-1,0
4939,-1,-1,4939,-1,3403,3296,4482,4830,1837,0,0,0,0,4939,0,-1,0
4940,-1,-1,4940,2880,3404,3297,4483,4831,1837,0,0,0,0,4940,0,-1,0
4941,-1,-1,4941,2881,3405,-1,4484,4832,-1,0,0,0,0,4941,0,-1,0
4942,-1,-1,4942,2882,3406,3298,4485,4833,-1,0,0,0,0,4942,0,-1,0
4943,-1,-1,4943,2883,3407,3299,4486,4834,1837,0,0,0,0,4943,0,-1,0
4944,-1,-1,4944,2884,3408,3300,4486,4835,1837,0,0,0,0,4944,0,-1,0
4945,-1,-1,4945,2885,3409,3301,4487,4836,1838,0,0,0,0,4945,0,-1,0
4946,-1,-1,4946,2886,3410,3302,4488,4837,-1,0,0,0,0,4946,0,-1,0
4947,-1,-1,4947,2887,3411,3303,4489,4838,1839,0,0,0,0,4947,0,-1,0
4948,-1,-1,4948,2888,3412,-1,4490,4839,-1,0,0,0,0,4948,0,-1,0
4949,-1,-1,4949,2889,3413,3304,4491,4840,1840,0,0,0,0,4949,0,-1,0
4950,-1,-1,4950,2890,3414,-1,4492,4841,1841,0,0,0,0,4950,0,-1,0
4951,-1,-1,4951,2891,3415,3305,4493,4842,-1,0,0,0,0,4951,0,-1,0
4952,-1,-1,4952,2892,3416,3306,4494,4843,1841,0,0,0,0,4952,0,-1,0
4953,-1,-1,4953,-1,3417,3307,4495,4844,-1,0,0,0,0,4953,0,-1,0
4954,-1,-1,4954,2893,3418,3308,4496,4845,1842,0,0,0,0,4954,0,-1,0
4955,-1,-1,4955,2894,3419,3309,4497,4846,1843,0,0,0,0,4955,0,-1,0
4956,-1,-1,4956,2895,3420,3310,4498,4847,1843,0,0,0,0,4956,0,-1,0
4957,-1,-1,4957,2896,3421,-1,4499,4848,1843,0,0,0,0,4957,0,-1,0
4958,-1,-1,4958,2897,3422,3311,4500,4849,-1,0,0,0,0,4958,0,-1,0
4959,-1,-1,4959,2898,3423,3312,4501,4850,1843,0,0,0,0,4959,0,-1,0
4960,-1,-1,4960,2899,3424,3313,4502,4851,1843,0,0,0,0,4960,0,-1,0
4961,-1,-1,4961,2900,3424,3314,4503,4852,-1,0,0,0,0,4961,0,-1,0
4962,-1,-1,4962,-1,3425,3315,4504,4853,-1,0,0,0,0,4962,0,-1,0
4963,-1,-1,4963,-1,3426,3315,4505,4854,-1,0,0,0,0,4963,0,-1,0
4964,-1,-1,4964,2901,3427,3315,4506,4855,1844,0,0,0,0,4964,0,-1,0
4965,-1,-1,4965,-1,3428,-1,4507,4856,1845,0,0,0,0,4965,0,-1,0
4966,-1,-1,4966,-1,3429,-1,4508,4857,1846,0,0,0,0,4966,0,-1,0
4967,-1,-1,4967,2902,3430,3316,4509,4858,1846,0,0,0,0,4967,0,-1,0
4968,-1,-1,4968,-1,3431,3317,4510,4859,1847,0,0,0,0,4968,0,-1,0
4969,-1,-1,4969,2902,3432,3318,4511,4860,1847,0,0,0,0,4969,0,-1,0
4970,-1,-1,4970,2903,3433,3319,4512,4861,-1,0,0,0,0,4970,0,-1,0
4971,-1,-1,4971,2904,3434,3320,4513,4862,1847,0,0,0,0,4971,0,-1,0
4972,-1,-1,4972,2905,3435,-1,4514,4863,-1,0,0,0,0,4972,0,-1,0
4973,-1,-1,4973,-1,3436,3321,4515,4864,1847,0,0,0,0,4973,0,-1,0
4974,-1,-1,4974,2906,3436,3322,4516,4865,-1,0,0,0,0,4974,0,-1,0
4975,-1,-1,4975,2907,3436,3323,4517,4866,1848,0,0,0,0,4975,0,-1,0
4976,-1,-1,4976,-1,-1,-1,4518,4867,-1,0,0,0,0,4976,0,-1,0
4977,-1,-1,4977,2907,3437,3324,4519,4868,1849,0,0,0,0,4977,0,-1,0
4978,-1,-1,4978,2908,3437,3325,4520,4869,-1,0,0,0,0,4978,0,-1,0
4979,-1,-1,4979,2908,3438,3326,4521,4870,1849,0,0,0,0,4979,0,-1,0
4980,-1,-1,4980,2909,3439,3327,4521,4871,1849,0,0,0,0,4980,0,-1,0
4981,-1,-1,4981,-1,-1,-1,4522,4872,-1,0,0,0,0,4981,0,-1,0
4982,-1,-1,4982,-1,-1,3328,4522,4873,1849,0,0,0,0,4982,0,-1,0
4983,-1,-1,4983,2910,3439,3329,4523,4874,1849,0,0,0,0,4983,0,-1,0
4984,-1,-1,4984,2911,-1,-1,4524,4875,1849,0,0,0,0,4984,0,-1,0
4985,-1,-1,4985,2912,3440,-1,4525,4876,1849,0,0,0,0,4985,0,-1,0
4986,-1,-1,4986,2913,3441,3330,4526,4877,-1,0,0,0,0,4986,0,-1,0
4987,-1,-1,4987,2914,-1,-1,4527,4878,-1,0,0,0,0,4987,0,-1,0
4988,-1,-1,4988,2915,3442,3331,4528,4879,1850,0,0,0,0,4988,0,-1,0
4989,-1,-1,4989,2916,3443,3332,4528,4880,1851,0,0,0,0,4989,0,-1,0
4990,-1,-1,4990,2916,3444,3333,4529,4881,1852,0,0,0,0,4990,0,-1,0
4991,-1,-1,4991,2917,3444,3334,4530,4882,1852,0,0,0,0,4991,0,-1,0
4992,-1,-1,4992,2918,3445,3335,4531,4883,1853,0,0,0,0,4992,0,-1,0
4993,-1,-1,4993,2919,3446,3336,4532,4884,1854,0,0,0,0,4993,0,-1,0
4994,-1,-1,4994,2920,3447,3337,4533,4885,1855,0,0,0,0,4994,0,-1,0
4995,-1,-1,4995,2921,-1,-1,4534,4886,-1,0,0,0,0,4995,0,-1,0
4996,-1,-1,4996,2922,-1,3338,4535,4887,1856,0,0,0,0,4996,0,-1,0
4997,-1,-1,4997,2923,3448,3339,4536,4888,-1,0,0,0,0,4997,0,-1,0
4998,-1,-1,4998,2923,3449,3339,4537,4889,1857,0,0,0,0,4998,0,-1,0
4999,-1,-1,4999,2924,3450,3340,4537,4890,1858,0,0,0,0,4999,0,-1,0
5000,-1,-1,5000,2925,3451,3341,4537,4891,-1,0,0,0,0,5000,0,-1,0
5001,-1,-1,5001,2926,3452,3342,4537,4891,-1,0,0,0,0,5001,0,-1,0
5002,-1,-1,5002,2926,3453,3343,4537,4892,1859,0,0,0,0,5002,0,-1,0
5003,-1,-1,5003,2927,-1,3344,4538,4893,1860,0,0,0,0,5003,0,-1,0
5004,-1,-1,5004,2928,3453,3345,4539,4894,1861,0,0,0,0,5004,0,-1,0
5005,-1,-1,5005,2929,3453,3346,4540,4895,-1,0,0,0,0,5005,0,-1,0
5006,-1,-1,5006,2930,3454,3347,4540,4895,-1,0,0,0,0,5006,0,-1,0
5007,-1,-1,5007,-1,3455,3348,4541,4896,-1,0,0,0,0,5007,0,-1,0
5008,-1,-1,5008,2931,3456,3349,4542,4897,1862,0,0,0,0,5008,0,-1,0
5009,-1,-1,5009,2932,3456,3350,4543,4898,1863,0,0,0,0,5009,0,-1,0
5010,-1,-1,5010,2933,3456,3351,4544,4899,1863,0,0,0,0,5010,0,-1,0
5011,-1,-1,5011,2934,3457,3352,4545,4900,1863,0,0,0,0,5011,0,-1,0
5012,-1,-1,5012,2934,3458,3353,4546,4901,1863,0,0,0,0,5012,0,-1,0
5013,-1,-1,5013,2935,3459,3354,4547,4902,1864,0,0,0,0,5013,0,-1,0
5014,-1,-1,5014,2936,3460,3355,4548,4903,1865,0,0,0,0,5014,0,-1,0
5015,-1,-1,5015,2937,3461,3356,4549,4904,-1,0,0,0,0,5015,0,-1,0
5016,-1,-1,5016,2938,3462,3357,4550,4905,1865,0,0,0,0,5016,0,-1,0
5017,-1,-1,5017,2939,3463,3358,4551,4906,1866,0,0,0,0,5017,0,-1,0
5018,-1,-1,5018,-1,3464,3359,4552,4907,1867,0,0,0,0,5018,0,-1,0
5019,-1,-1,5019,2940,3465,3360,4553,4908,1867,0,0,0,0,5019,0,-1,0
5020,-1,-1,5020,2941,3466,3361,4554,4909,1867,0,0,0,0,5020,0,-1,0
5021,-1,-1,5021,2942,3467,3362,4555,4910,-1,0,0,0,0,5021,0,-1,0
5022,-1,-1,5022,2943,3468,3363,4556,4911,1868,0,0,0,0,5022,0,-1,0
5023,-1,-1,5023,2944,3469,3364,4557,4912,1869,0,0,0,0,5023,0,-1,0
5024,-1,-1,5024,2945,3470,3365,4558,4913,1870,0,0,0,0,5024,0,-1,0
5025,-1,-1,5025,-1,-1,-1,4559,4914,-1,0,0,0,0,5025,0,-1,0
5026,-1,-1,5026,-1,3471,-1,4560,4915,-1,0,0,0,0,5026,0,-1,0
5027,-1,31,5027,2946,3472,-1,4561,4916,-1,0,0,0,0,5027,0,-1,0
5028,-1,-1,5028,2947,3473,3366,4562,4917,-1,0,0,0,0,5028,0,-1,0
5029,-1,-1,5029,2948,-1,3367,4563,4918,-1,0,0,0,0,5029,0,-1,0
5030,-1,-1,5030,-1,3474,3368,4564,4919,-1,0,0,0,0,5030,0,-1,0
5031,-1,-1,5031,2949,3475,3369,4565,4920,1870,0,0,0,0,5031,0,-1,0
5032,-1,-1,5032,-1,3475,3370,4566,4921,1870,0,0,0,0,5032,0,-1,0
5033,-1,-1,5033,2950,3476,3371,4567,4922,1870,0,0,0,0,5033,0,-1,0
5034,-1,-1,5034,2951,3477,3372,4568,4923,1870,0,0,0,0,5034,0,-1,0
5035,-1,-1,5035,2951,3478,3373,4569,4924,-1,0,0,0,0,5035,0,-1,0
5036,-1,-1,5036,2952,3479,3374,4570,4925,-1,0,0,0,0,5036,0,-1,0
5037,-1,-1,5037,2953,3480,3375,4571,4926,1871,0,0,0,0,5037,0,-1,0
5038,-1,-1,5038,2953,3481,3376,4572,4927,1872,0,0,0,0,5038,0,-1,0
5039,-1,-1,5039,-1,3481,3377,4573,4928,1873,0,0,0,0,5039,0,-1,0
5040,-1,-1,5040,-1,3482,3378,4574,4929,1874,0,0,0,0,5040,0,-1,0
5041,-1,-1,5041,2953,3483,-1,4575,4930,1875,0,0,0,0,5041,0,-1,0
5042,-1,-1,5042,-1,3484,3379,4576,4931,-1,0,0,0,0,5042,0,-1,0
5043,-1,-1,5043,-1,-1,-1,4577,4932,-1,0,0,0,0,5043,0,-1,0
5044,-1,-1,5044,2954,3485,3380,4578,4933,-1,0,0,0,0,5044,0,-1,0
5045,-1,-1,5045,2954,3486,3380,4579,4934,-1,0,0,0,0,5045,0,-1,0
5046,-1,-1,5046,2955,3487,3381,4580,4935,1876,0,0,0,0,5046,0,-1,0
5047,-1,-1,5047,2956,3487,3382,4581,4936,1877,0,0,0,0,5047,0,-1,0
5048,-1,-1,5048,2957,3488,-1,4582,4937,-1,0,0,0,0,5048,0,-1,0
5049,-1,-1,5049,-1,3489,-1,4582,4938,1877,0,0,0,0,5049,0,-1,0
5050,-1,-1,5050,2958,3489,3383,4583,4939,1877,0,0,0,0,5050,0,-1,0
5051,-1,-1,5051,2959,-1,-1,4584,4940,-1,0,0,0,0,5051,0,-1,0
5052,-1,-1,5052,2960,3490,3384,4584,4941,1877,0,0,0,0,5052,0,-1,0
5053,-1,-1,5053,2961,-1,-1,4584,4941,1877,0,0,0,0,5053,0,-1,0
5054,-1,-1,5054,2962,3491,3385,4585,4942,-1,0,0,0,0,5054,0,-1,0
5055,-1,-1,5055,-1,-1,-1,4586,4943,-1,0,0,0,0,5055,0,-1,0
5056,-1,-1,5056,-1,-1,-1,4587,4944,1878,0,0,0,0,5056,0,-1,0
5057,-1,-1,5057,-1,-1,-1,4587,4945,-1,0,0,0,0,5057,0,-1,0
5058,-1,-1,5058,2963,3492,3386,4588,4946,1878,0,0,0,0,5058,0,-1,0
5059,-1,-1,5059,-1,3493,3387,4588,4947,1879,0,0,0,0,5059,0,-1,0
5060,-1,-1,5060,2964,3493,3388,4589,4948,1880,0,0,0,0,5060,0,-1,0
5061,-1,-1,5061,2965,-1,3389,4590,4949,-1,0,0,0,0,5061,0,-1,0
5062,-1,-1,5062,2966,3493,3390,4591,4950,-1,0,0,0,0,5062,0,-1,0
5063,-1,-1,5063,-1,3494,-1,4592,4951,1881,0,0,0,0,5063,0,-1,0
5064,-1,-1,5064,2967,3495,3391,4593,4952,1881,0,0,0,0,5064,0,-1,0
5065,-1,-1,5065,2968,3496,3392,4594,4953,-1,0,0,0,0,5065,0,-1,0
5066,-1,-1,5066,-1,-1,-1,4595,4954,1882,0,0,0,0,5066,0,-1,0
5067,-1,-1,5067,-1,-1,-1,4596,4955,-1,0,0,0,0,5067,0,-1,0
5068,-1,-1,5068,-1,-1,3393,4596,4955,-1,0,0,0,0,5068,0,-1,0
5069,-1,-1,5069,-1,3497,3394,4597,4956,-1,0,0,0,0,5069,0,-1,0
5070,-1,-1,5070,2969,3498,-1,4598,4957,-1,0,0,0,0,5070,0,-1,0
5071,-1,-1,5071,-1,3499,3395,4599,4958,1883,0,0,0,0,5071,0,-1,0
5072,-1,-1,5072,2970,3500,3396,4600,4959,1884,0,0,0,0,5072,0,-1,0
5073,-1,-1,5073,-1,3501,-1,4601,4960,-1,0,0,0,0,5073,0,-1,0
5074,-1,-1,5074,-1,3502,3396,4602,4961,-1,0,0,0,0,5074,0,-1,0
5075,-1,-1,5075,-1,3503,3397,4603,4962,1885,0,0,0,0,5075,0,-1,0
5076,-1,-1,5076,2971,3504,-1,4604,4963,1885,0,0,0,0,5076,0,-1,0
5077,-1,-1,5077,-1,3505,3398,4605,4964,1885,0,0,0,0,5077,0,-1,0
5078,-1,-1,5078,-1,3506,3399,4606,4965,-1,0,0,0,0,5078,0,-1,0
5079,-1,-1,5079,-1,-1,-1,4607,4966,-1,0,0,0,0,5079,0,-1,0
5080,-1,-1,5080,-1,3507,3400,4608,4967,1885,0,0,0,0,5080,0,-1,0
5081,-1,-1,5081,2972,-1,3401,4609,4968,1885,0,0,0,0,5081,0,-1,0
5082,-1,-1,5082,-1,3508,3402,4610,4969,1885,0,0,0,0,5082,0,-1,0
5083,-1,-1,5083,2973,3508,3402,4610,4969,1885,0,0,0,0,5083,0,-1,0
5084,-1,-1,5084,2974,3509,3403,4611,4970,1885,0,0,0,0,5084,0,-1,0
5085,-1,-1,5085,2975,3510,3404,4611,4971,1885,0,0,0,0,5085,0,-1,0
5086,-1,-1,5086,-1,-1,-1,4612,4972,-1,0,0,0,0,5086,0,-1,0
5087,-1,-1,5087,2976,3511,3405,4613,4973,1885,0,0,0,0,5087,0,-1,0
5088,-1,-1,5088,2977,3512,3406,4614,4974,-1,0,0,0,0,5088,0,-1,0
5089,-1,-1,5089,2977,3513,3407,4615,4975,1886,0,0,0,0,5089,0,-1,0
5090,-1,-1,5090,2977,3514,3408,4616,4976,-1,0,0,0,0,5090,0,-1,0
5091,-1,-1,5091,2977,3515,3409,4617,4977,1887,0,0,0,0,5091,0,-1,0
5092,-1,-1,5092,2978,3516,3410,4617,4978,1888,0,0,0,0,5092,0,-1,0
5093,-1,-1,5093,2979,3517,3411,4618,4979,-1,0,0,0,0,5093,0,-1,0
5094,-1,-1,5094,-1,3517,3412,4619,4980,1889,0,0,0,0,5094,0,-1,0
5095,-1,-1,5095,-1,3518,-1,4620,4981,1890,0,0,0,0,5095,0,-1,0
5096,-1,-1,5096,-1,3519,-1,4621,4982,-1,0,0,0,0,5096,0,-1,0
5097,-1,-1,5097,2980,3520,3413,4622,4983,-1,0,0,0,0,5097,0,-1,0
5098,-1,-1,5098,2981,3521,3414,4622,4984,1890,0,0,0,0,5098,0,-1,0
5099,-1,-1,5099,2982,-1,3415,4622,4985,-1,0,0,0,0,5099,0,-1,0
5100,-1,-1,5100,-1,3522,3416,4622,4986,1890,0,0,0,0,5100,0,-1,0
5101,-1,-1,5101,2983,3523,3417,4622,4987,-1,0,0,0,0,5101,0,-1,0
5102,-1,-1,5102,-1,-1,-1,4623,4988,-1,0,0,0,0,5102,0,-1,0
5103,-1,-1,5103,-1,3524,3418,4623,4989,1890,0,0,0,0,5103,0,-1,0
5104,-1,-1,5104,2984,3524,3419,4624,4990,-1,0,0,0,0,5104,0,-1,0
5105,-1,-1,5105,2985,3525,3419,4625,4991,-1,0,0,0,0,5105,0,-1,0
5106,-1,-1,5106,2985,3526,3420,4626,4992,1890,0,0,0,0,5106,0,-1,0
5107,-1,-1,5107,2986,3527,3421,4627,4993,1890,0,0,0,0,5107,0,-1,0
5108,-1,-1,5108,2987,3528,3422,4628,4994,1891,0,0,0,0,5108,0,-1,0
5109,-1,-1,5109,2988,3529,3423,4629,4995,1892,0,0,0,0,5109,0,-1,0
5110,-1,-1,5110,-1,3530,3423,4630,4996,-1,0,0,0,0,5110,0,-1,0
5111,-1,-1,5111,-1,3531,3424,4631,4997,-1,0,0,0,0,5111,0,-1,0
5112,-1,-1,5112,-1,-1,-1,4632,4998,-1,0,0,0,0,5112,0,-1,0
5113,-1,-1,5113,-1,3532,-1,4633,4999,1892,0,0,0,0,5113,0,-1,0
5114,-1,-1,5114,2989,3533,3425,4634,5000,1892,0,0,0,0,5114,0,-1,0
5115,-1,-1,5115,2990,3534,3426,4635,5001,1893,0,0,0,0,5115,0,-1,0
5116,-1,-1,5116,2991,3535,3427,4636,5002,1894,0,0,0,0,5116,0,-1,0
5117,-1,-1,5117,2992,3536,3428,4637,5003,1894,0,0,0,0,5117,0,-1,0
5118,-1,-1,5118,-1,3537,3429,4638,5004,1895,0,0,0,0,5118,0,-1,0
5119,-1,-1,5119,2992,-1,3430,4639,5005,-1,0,0,0,0,5119,0,-1,0
5120,-1,-1,5120,2993,-1,-1,4639,5006,1896,0,0,0,0,5120,0,-1,0
5121,-1,-1,5121,2994,3537,3431,4640,5007,-1,0,0,0,0,5121,0,-1,0
5122,-1,-1,5122,2995,-1,3432,4640,5007,-1,0,0,0,0,5122,0,-1,0
5123,-1,-1,5123,2996,3538,3433,4641,5008,-1,0,0,0,0,5123,0,-1,0
5124,-1,-1,5124,2997,3539,3434,4642,5009,1896,0,0,0,0,5124,0,-1,0
5125,-1,-1,5125,-1,3540,3434,4643,5010,1896,0,0,0,0,5125,0,-1,0
5126,-1,-1,5126,-1,3541,3435,4644,5011,1897,0,0,0,0,5126,0,-1,0
5127,-1,-1,5127,2998,3542,3436,4645,5012,-1,0,0,0,0,5127,0,-1,0
5128,-1,-1,5128,2999,3543,3436,4646,5013,1898,0,0,0,0,5128,0,-1,0
5129,-1,-1,5129,-1,3543,3437,4647,5014,-1,0,0,0,0,5129,0,-1,0
5130,-1,-1,5130,3000,3544,3438,4648,5015,-1,0,0,0,0,5130,0,-1,0
5131,-1,-1,5131,3001,3544,3439,4649,5016,-1,0,0,0,0,5131,0,-1,0
5132,-1,-1,5132,-1,-1,-1,4650,5017,-1,0,0,0,0,5132,0,-1,0
5133,-1,-1,5133,3002,3544,3440,4651,5018,1899,0,0,0,0,5133,0,-1,0
5134,-1,-1,5134,-1,-1,3441,4651,5019,-1,0,0,0,0,5134,0,-1,0
5135,-1,-1,5135,3003,3545,3442,4652,5020,1900,0,0,0,0,5135,0,-1,0
5136,-1,-1,5136,3004,3546,3442,4653,5021,1901,0,0,0,0,5136,0,-1,0
5137,-1,32,5137,-1,-1,-1,4654,5022,1902,0,0,0,0,5137,0,-1,0
5138,-1,-1,5138,3005,3547,3443,4655,5023,1903,0,0,0,0,5138,0,-1,0
5139,-1,-1,5139,3005,3548,3444,4656,5024,1904,0,0,0,0,5139,0,-1,0
5140,-1,-1,5140,-1,-1,-1,4657,5025,-1,0,0,0,0,5140,0,-1,0
5141,-1,-1,5141,-1,3549,3445,4658,5026,-1,0,0,0,0,5141,0,-1,0
5142,-1,-1,5142,3006,3550,3446,4658,5027,1904,0,0,0,0,5142,0,-1,0
5143,-1,-1,5143,3006,-1,3447,4659,5028,-1,0,0,0,0,5143,0,-1,0
5144,-1,-1,5144,3007,3550,3448,4660,5029,1904,0,0,0,0,5144,0,-1,0
5145,-1,-1,5145,3008,3551,3449,4661,5030,1904,0,0,0,0,5145,0,-1,0
5146,-1,-1,5146,3009,3552,3450,4662,5031,1905,0,0,0,0,5146,0,-1,0
5147,-1,-1,5147,3010,3553,-1,4663,5032,1906,0,0,0,0,5147,0,-1,0
5148,-1,-1,5148,3010,-1,-1,4664,5033,1906,0,0,0,0,5148,0,-1,0
5149,-1,-1,5149,-1,3554,3451,4665,5034,1906,0,0,0,0,5149,0,-1,0
5150,-1,-1,5150,3011,3554,3452,4666,5035,1906,0,0,0,0,5150,0,-1,0
5151,-1,-1,5151,3012,3555,3453,4667,5036,1907,0,0,0,0,5151,0,-1,0
5152,-1,-1,5152,3013,3556,3454,4668,5037,1908,0,0,0,0,5152,0,-1,0
5153,-1,-1,5153,3014,3557,-1,4669,5038,1908,0,0,0,0,5153,0,-1,0
5154,-1,-1,5154,3015,3558,3455,4670,5039,-1,0,0,0,0,5154,0,-1,0
5155,-1,-1,5155,3016,3559,3455,4671,5040,1909,0,0,0,0,5155,0,-1,0
5156,-1,-1,5156,3017,3560,3456,4672,5041,1910,0,0,0,0,5156,0,-1,0
5157,-1,-1,5157,3018,3561,3457,4673,5042,1911,0,0,0,0,5157,0,-1,0
5158,-1,-1,5158,-1,3561,3458,4674,5043,1912,0,0,0,0,5158,0,-1,0
5159,-1,-1,5159,3018,3561,3459,4675,5044,1912,0,0,0,0,5159,0,-1,0
5160,-1,-1,5160,3019,3561,3460,4676,5045,1912,0,0,0,0,5160,0,-1,0
5161,-1,-1,5161,3020,3562,3461,4677,5046,1912,0,0,0,0,5161,0,-1,0
5162,-1,-1,5162,3021,3563,3462,4678,5047,1913,0,0,0,0,5162,0,-1,0
5163,-1,-1,5163,3022,3564,3463,4679,5048,1914,0,0,0,0,5163,0,-1,0
5164,-1,-1,5164,3022,-1,-1,4679,5049,1915,0,0,0,0,5164,0,-1,0
5165,-1,-1,5165,3023,3565,3464,4680,5050,1916,0,0,0,0,5165,0,-1,0
5166,-1,-1,5166,3024,3565,3465,4681,5051,1916,0,0,0,0,5166,0,-1,0
5167,-1,-1,5167,-1,3566,3466,4682,5052,-1,0,0,0,0,5167,0,-1,0
5168,-1,-1,5168,3025,3567,3467,4683,5053,1916,0,0,0,0,5168,0,-1,0
5169,-1,-1,5169,3026,3568,3468,4684,5054,-1,0,0,0,0,5169,0,-1,0
5170,-1,-1,5170,3027,3569,3469,4685,5055,1916,0,0,0,0,5170,0,-1,0
5171,-1,-1,5171,3028,3570,3470,4686,5056,1916,0,0,0,0,5171,0,-1,0
5172,-1,-1,5172,3029,3570,3471,4687,5057,1916,0,0,0,0,5172,0,-1,0
5173,-1,-1,5173,3029,3571,3471,4688,5058,1916,0,0,0,0,5173,0,-1,0
5174,-1,-1,5174,-1,-1,-1,4689,5059,1916,0,0,0,0,5174,0,-1,0
5175,-1,-1,5175,3030,3572,3472,4690,5060,1916,0,0,0,0,5175,0,-1,0
5176,-1,-1,5176,3031,3573,-1,4691,5061,1917,0,0,0,0,5176,0,-1,0
5177,-1,-1,5177,3032,3574,3473,4692,5062,-1,0,0,0,0,5177,0,-1,0
5178,-1,-1,5178,3033,-1,-1,4693,5063,-1,0,0,0,0,5178,0,-1,0
5179,-1,-1,5179,3034,3575,3474,4694,5064,1918,0,0,0,0,5179,0,-1,0
5180,-1,-1,5180,3035,3576,3475,4695,5065,1919,0,0,0,0,5180,0,-1,0
5181,-1,-1,5181,3036,3577,3476,4696,5066,-1,0,0,0,0,5181,0,-1,0
5182,-1,-1,5182,3037,3577,-1,4696,5066,-1,0,0,0,0,5182,0,-1,0
5183,-1,-1,5183,3038,3578,3477,4697,5067,1920,0,0,0,0,5183,0,-1,0
5184,-1,-1,5184,3039,-1,-1,4698,5068,-1,0,0,0,0,5184,0,-1,0
5185,-1,-1,5185,3040,3579,3478,4699,5069,1921,0,0,0,0,5185,0,-1,0
5186,-1,-1,5186,3041,3580,3479,4700,5070,-1,0,0,0,0,5186,0,-1,0
5187,-1,-1,5187,3042,3581,3480,4701,5071,-1,0,0,0,0,5187,0,-1,0
5188,-1,-1,5188,3043,3582,3481,4702,5072,1922,0,0,0,0,5188,0,-1,0
5189,-1,-1,5189,3044,3582,3482,4703,5073,-1,0,0,0,0,5189,0,-1,0
5190,-1,-1,5190,3045,3582,3482,4703,5074,1922,0,0,0,0,5190,0,-1,0
5191,-1,-1,5191,3046,3583,3483,4703,5075,1923,0,0,0,0,5191,0,-1,0
5192,-1,-1,5192,3046,3584,3484,4703,5076,-1,0,0,0,0,5192,0,-1,0
5193,-1,-1,5193,3047,3585,3485,4703,5077,-1,0,0,0,0,5193,0,-1,0
5194,-1,-1,5194,-1,-1,-1,4704,5078,-1,0,0,0,0,5194,0,-1,0
5195,-1,-1,5195,3048,3586,3486,4705,5079,-1,0,0,0,0,5195,0,-1,0
5196,-1,-1,5196,3049,-1,-1,4706,5080,-1,0,0,0,0,5196,0,-1,0
5197,-1,-1,5197,-1,-1,3487,4707,5081,-1,0,0,0,0,5197,0,-1,0
5198,-1,-1,5198,-1,-1,-1,4708,5082,-1,0,0,0,0,5198,0,-1,0
5199,-1,-1,5199,-1,3587,3488,4709,5083,-1,0,0,0,0,5199,0,-1,0
5200,-1,-1,5200,-1,3588,-1,4710,5084,1924,0,0,0,0,5200,0,-1,0
5201,-1,-1,5201,3050,3589,-1,4711,5085,1924,0,0,0,0,5201,0,-1,0
5202,-1,-1,5202,-1,3590,3489,4712,5086,-1,0,0,0,0,5202,0,-1,0
5203,-1,-1,5203,-1,3591,3490,4713,5087,1924,0,0,0,0,5203,0,-1,0
5204,-1,-1,5204,3051,3592,3491,4714,5088,1925,0,0,0,0,5204,0,-1,0
5205,-1,-1,5205,3052,3593,3492,4715,5089,1926,0,0,0,0,5205,0,-1,0
5206,-1,-1,5206,3053,3593,3493,4716,5090,1927,0,0,0,0,5206,0,-1,0
5207,-1,-1,5207,3054,3594,3494,4717,5091,1928,0,0,0,0,5207,0,-1,0
5208,-1,-1,5208,3055,-1,3495,4718,5092,-1,0,0,0,0,5208,0,-1,0
5209,-1,-1,5209,-1,3595,3496,4719,5093,-1,0,0,0,0,5209,0,-1,0
5210,-1,-1,5210,3055,3596,3497,4720,5094,1929,0,0,0,0,5210,0,-1,0
5211,-1,-1,5211,3056,3597,3497,4720,5095,1930,0,0,0,0,5211,0,-1,0
5212,-1,-1,5212,3057,3598,3498,4721,5096,1931,0,0,0,0,5212,0,-1,0
5213,-1,-1,5213,-1,3599,3499,4722,5097,1932,0,0,0,0,5213,0,-1,0
5214,-1,-1,5214,-1,3600,3500,4723,5098,-1,0,0,0,0,5214,0,-1,0
5215,-1,-1,5215,3058,-1,-1,4723,5098,-1,0,0,0,0,5215,0,-1,0
5216,-1,-1,5216,-1,3601,3501,4724,5099,-1,0,0,0,0,5216,0,-1,0
5217,-1,-1,5217,-1,3602,3502,4724,5100,1933,0,0,0,0,5217,0,-1,0
5218,-1,-1,5218,3059,3602,-1,4725,5101,1933,0,0,0,0,5218,0,-1,0
5219,-1,-1,5219,-1,3603,-1,4726,5102,-1,0,0,0,0,5219,0,-1,0
5220,-1,-1,5220,3060,-1,3503,4727,5103,1934,0,0,0,0,5220,0,-1,0
5221,-1,-1,5221,3060,3604,3504,4727,5104,-1,0,0,0,0,5221,0,-1,0
5222,-1,-1,5222,3060,3605,3505,4727,5105,1935,0,0,0,0,5222,0,-1,0
5223,-1,-1,5223,3061,3606,3506,4728,5106,1935,0,0,0,0,5223,0,-1,0
5224,-1,-1,5224,3062,3607,3507,4729,5107,1935,0,0,0,0,5224,0,-1,0
5225,-1,-1,5225,3063,3608,3508,4730,5108,-1,0,0,0,0,5225,0,-1,0
5226,-1,-1,5226,3064,3609,3509,4730,5109,1935,0,0,0,0,5226,0,-1,0
5227,-1,-1,5227,3065,3610,3510,4731,5110,-1,0,0,0,0,5227,0,-1,0
5228,-1,-1,5228,3066,3611,3511,4732,5111,-1,0,0,0,0,5228,0,-1,0
5229,-1,-1,5229,-1,3612,3512,4733,5112,1935,0,0,0,0,5229,0,-1,0
5230,-1,-1,5230,3067,3613,-1,4734,5113,-1,0,0,0,0,5230,0,-1,0
5231,-1,-1,5231,3068,-1,-1,4735,5114,1935,0,0,0,0,5231,0,-1,0
5232,-1,-1,5232,3068,3613,3513,4736,5115,1936,0,0,0,0,5232,0,-1,0
5233,-1,-1,5233,3069,3614,3514,4737,5116,1937,0,0,0,0,5233,0,-1,0
5234,-1,-1,5234,3070,3615,3515,4738,5117,-1,0,0,0,0,5234,0,-1,0
5235,-1,-1,5235,-1,-1,-1,4739,5118,1938,0,0,0,0,5235,0,-1,0
5236,-1,-1,5236,3071,3616,3516,4740,5119,-1,0,0,0,0,5236,0,-1,0
5237,-1,-1,5237,3072,3617,3517,4740,5120,1939,0,0,0,0,5237,0,-1,0
5238,-1,-1,5238,3073,3618,3518,4741,5121,1939,0,0,0,0,5238,0,-1,0
5239,-1,-1,5239,3074,3619,3519,4741,5122,1940,0,0,0,0,5239,0,-1,0
5240,-1,-1,5240,-1,3620,3520,4742,5123,-1,0,0,0,0,5240,0,-1,0
5241,-1,-1,5241,3075,3621,-1,4743,5124,-1,0,0,0,0,5241,0,-1,0
5242,-1,-1,5242,3076,3622,3521,4744,5125,1941,0,0,0,0,5242,0,-1,0
5243,-1,-1,5243,3077,3622,3522,4745,5126,-1,0,0,0,0,5243,0,-1,0
5244,-1,-1,5244,-1,3623,3523,4746,5127,1941,0,0,0,0,5244,0,-1,0
5245,-1,-1,5245,3078,3623,3524,4747,5128,1942,0,0,0,0,5245,0,-1,0
5246,-1,-1,5246,-1,3624,3525,4748,5129,1943,0,0,0,0,5246,0,-1,0
5247,-1,-1,5247,3078,3625,3526,4749,5130,-1,0,0,0,0,5247,0,-1,0
5248,-1,-1,5248,3079,3626,3527,4750,5131,1944,0,0,0,0,5248,0,-1,0
5249,-1,-1,5249,3080,3627,3528,4751,5132,-1,0,0,0,0,5249,0,-1,0
5250,-1,-1,5250,3081,3628,3529,4752,5133,1945,0,0,0,0,5250,0,-1,0
5251,-1,-1,5251,3082,3629,3530,4752,5134,1946,0,0,0,0,5251,0,-1,0
5252,-1,-1,5252,3083,3630,3531,4753,5135,1946,0,0,0,0,5252,0,-1,0
5253,-1,-1,5253,3084,3631,3531,4754,5136,1946,0,0,0,0,5253,0,-1,0
5254,-1,-1,5254,3085,3632,3532,4755,5137,1946,0,0,0,0,5254,0,-1,0
5255,-1,-1,5255,3086,3633,3533,4756,5138,1947,0,0,0,0,5255,0,-1,0
5256,-1,-1,5256,3087,3634,3534,4757,5139,1948,0,0,0,0,5256,0,-1,0
5257,-1,-1,5257,3087,3635,3535,4758,5140,1949,0,0,0,0,5257,0,-1,0
5258,-1,-1,5258,3088,3635,3536,4759,5141,1949,0,0,0,0,5258,0,-1,0
5259,-1,-1,5259,3089,3635,3537,4760,5142,1949,0,0,0,0,5259,0,-1,0
5260,-1,-1,5260,3090,3636,3538,4761,5143,1950,0,0,0,0,5260,0,-1,0
5261,-1,-1,5261,3091,3637,3539,4762,5144,1951,0,0,0,0,5261,0,-1,0
5262,-1,-1,5262,3092,-1,-1,4763,5145,1951,0,0,0,0,5262,0,-1,0
5263,-1,-1,5263,3093,-1,3540,4764,5146,-1,0,0,0,0,5263,0,-1,0
5264,-1,-1,5264,3093,3638,3541,4765,5147,1952,0,0,0,0,5264,0,-1,0
5265,-1,-1,5265,-1,3639,3542,4766,5148,-1,0,0,0,0,5265,0,-1,0
5266,-1,-1,5266,3094,3640,3543,4767,5149,1953,0,0,0,0,5266,0,-1,0
5267,-1,-1,5267,3095,3641,3544,4768,5150,1954,0,0,0,0,5267,0,-1,0
5268,-1,-1,5268,3096,3642,3545,4769,5151,-1,0,0,0,0,5268,0,-1,0
5269,-1,-1,5269,3097,3643,3546,4770,5152,1954,0,0,0,0,5269,0,-1,0
5270,-1,-1,5270,3097,3644,3547,4771,5153,-1,0,0,0,0,5270,0,-1,0
5271,-1,-1,5271,3098,3645,3548,4772,5154,-1,0,0,0,0,5271,0,-1,0
5272,-1,-1,5272,3099,3646,3549,4773,5155,-1,0,0,0,0,5272,0,-1,0
5273,-1,-1,5273,3099,3647,3550,4774,5156,1954,0,0,0,0,5273,0,-1,0
5274,-1,-1,5274,3099,3648,3551,4775,5157,1954,0,0,0,0,5274,0,-1,0
5275,-1,-1,5275,3100,3649,3552,4776,5158,-1,0,0,0,0,5275,0,-1,0
5276,-1,-1,5276,3101,3650,3553,4777,5159,-1,0,0,0,0,5276,0,-1,0
5277,-1,-1,5277,-1,3650,-1,4778,5160,-1,0,0,0,0,5277,0,-1,0
5278,-1,-1,5278,3101,3651,-1,4779,5161,1954,0,0,0,0,5278,0,-1,0
5279,-1,-1,5279,3102,3652,3554,4780,5162,1954,0,0,0,0,5279,0,-1,0
5280,-1,-1,5280,3103,3653,3555,4781,5163,-1,0,0,0,0,5280,0,-1,0
5281,-1,-1,5281,-1,-1,-1,4782,5164,-1,0,0,0,0,5281,0,-1,0
5282,-1,-1,5282,3103,3654,3556,4782,5165,1954,0,0,0,0,5282,0,-1,0
5283,-1,-1,5283,3104,3655,3557,4783,5166,-1,0,0,0,0,5283,0,-1,0
5284,-1,-1,5284,3104,3655,3558,4783,5166,-1,0,0,0,0,5284,0,-1,0
5285,-1,-1,5285,3104,-1,3559,4784,5167,-1,0,0,0,0,5285,0,-1,0
5286,-1,-1,5286,-1,3655,3560,4785,5168,1954,0,0,0,0,5286,0,-1,0
5287,-1,-1,5287,3105,3656,3561,4786,5169,1954,0,0,0,0,5287,0,-1,0
5288,-1,-1,5288,-1,-1,-1,4787,5170,-1,0,0,0,0,5288,0,-1,0
5289,-1,-1,5289,-1,3657,-1,4788,5171,1954,0,0,0,0,5289,0,-1,0
5290,-1,-1,5290,3106,3658,3562,4789,5172,-1,0,0,0,0,5290,0,-1,0
5291,-1,-1,5291,-1,-1,-1,4790,5173,-1,0,0,0,0,5291,0,-1,0
5292,-1,-1,5292,-1,-1,-1,4791,5174,1954,0,0,0,0,5292,0,-1,0
5293,-1,-1,5293,-1,3659,3563,4792,5175,1954,0,0,0,0,5293,0,-1,0
5294,-1,-1,5294,-1,3660,3564,4793,5176,1954,0,0,0,0,5294,0,-1,0
5295,-1,-1,5295,3107,3661,3565,4794,5177,1954,0,0,0,0,5295,0,-1,0
5296,-1,-1,5296,3108,3662,3566,4795,5178,1954,0,0,0,0,5296,0,-1,0
5297,-1,-1,5297,-1,3663,3567,4796,5179,-1,0,0,0,0,5297,0,-1,0
5298,-1,-1,5298,3109,3664,3568,4797,5180,1954,0,0,0,0,5298,0,-1,0
5299,-1,-1,5299,3110,3665,3569,4798,5181,1954,0,0,0,0,5299,0,-1,0
5300,-1,-1,5300,3111,3665,3570,4799,5182,1955,0,0,0,0,5300,0,-1,0
5301,-1,-1,5301,3112,3666,3571,4800,5183,-1,0,0,0,0,5301,0,-1,0
5302,-1,-1,5302,-1,3666,-1,4801,5184,-1,0,0,0,0,5302,0,-1,0
5303,-1,-1,5303,-1,3667,3572,4802,5185,-1,0,0,0,0,5303,0,-1,0
5304,-1,-1,5304,3113,3668,3573,4803,5186,1956,0,0,0,0,5304,0,-1,0
5305,-1,-1,5305,3114,3669,3574,4804,5187,1957,0,0,0,0,5305,0,-1,0
5306,-1,-1,5306,-1,-1,-1,4804,5188,-1,0,0,0,0,5306,0,-1,0
5307,-1,-1,5307,3115,3670,3575,4804,5189,1958,0,0,0,0,5307,0,-1,0
5308,-1,-1,5308,3116,3671,-1,4805,5190,-1,0,0,0,0,5308,0,-1,0
5309,-1,-1,5309,3117,3672,3576,4806,5191,1958,0,0,0,0,5309,0,-1,0
5310,-1,-1,5310,-1,-1,3577,4806,5191,1958,0,0,0,0,5310,0,-1,0
5311,-1,-1,5311,3118,3673,-1,4807,5192,1958,0,0,0,0,5311,0,-1,0
5312,-1,-1,5312,-1,-1,-1,4808,5193,-1,0,0,0,0,5312,0,-1,0
5313,-1,-1,5313,-1,-1,-1,4809,5194,-1,0,0,0,0,5313,0,-1,0
5314,-1,-1,5314,3119,3674,3578,4810,5195,1958,0,0,0,0,5314,0,-1,0
5315,-1,-1,5315,3120,3675,3578,4810,5196,1959,0,0,0,0,5315,0,-1,0
5316,-1,-1,5316,3120,3676,3579,4811,5197,-1,0,0,0,0,5316,0,-1,0
5317,-1,-1,5317,3121,3677,3580,4811,5197,-1,0,0,0,0,5317,0,-1,0
5318,-1,-1,5318,3122,3677,3581,4811,5198,1960,0,0,0,0,5318,0,-1,0
5319,-1,-1,5319,3123,3678,3582,-1,5199,1961,0,0,0,0,5319,0,-1,0
5320,-1,-1,5320,3123,3678,3583,4812,5200,1961,0,0,0,0,5320,0,-1,0
5321,-1,-1,5321,3124,3679,3584,4813,5201,1962,0,0,0,0,5321,0,-1,0
5322,-1,-1,5322,-1,-1,-1,4814,5202,-1,0,0,0,0,5322,0,-1,0
5323,-1,-1,5323,-1,3680,3585,4815,5203,-1,0,0,0,0,5323,0,-1,0
5324,-1,-1,5324,3125,3681,3586,4816,5204,1963,0,0,0,0,5324,0,-1,0
5325,-1,-1,5325,-1,-1,-1,4816,5205,-1,0,0,0,0,5325,0,-1,0
5326,-1,-1,5326,-1,-1,-1,4817,5206,1964,0,0,0,0,5326,0,-1,0
5327,-1,-1,5327,3126,3682,3587,4818,5207,1964,0,0,0,0,5327,0,-1,0
5328,-1,-1,5328,3127,3683,3588,4819,5208,1965,0,0,0,0,5328,0,-1,0
5329,-1,-1,5329,3128,3684,3589,4820,5209,-1,0,0,0,0,5329,0,-1,0
5330,-1,-1,5330,3128,3684,3590,4821,5210,1966,0,0,0,0,5330,0,-1,0
5331,-1,-1,5331,3129,3685,3591,4822,5211,1966,0,0,0,0,5331,0,-1,0
5332,-1,-1,5332,3130,3685,3592,4823,5212,1967,0,0,0,0,5332,0,-1,0
5333,-1,-1,5333,-1,3686,-1,4824,5213,1968,0,0,0,0,5333,0,-1,0
5334,-1,-1,5334,3131,3687,3593,4825,5214,1968,0,0,0,0,5334,0,-1,0
5335,-1,-1,5335,3132,3688,3594,4826,5215,1969,0,0,0,0,5335,0,-1,0
5336,-1,-1,5336,-1,-1,3595,4827,5216,1970,0,0,0,0,5336,0,-1,0
5337,-1,-1,5337,-1,3689,3596,4828,5217,-1,0,0,0,0,5337,0,-1,0
5338,-1,-1,5338,-1,3689,3597,4829,5218,-1,0,0,0,0,5338,0,-1,0
5339,-1,-1,5339,3133,-1,-1,4830,5219,1971,0,0,0,0,5339,0,-1,0
5340,-1,-1,5340,3134,3690,3598,4831,5220,1972,0,0,0,0,5340,0,-1,0
5341,-1,-1,5341,-1,-1,-1,4832,5221,-1,0,0,0,0,5341,0,-1,0
5342,-1,-1,5342,3135,3691,3599,4833,5222,-1,0,0,0,0,5342,0,-1,0
5343,-1,-1,5343,-1,3692,-1,4834,5223,-1,0,0,0,0,5343,0,-1,0
5344,-1,-1,5344,3136,3692,3600,4834,5224,1972,0,0,0,0,5344,0,-1,0
5345,-1,-1,5345,-1,-1,-1,4835,5225,1973,0,0,0,0,5345,0,-1,0
5346,-1,-1,5346,3137,3693,3601,4836,5226,1974,0,0,0,0,5346,0,-1,0
5347,-1,-1,5347,3138,3694,3601,4837,5227,1975,0,0,0,0,5347,0,-1,0
5348,-1,-1,5348,3138,3695,3602,4838,5228,1976,0,0,0,0,5348,0,-1,0
5349,-1,-1,5349,3139,3696,-1,4839,5229,-1,0,0,0,0,5349,0,-1,0
5350,-1,-1,5350,3140,3697,3603,4840,5230,1977,0,0,0,0,5350,0,-1,0
5351,-1,-1,5351,3140,3698,3604,4841,5231,-1,0,0,0,0,5351,0,-1,0
5352,-1,-1,5352,3141,3699,3605,4842,5232,1978,0,0,0,0,5352,0,-1,0
5353,-1,-1,5353,3141,3700,3606,4843,5233,1979,0,0,0,0,5353,0,-1,0
5354,-1,-1,5354,3142,3701,3606,4844,5234,1979,0,0,0,0,5354,0,-1,0
5355,-1,-1,5355,-1,3702,3607,4845,5235,1979,0,0,0,0,5355,0,-1,0
5356,-1,-1,5356,3142,3703,3608,4846,5236,-1,0,0,0,0,5356,0,-1,0
5357,-1,-1,5357,3143,3704,3609,4847,5237,1979,0,0,0,0,5357,0,-1,0
5358,-1,-1,5358,3144,3705,3610,4848,5238,-1,0,0,0,0,5358,0,-1,0
5359,-1,-1,5359,-1,3706,3611,4849,5239,-1,0,0,0,0,5359,0,-1,0
5360,-1,-1,5360,3145,3706,3612,4850,5240,1979,0,0,0,0,5360,0,-1,0
5361,-1,-1,5361,3146,3707,3613,4851,5241,1979,0,0,0,0,5361,0,-1,0
5362,-1,-1,5362,-1,3708,3613,4852,5242,-1,0,0,0,0,5362,0,-1,0
5363,-1,-1,5363,-1,-1,-1,4853,5243,-1,0,0,0,0,5363,0,-1,0
5364,-1,-1,5364,3147,3709,3614,4854,5244,-1,0,0,0,0,5364,0,-1,0
5365,-1,-1,5365,3148,3710,-1,4855,5245,1980,0,0,0,0,5365,0,-1,0
5366,-1,-1,5366,-1,-1,3615,4856,5246,1981,0,0,0,0,5366,0,-1,0
5367,-1,-1,5367,-1,3710,3616,4857,5247,1981,0,0,0,0,5367,0,-1,0
5368,-1,-1,5368,-1,3711,3617,4858,5248,1982,0,0,0,0,5368,0,-1,0
5369,-1,-1,5369,3149,3712,3618,4859,5249,1983,0,0,0,0,5369,0,-1,0
5370,-1,-1,5370,3150,3713,3619,4860,5250,1984,0,0,0,0,5370,0,-1,0
5371,-1,-1,5371,3151,3714,3620,4861,5251,1985,0,0,0,0,5371,0,-1,0
5372,-1,-1,5372,3152,3714,-1,4862,5252,-1,0,0,0,0,5372,0,-1,0
5373,-1,-1,5373,-1,3715,3621,4863,5253,1985,0,0,0,0,5373,0,-1,0
5374,-1,-1,5374,3153,3716,3622,4864,5254,-1,0,0,0,0,5374,0,-1,0
5375,-1,-1,5375,3154,3717,3623,4865,5255,1986,0,0,0,0,5375,0,-1,0
5376,-1,-1,5376,-1,-1,-1,4866,5256,-1,0,0,0,0,5376,0,-1,0
5377,-1,-1,5377,3155,3717,3624,4867,5257,-1,0,0,0,0,5377,0,-1,0
5378,-1,-1,5378,3156,3718,3625,4868,5258,-1,0,0,0,0,5378,0,-1,0
5379,-1,-1,5379,3157,3719,3626,4869,5259,1987,0,0,0,0,5379,0,-1,0
5380,-1,-1,5380,-1,3720,-1,4870,5260,1988,0,0,0,0,5380,0,-1,0
5381,-1,-1,5381,3158,3721,-1,4871,5261,1989,0,0,0,0,5381,0,-1,0
5382,-1,-1,5382,-1,3722,3627,4872,5262,1989,0,0,0,0,5382,0,-1,0
5383,-1,-1,5383,-1,3723,-1,4873,5263,1989,0,0,0,0,5383,0,-1,0
5384,-1,-1,5384,-1,3724,3628,4874,5264,1990,0,0,0,0,5384,0,-1,0
5385,-1,-1,5385,3159,-1,3628,4875,5265,1991,0,0,0,0,5385,0,-1,0
5386,-1,-1,5386,-1,3725,-1,4876,5266,1992,0,0,0,0,5386,0,-1,0
5387,-1,-1,5387,3160,3726,3629,4877,5267,-1,0,0,0,0,5387,0,-1,0
5388,-1,-1,5388,3161,3726,3630,4878,5268,1992,0,0,0,0,5388,0,-1,0
5389,-1,-1,5389,3162,3727,3631,4879,5269,1993,0,0,0,0,5389,0,-1,0
5390,-1,-1,5390,-1,3728,3632,4880,5270,-1,0,0,0,0,5390,0,-1,0
5391,-1,-1,5391,3163,3729,3633,4881,5271,1994,0,0,0,0,5391,0,-1,0
5392,-1,-1,5392,3164,3730,3634,4882,5272,1995,0,0,0,0,5392,0,-1,0
5393,-1,-1,5393,3165,3731,-1,4883,5273,-1,0,0,0,0,5393,0,-1,0
5394,-1,-1,5394,-1,3732,3635,4884,5274,1996,0,0,0,0,5394,0,-1,0
5395,-1,-1,5395,3165,3733,3636,4885,5275,1996,0,0,0,0,5395,0,-1,0
5396,-1,-1,5396,3166,-1,-1,4886,5276,1997,0,0,0,0,5396,0,-1,0
5397,-1,-1,5397,-1,-1,-1,4887,5277,-1,0,0,0,0,5397,0,-1,0
5398,-1,-1,5398,3167,3734,3637,4888,5278,1998,0,0,0,0,5398,0,-1,0
5399,-1,-1,5399,-1,3735,3638,4889,5279,1999,0,0,0,0,5399,0,-1,0
5400,-1,-1,5400,3168,3736,3639,4890,5280,2000,0,0,0,0,5400,0,-1,0
5401,-1,-1,5401,3169,3737,3640,4891,5281,2000,0,0,0,0,5401,0,-1,0
5402,-1,-1,5402,3170,3738,-1,4892,5282,2001,0,0,0,0,5402,0,-1,0
5403,-1,-1,5403,3171,3739,3641,4893,5283,2002,0,0,0,0,5403,0,-1,0
5404,-1,-1,5404,3172,-1,-1,4894,5284,2002,0,0,0,0,5404,0,-1,0
5405,-1,-1,5405,3173,3740,3642,4894,5284,2002,0,0,0,0,5405,0,-1,0
5406,-1,-1,5406,-1,3741,3643,4895,5285,-1,0,0,0,0,5406,0,-1,0
5407,-1,-1,5407,-1,3742,3644,4896,5286,-1,0,0,0,0,5407,0,-1,0
5408,-1,-1,5408,3173,3743,3645,4897,5287,2002,0,0,0,0,5408,0,-1,0
5409,-1,-1,5409,-1,3744,3646,4898,5288,2002,0,0,0,0,5409,0,-1,0
5410,-1,-1,5410,3174,3745,3647,4899,5289,-1,0,0,0,0,5410,0,-1,0
5411,-1,-1,5411,3174,-1,-1,4900,5290,2003,0,0,0,0,5411,0,-1,0
5412,-1,-1,5412,-1,-1,-1,4901,5291,-1,0,0,0,0,5412,0,-1,0
5413,-1,-1,5413,3175,3746,3648,4902,5292,2004,0,0,0,0,5413,0,-1,0
5414,-1,-1,5414,3175,3746,3648,4903,5293,-1,0,0,0,0,5414,0,-1,0
5415,-1,-1,5415,3176,3747,-1,4904,5294,2005,0,0,0,0,5415,0,-1,0
5416,-1,-1,5416,3177,3747,-1,4905,5295,-1,0,0,0,0,5416,0,-1,0
5417,-1,-1,5417,3178,3748,-1,4906,5296,-1,0,0,0,0,5417,0,-1,0
5418,-1,-1,5418,3179,3749,3649,4907,5297,-1,0,0,0,0,5418,0,-1,0
5419,-1,-1,5419,3180,3750,3650,4908,5298,2006,0,0,0,0,5419,0,-1,0
5420,-1,-1,5420,-1,3751,-1,4909,5299,2007,0,0,0,0,5420,0,-1,0
5421,-1,-1,5421,3181,-1,3651,4910,5300,-1,0,0,0,0,5421,0,-1,0
5422,-1,-1,5422,3182,3752,3652,4911,5301,2008,0,0,0,0,5422,0,-1,0
5423,-1,-1,5423,-1,3753,3653,4912,5302,-1,0,0,0,0,5423,0,-1,0
5424,-1,-1,5424,3183,3754,3654,4913,5303,2009,0,0,0,0,5424,0,-1,0
5425,-1,-1,5425,3184,3755,3655,4914,5304,2010,0,0,0,0,5425,0,-1,0
5426,-1,-1,5426,-1,3756,3656,4915,5305,2011,0,0,0,0,5426,0,-1,0
5427,-1,-1,5427,3184,3757,3657,4916,5306,-1,0,0,0,0,5427,0,-1,0
5428,-1,-1,5428,-1,3758,3658,4917,5307,2012,0,0,0,0,5428,0,-1,0
5429,-1,-1,5429,3185,3759,3659,4918,5308,-1,0,0,0,0,5429,0,-1,0
5430,-1,-1,5430,3186,3760,3660,4918,5309,2013,0,0,0,0,5430,0,-1,0
5431,-1,-1,5431,-1,3760,3661,4919,5310,-1,0,0,0,0,5431,0,-1,0
5432,-1,-1,5432,-1,-1,-1,4920,5311,-1,0,0,0,0,5432,0,-1,0
5433,-1,-1,5433,3187,3761,3662,4921,5312,-1,0,0,0,0,5433,0,-1,0
5434,-1,-1,5434,3188,3762,3662,4922,5313,-1,0,0,0,0,5434,0,-1,0
5435,-1,-1,5435,3189,3763,3663,4922,5313,-1,0,0,0,0,5435,0,-1,0
5436,-1,-1,5436,3190,3763,3664,4923,5314,2014,0,0,0,0,5436,0,-1,0
5437,-1,33,5437,-1,-1,-1,4924,5315,-1,0,0,0,0,5437,0,-1,0
5438,-1,-1,5438,3191,3763,3665,4925,5316,2015,0,0,0,0,5438,0,-1,0
5439,-1,-1,5439,-1,-1,-1,4926,5317,2016,0,0,0,0,5439,0,-1,0
5440,-1,-1,5440,3192,3764,3666,4927,5318,2016,0,0,0,0,5440,0,-1,0
5441,-1,-1,5441,-1,-1,-1,4928,5319,-1,0,0,0,0,5441,0,-1,0
5442,-1,-1,5442,3193,3765,3667,4929,5320,2016,0,0,0,0,5442,0,-1,0
5443,-1,-1,5443,-1,-1,-1,4930,5321,-1,0,0,0,0,5443,0,-1,0
5444,-1,-1,5444,3193,3765,-1,4931,5322,2016,0,0,0,0,5444,0,-1,0
5445,-1,-1,5445,3194,-1,-1,4932,5323,2016,0,0,0,0,5445,0,-1,0
5446,-1,-1,5446,3195,3766,3668,4933,5324,2017,0,0,0,0,5446,0,-1,0
5447,-1,-1,5447,-1,-1,-1,4933,5325,-1,0,0,0,0,5447,0,-1,0
5448,-1,-1,5448,3196,3767,3669,4934,5326,2018,0,0,0,0,5448,0,-1,0
5449,-1,-1,5449,3197,3768,-1,4935,5327,2019,0,0,0,0,5449,0,-1,0
5450,-1,-1,5450,3198,-1,-1,4936,5328,-1,0,0,0,0,5450,0,-1,0
5451,-1,-1,5451,-1,3769,-1,4937,5329,-1,0,0,0,0,5451,0,-1,0
5452,-1,-1,5452,-1,3769,3670,4938,5330,2019,0,0,0,0,5452,0,-1,0
5453,-1,-1,5453,3199,3770,-1,4939,5331,-1,0,0,0,0,5453,0,-1,0
5454,-1,-1,5454,3199,3770,3671,4940,5332,2020,0,0,0,0,5454,0,-1,0
5455,-1,-1,5455,-1,3770,3672,4941,5333,2021,0,0,0,0,5455,0,-1,0
5456,-1,-1,5456,3200,3771,3673,4942,5334,2022,0,0,0,0,5456,0,-1,0
5457,-1,-1,5457,3200,3772,3674,4943,5335,-1,0,0,0,0,5457,0,-1,0
5458,-1,-1,5458,3201,3773,3675,4944,5336,2023,0,0,0,0,5458,0,-1,0
5459,-1,-1,5459,3202,3773,3676,4945,5337,2024,0,0,0,0,5459,0,-1,0
5460,-1,-1,5460,-1,3774,-1,4946,5338,2024,0,0,0,0,5460,0,-1,0
5461,-1,-1,5461,-1,3775,-1,4947,5339,-1,0,0,0,0,5461,0,-1,0
5462,-1,-1,5462,3203,3776,-1,4948,5340,2025,0,0,0,0,5462,0,-1,0
5463,-1,-1,5463,3204,3777,3677,4949,5341,2026,0,0,0,0,5463,0,-1,0
5464,-1,-1,5464,-1,-1,-1,4950,5342,-1,0,0,0,0,5464,0,-1,0
5465,-1,-1,5465,3204,3777,3678,4951,5343,2027,0,0,0,0,5465,0,-1,0
5466,-1,-1,5466,3204,3778,3679,4952,5344,2028,0,0,0,0,5466,0,-1,0
5467,-1,-1,5467,-1,3779,3680,4953,5345,-1,0,0,0,0,5467,0,-1,0
5468,-1,-1,5468,3205,3780,3681,4954,5346,2029,0,0,0,0,5468,0,-1,0
5469,-1,-1,5469,3206,3781,3682,4955,5347,2029,0,0,0,0,5469,0,-1,0
5470,-1,-1,5470,3207,3782,3683,4956,5348,2029,0,0,0,0,5470,0,-1,0
5471,-1,34,5471,-1,-1,-1,4957,5349,2029,0,0,0,0,5471,0,-1,0
5472,-1,-1,5472,-1,3783,-1,4958,5350,2030,0,0,0,0,5472,0,-1,0
5473,-1,-1,5473,3208,3783,3684,4959,5351,2031,0,0,0,0,5473,0,-1,0
5474,-1,-1,5474,3209,3784,3685,4960,5352,2032,0,0,0,0,5474,0,-1,0
5475,-1,-1,5475,3210,3784,3685,4961,5353,2033,0,0,0,0,5475,0,-1,0
5476,-1,-1,5476,-1,3785,3686,4962,5354,2034,0,0,0,0,5476,0,-1,0
5477,-1,-1,5477,-1,3786,3687,4962,5355,2034,0,0,0,0,5477,0,-1,0
5478,-1,-1,5478,3211,3787,-1,4963,5356,2035,0,0,0,0,5478,0,-1,0
5479,-1,-1,5479,3212,3788,3688,4964,5357,2036,0,0,0,0,5479,0,-1,0
5480,-1,-1,5480,3213,3789,3689,4965,5358,-1,0,0,0,0,5480,0,-1,0
5481,-1,-1,5481,3214,-1,3690,4966,5359,2037,0,0,0,0,5481,0,-1,0
5482,-1,-1,5482,3214,3790,3691,4967,5360,2038,0,0,0,0,5482,0,-1,0
5483,-1,-1,5483,3215,3791,3691,4968,5361,2039,0,0,0,0,5483,0,-1,0
5484,-1,-1,5484,3216,3791,-1,4969,5362,2040,0,0,0,0,5484,0,-1,0
5485,-1,-1,5485,3217,3792,3692,4970,5363,-1,0,0,0,0,5485,0,-1,0
5486,-1,-1,5486,-1,-1,-1,4971,5364,-1,0,0,0,0,5486,0,-1,0
5487,-1,-1,5487,-1,3793,3693,4972,5365,2041,0,0,0,0,5487,0,-1,0
5488,-1,-1,5488,3218,3794,3694,4973,5366,2042,0,0,0,0,5488,0,-1,0
5489,-1,-1,5489,3219,3795,3695,4974,5367,-1,0,0,0,0,5489,0,-1,0
5490,-1,-1,5490,-1,3796,3696,4975,5368,-1,0,0,0,0,5490,0,-1,0
5491,-1,-1,5491,3220,3797,3697,4976,5369,-1,0,0,0,0,5491,0,-1,0
5492,-1,-1,5492,-1,3798,3698,4977,5370,2043,0,0,0,0,5492,0,-1,0
5493,-1,-1,5493,-1,-1,-1,4978,5371,2043,0,0,0,0,5493,0,-1,0
5494,-1,-1,5494,3221,-1,-1,4978,5371,2043,0,0,0,0,5494,0,-1,0
5495,-1,-1,5495,-1,-1,-1,4978,5372,-1,0,0,0,0,5495,0,-1,0
5496,-1,-1,5496,3222,3799,3699,4979,5373,-1,0,0,0,0,5496,0,-1,0
5497,-1,-1,5497,-1,-1,-1,4980,5374,-1,0,0,0,0,5497,0,-1,0
5498,-1,-1,5498,3222,3800,3700,4981,5375,2044,0,0,0,0,5498,0,-1,0
5499,-1,-1,5499,-1,-1,-1,4982,5376,-1,0,0,0,0,5499,0,-1,0
5500,-1,-1,5500,-1,3801,3701,4983,5377,-1,0,0,0,0,5500,0,-1,0
5501,-1,-1,5501,3223,3801,3702,4983,5377,-1,0,0,0,0,5501,0,-1,0
5502,-1,-1,5502,3224,-1,-1,4983,5378,2045,0,0,0,0,5502,0,-1,0
5503,-1,-1,5503,3225,3802,3703,4984,5379,2046,0,0,0,0,5503,0,-1,0
5504,-1,-1,5504,3226,3803,3704,4985,5380,-1,0,0,0,0,5504,0,-1,0
5505,-1,35,5505,3227,3804,3705,4986,5381,2047,0,0,0,0,5505,0,-1,0
5506,-1,-1,5506,-1,3804,3706,4987,5382,2048,0,0,0,0,5506,0,-1,0
5507,-1,-1,5507,-1,-1,-1,4988,5383,2049,0,0,0,0,5507,0,-1,0
5508,-1,-1,5508,3228,3805,3707,4989,5384,-1,0,0,0,0,5508,0,-1,0
5509,-1,-1,5509,-1,-1,-1,4990,5385,-1,0,0,0,0,5509,0,-1,0
5510,-1,-1,5510,3229,-1,-1,4991,5386,2050,0,0,0,0,5510,0,-1,0
5511,-1,-1,5511,3230,3806,3708,4992,5387,-1,0,0,0,0,5511,0,-1,0
5512,-1,-1,5512,3231,3807,3709,4992,5388,2051,0,0,0,0,5512,0,-1,0
5513,-1,-1,5513,-1,3808,3710,4993,5389,2051,0,0,0,0,5513,0,-1,0
5514,-1,-1,5514,3232,3809,3711,4994,5390,2051,0,0,0,0,5514,0,-1,0
5515,-1,-1,5515,3233,3810,3711,4995,5391,2051,0,0,0,0,5515,0,-1,0
5516,-1,-1,5516,3234,3811,3712,4996,5392,2051,0,0,0,0,5516,0,-1,0
5517,-1,-1,5517,3235,3812,-1,4997,5393,2051,0,0,0,0,5517,0,-1,0
5518,-1,-1,5518,3236,3813,3713,4998,5394,2051,0,0,0,0,5518,0,-1,0
5519,-1,-1,5519,-1,3814,3714,4999,5395,-1,0,0,0,0,5519,0,-1,0
5520,-1,-1,5520,-1,3815,3715,5000,5396,-1,0,0,0,0,5520,0,-1,0
5521,-1,-1,5521,3237,3816,3716,5001,5397,2051,0,0,0,0,5521,0,-1,0
5522,-1,-1,5522,3238,3817,3717,5002,5398,2051,0,0,0,0,5522,0,-1,0
5523,-1,-1,5523,-1,-1,-1,5003,5399,2051,0,0,0,0,5523,0,-1,0
5524,-1,-1,5524,3239,3818,3718,5004,5400,-1,0,0,0,0,5524,0,-1,0
5525,-1,-1,5525,-1,3819,-1,5005,5401,2051,0,0,0,0,5525,0,-1,0
5526,-1,-1,5526,3240,3820,3719,5006,5402,-1,0,0,0,0,5526,0,-1,0
5527,-1,-1,5527,-1,3821,3720,5007,5403,-1,0,0,0,0,5527,0,-1,0
5528,-1,-1,5528,-1,-1,-1,5008,5404,2051,0,0,0,0,5528,0,-1,0
5529,-1,-1,5529,3240,3822,3721,5009,5405,-1,0,0,0,0,5529,0,-1,0
5530,-1,-1,5530,-1,3823,3722,5010,5406,-1,0,0,0,0,5530,0,-1,0
5531,-1,-1,5531,3241,3824,3723,5011,5407,-1,0,0,0,0,5531,0,-1,0
5532,-1,-1,5532,-1,-1,-1,5011,5407,-1,0,0,0,0,5532,0,-1,0
5533,-1,-1,5533,3242,3824,-1,5012,5408,2051,0,0,0,0,5533,0,-1,0
5534,-1,-1,5534,3243,3824,3724,5013,5409,2051,0,0,0,0,5534,0,-1,0
5535,-1,-1,5535,3244,3825,3725,5014,5410,2051,0,0,0,0,5535,0,-1,0
5536,-1,-1,5536,-1,-1,-1,5015,5411,2051,0,0,0,0,5536,0,-1,0
5537,-1,-1,5537,-1,3826,-1,5016,5412,-1,0,0,0,0,5537,0,-1,0
5538,-1,-1,5538,-1,3827,3726,5017,5413,2051,0,0,0,0,5538,0,-1,0
5539,-1,-1,5539,-1,3828,-1,5018,5414,-1,0,0,0,0,5539,0,-1,0
5540,-1,-1,5540,3245,3829,3727,5019,5415,2051,0,0,0,0,5540,0,-1,0
5541,-1,-1,5541,3245,3830,3728,5020,5416,2051,0,0,0,0,5541,0,-1,0
5542,-1,-1,5542,3246,3831,3729,5020,5417,2052,0,0,0,0,5542,0,-1,0
5543,-1,-1,5543,3247,3832,3730,5020,5418,-1,0,0,0,0,5543,0,-1,0
5544,-1,-1,5544,3248,3833,3730,5021,5419,2053,0,0,0,0,5544,0,-1,0
5545,-1,-1,5545,3249,3833,3731,5022,5420,2054,0,0,0,0,5545,0,-1,0
5546,-1,-1,5546,3249,-1,3732,5023,5421,2054,0,0,0,0,5546,0,-1,0
5547,-1,-1,5547,3250,3834,3733,5024,5422,2055,0,0,0,0,5547,0,-1,0
5548,-1,-1,5548,3251,3835,-1,5025,5423,2056,0,0,0,0,5548,0,-1,0
5549,-1,-1,5549,3251,3836,3734,5026,5424,-1,0,0,0,0,5549,0,-1,0
5550,-1,-1,5550,3252,3837,3735,5027,5425,2056,0,0,0,0,5550,0,-1,0
5551,-1,-1,5551,3253,3838,3736,5028,5426,-1,0,0,0,0,5551,0,-1,0
5552,-1,-1,5552,-1,-1,-1,5028,5426,-1,0,0,0,0,5552,0,-1,0
5553,-1,-1,5553,3254,-1,3736,5028,5426,-1,0,0,0,0,5553,0,-1,0
5554,-1,-1,5554,3255,3839,3737,5029,5427,2056,0,0,0,0,5554,0,-1,0
5555,-1,-1,5555,-1,-1,3738,5030,5428,2056,0,0,0,0,5555,0,-1,0
5556,-1,-1,5556,3256,3840,3739,5031,5429,-1,0,0,0,0,5556,0,-1,0
5557,-1,-1,5557,3257,3841,-1,5032,5430,-1,0,0,0,0,5557,0,-1,0
5558,-1,-1,5558,-1,3842,3740,5033,5431,2057,0,0,0,0,5558,0,-1,0
5559,-1,-1,5559,3258,3843,-1,5033,5432,-1,0,0,0,0,5559,0,-1,0
5560,-1,-1,5560,3259,3844,-1,5033,5432,-1,0,0,0,0,5560,0,-1,0
5561,-1,-1,5561,3260,-1,-1,5034,5433,2058,0,0,0,0,5561,0,-1,0
5562,-1,36,5562,-1,-1,-1,5035,5434,2059,0,0,0,0,5562,0,-1,0
5563,-1,-1,5563,3261,3845,3740,5035,5435,-1,0,0,0,0,5563,0,-1,0
5564,-1,-1,5564,-1,3846,3740,-1,5436,2060,0,0,0,0,5564,0,-1,0
5565,-1,-1,5565,3261,3847,3741,5036,5437,2061,0,0,0,0,5565,0,-1,0
5566,-1,-1,5566,3261,3848,3742,5037,5438,2062,0,0,0,0,5566,0,-1,0
5567,-1,-1,5567,3262,-1,3743,5038,5439,2063,0,0,0,0,5567,0,-1,0
5568,-1,-1,5568,3263,3849,-1,5039,5440,2063,0,0,0,0,5568,0,-1,0
5569,-1,-1,5569,3264,-1,3744,5040,5441,-1,0,0,0,0,5569,0,-1,0
5570,-1,-1,5570,-1,-1,-1,5041,5442,2063,0,0,0,0,5570,0,-1,0
5571,-1,-1,5571,3265,3850,3745,5042,5443,2064,0,0,0,0,5571,0,-1,0
5572,-1,-1,5572,-1,-1,-1,5043,5444,-1,0,0,0,0,5572,0,-1,0
5573,-1,-1,5573,-1,-1,-1,5044,5445,2065,0,0,0,0,5573,0,-1,0
5574,-1,-1,5574,3265,3851,3746,5045,5446,2066,0,0,0,0,5574,0,-1,0
5575,-1,-1,5575,-1,-1,-1,5046,5447,-1,0,0,0,0,5575,0,-1,0
5576,-1,-1,5576,3266,-1,3747,5047,5448,-1,0,0,0,0,5576,0,-1,0
5577,-1,-1,5577,3267,3852,3748,5048,5449,-1,0,0,0,0,5577,0,-1,0
5578,-1,-1,5578,3268,-1,-1,5049,5450,2067,0,0,0,0,5578,0,-1,0
5579,-1,-1,5579,3269,3853,3749,5050,5451,-1,0,0,0,0,5579,0,-1,0
5580,-1,-1,5580,3270,3854,3750,5051,5452,2068,0,0,0,0,5580,0,-1,0
5581,-1,-1,5581,-1,3855,-1,5052,5453,2069,0,0,0,0,5581,0,-1,0
5582,-1,-1,5582,3270,3856,3751,5053,5454,2070,0,0,0,0,5582,0,-1,0
5583,-1,-1,5583,3270,3857,3752,5054,5455,2071,0,0,0,0,5583,0,-1,0
5584,-1,-1,5584,-1,-1,3753,5055,5456,2071,0,0,0,0,5584,0,-1,0
5585,-1,-1,5585,3270,3858,3754,5056,5457,2072,0,0,0,0,5585,0,-1,0
5586,-1,-1,5586,3271,3858,-1,5057,5458,-1,0,0,0,0,5586,0,-1,0
5587,-1,-1,5587,3272,3859,3755,5058,5459,-1,0,0,0,0,5587,0,-1,0
5588,-1,-1,5588,3273,3859,3756,5059,5460,-1,0,0,0,0,5588,0,-1,0
5589,-1,-1,5589,3274,3860,3756,5060,5461,2073,0,0,0,0,5589,0,-1,0
5590,-1,-1,5590,3275,3861,3757,5061,5462,-1,0,0,0,0,5590,0,-1,0
5591,-1,-1,5591,-1,3862,3758,5062,5463,2074,0,0,0,0,5591,0,-1,0
5592,-1,-1,5592,-1,3863,3759,5063,5464,2074,0,0,0,0,5592,0,-1,0
5593,-1,-1,5593,3276,3863,3759,5064,5465,-1,0,0,0,0,5593,0,-1,0
5594,-1,-1,5594,3277,3864,3760,5065,5466,2075,0,0,0,0,5594,0,-1,0
5595,-1,-1,5595,3278,3865,-1,5066,5467,2076,0,0,0,0,5595,0,-1,0
5596,-1,-1,5596,3279,3866,-1,5067,5468,2077,0,0,0,0,5596,0,-1,0
5597,-1,-1,5597,3280,3867,3761,5068,5469,2077,0,0,0,0,5597,0,-1,0
5598,-1,-1,5598,3281,3868,-1,5069,5470,2077,0,0,0,0,5598,0,-1,0
5599,-1,-1,5599,3282,3869,3761,5070,5471,2077,0,0,0,0,5599,0,-1,0
5600,-1,-1,5600,-1,-1,-1,5071,5472,-1,0,0,0,0,5600,0,-1,0
5601,-1,-1,5601,3283,3870,3762,5072,5473,2078,0,0,0,0,5601,0,-1,0
5602,-1,-1,5602,3284,3871,3763,5073,5474,2079,0,0,0,0,5602,0,-1,0
5603,-1,-1,5603,3285,3872,3764,5074,5475,2080,0,0,0,0,5603,0,-1,0
5604,-1,-1,5604,-1,-1,3765,5074,5476,2080,0,0,0,0,5604,0,-1,0
5605,-1,-1,5605,3286,3873,-1,5075,5477,-1,0,0,0,0,5605,0,-1,0
5606,-1,-1,5606,-1,3874,3766,5076,5478,2080,0,0,0,0,5606,0,-1,0
5607,-1,-1,5607,-1,3875,3767,5077,5479,-1,0,0,0,0,5607,0,-1,0
5608,-1,-1,5608,-1,3876,-1,5078,5480,-1,0,0,0,0,5608,0,-1,0
5609,-1,-1,5609,-1,-1,-1,5079,5481,-1,0,0,0,0,5609,0,-1,0
5610,-1,-1,5610,-1,-1,-1,5080,5482,-1,0,0,0,0,5610,0,-1,0
5611,-1,-1,5611,3287,-1,-1,5081,5483,-1,0,0,0,0,5611,0,-1,0
5612,-1,-1,5612,3288,3877,3768,5082,5484,2081,0,0,0,0,5612,0,-1,0
5613,-1,-1,5613,3288,3878,3769,5083,5485,2082,0,0,0,0,5613,0,-1,0
5614,-1,-1,5614,-1,-1,-1,5084,5486,-1,0,0,0,0,5614,0,-1,0
5615,-1,-1,5615,3289,-1,-1,5085,5487,2083,0,0,0,0,5615,0,-1,0
5616,-1,-1,5616,3289,-1,-1,5086,5488,-1,0,0,0,0,5616,0,-1,0
5617,-1,-1,5617,3290,3879,-1,5087,5489,2084,0,0,0,0,5617,0,-1,0
5618,-1,-1,5618,3291,3879,-1,5088,5490,2085,0,0,0,0,5618,0,-1,0
5619,-1,-1,5619,3292,3880,-1,5089,5491,-1,0,0,0,0,5619,0,-1,0
5620,-1,-1,5620,3293,3881,3770,5090,5492,2085,0,0,0,0,5620,0,-1,0
5621,-1,-1,5621,3294,3882,3770,5091,5493,-1,0,0,0,0,5621,0,-1,0
5622,-1,-1,5622,3295,3883,-1,5092,5494,-1,0,0,0,0,5622,0,-1,0
5623,-1,-1,5623,-1,3884,3771,5093,5495,-1,0,0,0,0,5623,0,-1,0
5624,-1,-1,5624,3296,3884,3772,5094,5496,2085,0,0,0,0,5624,0,-1,0
5625,-1,-1,5625,-1,-1,3773,5095,5497,2085,0,0,0,0,5625,0,-1,0
5626,-1,-1,5626,-1,-1,-1,5096,5498,-1,0,0,0,0,5626,0,-1,0
5627,-1,-1,5627,3297,3885,3774,5097,5499,2085,0,0,0,0,5627,0,-1,0
5628,-1,-1,5628,3298,3886,3775,5098,5500,2085,0,0,0,0,5628,0,-1,0
5629,-1,-1,5629,-1,3887,3776,5099,5501,2085,0,0,0,0,5629,0,-1,0
5630,-1,-1,5630,-1,3888,-1,5099,5502,2085,0,0,0,0,5630,0,-1,0
5631,-1,-1,5631,3299,3888,3776,5100,5503,2085,0,0,0,0,5631,0,-1,0
5632,-1,-1,5632,3300,3889,3777,5100,5504,-1,0,0,0,0,5632,0,-1,0
5633,-1,-1,5633,-1,3890,3778,5101,5505,2085,0,0,0,0,5633,0,-1,0
5634,-1,-1,5634,3301,3891,-1,5102,5506,2086,0,0,0,0,5634,0,-1,0
5635,-1,-1,5635,-1,3892,3779,5103,5507,2087,0,0,0,0,5635,0,-1,0
5636,-1,-1,5636,3302,3893,3780,5104,5508,2087,0,0,0,0,5636,0,-1,0
5637,-1,-1,5637,3303,3894,3781,5105,5509,2087,0,0,0,0,5637,0,-1,0
5638,-1,-1,5638,3304,3895,3782,5106,5510,2087,0,0,0,0,5638,0,-1,0
5639,-1,-1,5639,3305,3896,3783,5106,5510,2087,0,0,0,0,5639,0,-1,0
5640,-1,-1,5640,3305,3897,3784,5107,5511,2087,0,0,0,0,5640,0,-1,0
5641,-1,-1,5641,3306,3898,3785,5108,5512,2087,0,0,0,0,5641,0,-1,0
5642,-1,-1,5642,-1,-1,3786,5109,5513,-1,0,0,0,0,5642,0,-1,0
5643,-1,-1,5643,3307,3899,3787,5110,5514,2087,0,0,0,0,5643,0,-1,0
5644,-1,-1,5644,3308,3899,3788,5111,5515,-1,0,0,0,0,5644,0,-1,0
5645,-1,-1,5645,3309,3900,3789,5112,5516,2087,0,0,0,0,5645,0,-1,0
5646,-1,-1,5646,3310,3901,3790,5113,5517,-1,0,0,0,0,5646,0,-1,0
5647,-1,-1,5647,3311,3902,3791,5114,5518,2087,0,0,0,0,5647,0,-1,0
5648,-1,-1,5648,3312,3903,3792,5115,5519,2087,0,0,0,0,5648,0,-1,0
5649,-1,-1,5649,-1,-1,-1,5116,5520,2087,0,0,0,0,5649,0,-1,0
5650,-1,-1,5650,3313,3904,3793,5117,5521,2087,0,0,0,0,5650,0,-1,0
5651,-1,-1,5651,3313,3905,-1,5118,5522,2088,0,0,0,0,5651,0,-1,0
5652,-1,-1,5652,3314,3906,-1,5119,5523,2089,0,0,0,0,5652,0,-1,0
5653,-1,-1,5653,-1,3907,-1,5120,5524,-1,0,0,0,0,5653,0,-1,0
5654,-1,-1,5654,3315,3908,3793,5121,5525,-1,0,0,0,0,5654,0,-1,0
5655,-1,-1,5655,3316,3909,3794,5122,5526,2089,0,0,0,0,5655,0,-1,0
5656,-1,-1,5656,3317,3910,3795,5123,5527,2090,0,0,0,0,5656,0,-1,0
5657,-1,-1,5657,3317,3911,3796,5124,5528,2091,0,0,0,0,5657,0,-1,0
5658,-1,-1,5658,-1,3912,-1,5125,5529,2092,0,0,0,0,5658,0,-1,0
5659,-1,-1,5659,3317,3912,3797,5126,5530,2093,0,0,0,0,5659,0,-1,0
5660,-1,-1,5660,3318,3913,3798,5127,5531,2094,0,0,0,0,5660,0,-1,0
5661,-1,-1,5661,3319,3914,3799,5128,5532,2095,0,0,0,0,5661,0,-1,0
5662,-1,-1,5662,3320,3915,3800,5129,5533,2095,0,0,0,0,5662,0,-1,0
5663,-1,-1,5663,-1,3916,3801,5130,5534,2095,0,0,0,0,5663,0,-1,0
5664,-1,-1,5664,3321,3917,3802,5131,5535,2095,0,0,0,0,5664,0,-1,0
5665,-1,-1,5665,3321,3918,3803,5132,5536,2095,0,0,0,0,5665,0,-1,0
5666,-1,-1,5666,3322,3919,3804,5133,5537,2096,0,0,0,0,5666,0,-1,0
5667,-1,-1,5667,3322,3920,3805,5134,5538,-1,0,0,0,0,5667,0,-1,0
5668,-1,-1,5668,3323,3921,3806,5135,5539,2097,0,0,0,0,5668,0,-1,0
5669,-1,-1,5669,3324,3921,3807,5135,5540,2097,0,0,0,0,5669,0,-1,0
5670,-1,-1,5670,3325,3922,-1,5136,5541,2098,0,0,0,0,5670,0,-1,0
5671,-1,-1,5671,-1,-1,-1,5137,5542,2098,0,0,0,0,5671,0,-1,0
5672,-1,-1,5672,-1,3923,3808,5138,5543,2099,0,0,0,0,5672,0,-1,0
5673,-1,-1,5673,3326,3924,3809,5139,5544,2100,0,0,0,0,5673,0,-1,0
5674,-1,-1,5674,3326,3925,3810,5140,5545,2101,0,0,0,0,5674,0,-1,0
5675,-1,-1,5675,3327,3926,3811,5141,5546,2102,0,0,0,0,5675,0,-1,0
5676,-1,-1,5676,3328,3927,3812,5142,5547,-1,0,0,0,0,5676,0,-1,0
5677,-1,-1,5677,3328,3928,3812,5143,5548,2103,0,0,0,0,5677,0,-1,0
5678,-1,-1,5678,3329,3929,3813,5144,5549,-1,0,0,0,0,5678,0,-1,0
5679,-1,-1,5679,-1,-1,-1,5145,5550,2103,0,0,0,0,5679,0,-1,0
5680,-1,-1,5680,-1,3930,3814,5146,5551,-1,0,0,0,0,5680,0,-1,0
5681,-1,-1,5681,-1,3931,-1,5147,5552,-1,0,0,0,0,5681,0,-1,0
5682,-1,-1,5682,3329,3932,3815,5148,5553,-1,0,0,0,0,5682,0,-1,0
5683,-1,-1,5683,3330,3933,3816,5149,5554,2104,0,0,0,0,5683,0,-1,0
5684,-1,-1,5684,3331,3934,-1,5150,5555,2105,0,0,0,0,5684,0,-1,0
5685,-1,-1,5685,3332,3935,3817,5151,5556,-1,0,0,0,0,5685,0,-1,0
5686,-1,-1,5686,-1,3936,3818,5152,5557,-1,0,0,0,0,5686,0,-1,0
5687,-1,-1,5687,3333,3937,3819,5153,5558,-1,0,0,0,0,5687,0,-1,0
5688,-1,-1,5688,-1,-1,-1,5153,5558,-1,0,0,0,0,5688,0,-1,0
5689,-1,-1,5689,-1,-1,-1,5154,5559,-1,0,0,0,0,5689,0,-1,0
5690,-1,-1,5690,3334,3938,3819,5155,5560,2106,0,0,0,0,5690,0,-1,0
5691,-1,-1,5691,3335,3939,3820,5156,5561,2106,0,0,0,0,5691,0,-1,0
5692,-1,-1,5692,3336,-1,-1,5157,5562,-1,0,0,0,0,5692,0,-1,0
5693,-1,-1,5693,-1,3939,3821,5158,5563,2106,0,0,0,0,5693,0,-1,0
5694,-1,-1,5694,3337,3939,3821,5158,5564,-1,0,0,0,0,5694,0,-1,0
5695,-1,-1,5695,3338,3940,3822,5159,5565,-1,0,0,0,0,5695,0,-1,0
5696,-1,-1,5696,3338,3941,3823,5159,5565,-1,0,0,0,0,5696,0,-1,0
5697,-1,-1,5697,3339,3942,3823,5159,5566,2106,0,0,0,0,5697,0,-1,0
5698,-1,-1,5698,3340,3943,3824,5160,5567,2107,0,0,0,0,5698,0,-1,0
5699,-1,-1,5699,3341,3944,3825,5161,5568,2108,0,0,0,0,5699,0,-1,0
5700,-1,-1,5700,-1,-1,-1,5162,5569,-1,0,0,0,0,5700,0,-1,0
5701,-1,-1,5701,3342,3945,3826,5163,5570,2109,0,0,0,0,5701,0,-1,0
5702,-1,-1,5702,3342,3946,3827,5164,5571,-1,0,0,0,0,5702,0,-1,0
5703,-1,-1,5703,3343,3947,3828,5165,5572,2110,0,0,0,0,5703,0,-1,0
5704,-1,-1,5704,3344,3947,3829,5166,5573,2111,0,0,0,0,5704,0,-1,0
5705,-1,-1,5705,3345,3948,3830,5166,5574,2112,0,0,0,0,5705,0,-1,0
5706,-1,-1,5706,3346,3949,-1,5167,5575,2113,0,0,0,0,5706,0,-1,0
5707,-1,-1,5707,-1,3950,3831,5168,5576,2114,0,0,0,0,5707,0,-1,0
5708,-1,-1,5708,3347,3951,3832,5169,5577,2115,0,0,0,0,5708,0,-1,0
5709,-1,-1,5709,3348,3952,3833,5169,5578,2115,0,0,0,0,5709,0,-1,0
5710,-1,-1,5710,3349,-1,-1,5170,5579,-1,0,0,0,0,5710,0,-1,0
5711,-1,-1,5711,-1,-1,-1,5171,5580,-1,0,0,0,0,5711,0,-1,0
5712,-1,-1,5712,3350,3953,3834,5172,5581,-1,0,0,0,0,5712,0,-1,0
5713,-1,-1,5713,-1,3954,-1,5173,5582,2115,0,0,0,0,5713,0,-1,0
5714,-1,-1,5714,-1,3955,3835,5174,5583,2115,0,0,0,0,5714,0,-1,0
5715,-1,-1,5715,3351,3956,3836,5175,5584,2116,0,0,0,0,5715,0,-1,0
5716,-1,-1,5716,3352,3956,3837,5176,5585,-1,0,0,0,0,5716,0,-1,0
5717,-1,-1,5717,3353,3956,3838,5177,5586,2117,0,0,0,0,5717,0,-1,0
5718,-1,-1,5718,3354,3957,-1,5178,5587,-1,0,0,0,0,5718,0,-1,0
5719,-1,-1,5719,3355,3958,3839,5179,5588,2118,0,0,0,0,5719,0,-1,0
5720,-1,-1,5720,3356,3959,3840,5180,5589,2118,0,0,0,0,5720,0,-1,0
5721,-1,-1,5721,-1,3960,3841,5181,5590,2118,0,0,0,0,5721,0,-1,0
5722,-1,-1,5722,3356,3961,3842,5182,5591,2118,0,0,0,0,5722,0,-1,0
5723,-1,-1,5723,3357,-1,3843,5183,5592,-1,0,0,0,0,5723,0,-1,0
5724,-1,-1,5724,3358,3962,3844,5184,5593,2118,0,0,0,0,5724,0,-1,0
5725,-1,-1,5725,-1,-1,-1,5185,5594,-1,0,0,0,0,5725,0,-1,0
5726,-1,-1,5726,3359,3963,3845,5186,5595,2118,0,0,0,0,5726,0,-1,0
5727,-1,-1,5727,3360,3964,3846,5187,5596,2118,0,0,0,0,5727,0,-1,0
5728,-1,-1,5728,-1,3965,3847,5188,5597,2119,0,0,0,0,5728,0,-1,0
5729,-1,-1,5729,3360,3966,3848,5189,5598,2120,0,0,0,0,5729,0,-1,0
5730,-1,-1,5730,-1,3967,-1,5190,5599,2121,0,0,0,0,5730,0,-1,0
5731,-1,-1,5731,-1,3968,-1,5191,5600,2122,0,0,0,0,5731,0,-1,0
5732,-1,-1,5732,3361,3969,3849,5192,5601,2123,0,0,0,0,5732,0,-1,0
5733,-1,-1,5733,3362,3970,3850,5193,5602,2124,0,0,0,0,5733,0,-1,0
5734,-1,-1,5734,-1,3971,-1,5194,5603,2124,0,0,0,0,5734,0,-1,0
5735,-1,-1,5735,3363,3971,3850,5195,5604,-1,0,0,0,0,5735,0,-1,0
5736,-1,-1,5736,3364,3972,3851,5196,5605,2125,0,0,0,0,5736,0,-1,0
5737,-1,-1,5737,3364,3972,3852,5197,5606,2126,0,0,0,0,5737,0,-1,0
5738,-1,-1,5738,3365,3973,3853,5198,5607,-1,0,0,0,0,5738,0,-1,0
5739,-1,-1,5739,3366,3974,3853,5199,5608,2127,0,0,0,0,5739,0,-1,0
5740,-1,-1,5740,3367,3975,3854,5200,5609,2128,0,0,0,0,5740,0,-1,0
5741,-1,-1,5741,3368,3976,3855,5201,5610,-1,0,0,0,0,5741,0,-1,0
5742,-1,-1,5742,3369,3977,3855,5202,5611,-1,0,0,0,0,5742,0,-1,0
5743,-1,-1,5743,-1,3978,-1,5203,5612,-1,0,0,0,0,5743,0,-1,0
5744,-1,-1,5744,-1,-1,-1,5204,5613,-1,0,0,0,0,5744,0,-1,0
5745,-1,-1,5745,-1,3979,3856,5205,5614,-1,0,0,0,0,5745,0,-1,0
5746,-1,-1,5746,3369,3980,-1,5206,5615,2129,0,0,0,0,5746,0,-1,0
5747,-1,-1,5747,3370,3981,3857,5207,5616,2129,0,0,0,0,5747,0,-1,0
5748,-1,-1,5748,3371,3981,3858,5208,5617,2129,0,0,0,0,5748,0,-1,0
5749,-1,-1,5749,3372,3982,3859,5209,5618,2130,0,0,0,0,5749,0,-1,0
5750,-1,-1,5750,3372,3983,3860,5209,5619,2131,0,0,0,0,5750,0,-1,0
5751,-1,-1,5751,3373,3984,3861,5209,5620,2132,0,0,0,0,5751,0,-1,0
5752,-1,-1,5752,-1,-1,-1,5210,5621,-1,0,0,0,0,5752,0,-1,0
5753,-1,-1,5753,-1,-1,3862,5210,5622,2133,0,0,0,0,5753,0,-1,0
5754,-1,-1,5754,-1,3985,3862,5210,5623,2134,0,0,0,0,5754,0,-1,0
5755,-1,-1,5755,3374,-1,3863,5210,5624,2135,0,0,0,0,5755,0,-1,0
5756,-1,-1,5756,-1,-1,-1,5211,5625,-1,0,0,0,0,5756,0,-1,0
5757,-1,-1,5757,3375,3986,3864,5212,5626,-1,0,0,0,0,5757,0,-1,0
5758,-1,-1,5758,3375,3987,3865,5213,5627,-1,0,0,0,0,5758,0,-1,0
5759,-1,-1,5759,3376,3987,3866,5214,5628,2136,0,0,0,0,5759,0,-1,0
5760,-1,-1,5760,3377,3988,3867,5215,5629,2136,0,0,0,0,5760,0,-1,0
5761,-1,-1,5761,-1,3989,3868,5216,5630,2137,0,0,0,0,5761,0,-1,0
5762,-1,-1,5762,-1,-1,-1,5217,5631,2137,0,0,0,0,5762,0,-1,0
5763,-1,-1,5763,3378,3990,3869,5218,5632,2138,0,0,0,0,5763,0,-1,0
5764,-1,-1,5764,3379,3991,-1,5219,5633,2139,0,0,0,0,5764,0,-1,0
5765,-1,-1,5765,3380,3992,3870,5220,5634,2139,0,0,0,0,5765,0,-1,0
5766,-1,-1,5766,3381,3993,3871,5221,5635,2139,0,0,0,0,5766,0,-1,0
5767,-1,-1,5767,3382,3994,3872,5222,5636,2140,0,0,0,0,5767,0,-1,0
5768,-1,-1,5768,-1,3995,3873,5223,5637,2141,0,0,0,0,5768,0,-1,0
5769,-1,-1,5769,3383,3996,3874,5224,5638,2142,0,0,0,0,5769,0,-1,0
5770,-1,-1,5770,3384,3997,-1,5225,5639,2143,0,0,0,0,5770,0,-1,0
5771,-1,-1,5771,3385,3998,3875,5226,5640,2143,0,0,0,0,5771,0,-1,0
5772,-1,-1,5772,3386,3999,3876,5227,5641,-1,0,0,0,0,5772,0,-1,0
5773,-1,-1,5773,-1,4000,-1,5228,5642,2143,0,0,0,0,5773,0,-1,0
5774,-1,-1,5774,3387,4001,3877,5229,5643,2143,0,0,0,0,5774,0,-1,0
5775,-1,-1,5775,3388,4002,3878,5230,5644,2143,0,0,0,0,5775,0,-1,0
5776,-1,-1,5776,3389,4003,3879,5231,5645,-1,0,0,0,0,5776,0,-1,0
5777,-1,-1,5777,3390,4004,3879,5232,5646,2143,0,0,0,0,5777,0,-1,0
5778,-1,-1,5778,3391,4005,3880,5233,5647,-1,0,0,0,0,5778,0,-1,0
5779,-1,-1,5779,3392,4006,-1,5234,5648,2143,0,0,0,0,5779,0,-1,0
5780,-1,-1,5780,3393,4007,3881,5235,5649,-1,0,0,0,0,5780,0,-1,0
5781,-1,-1,5781,-1,4008,-1,5236,5650,2144,0,0,0,0,5781,0,-1,0
5782,-1,-1,5782,-1,4009,3882,5237,5651,2145,0,0,0,0,5782,0,-1,0
5783,-1,-1,5783,3394,4010,3883,5238,5652,2145,0,0,0,0,5783,0,-1,0
5784,-1,-1,5784,-1,4011,3884,5239,5653,-1,0,0,0,0,5784,0,-1,0
5785,-1,-1,5785,-1,4012,-1,5240,5654,2145,0,0,0,0,5785,0,-1,0
5786,-1,-1,5786,3395,4013,3885,5240,5655,-1,0,0,0,0,5786,0,-1,0
5787,-1,-1,5787,-1,-1,3885,5240,5655,-1,0,0,0,0,5787,0,-1,0
5788,-1,-1,5788,3396,4014,3886,5241,5656,2145,0,0,0,0,5788,0,-1,0
5789,-1,-1,5789,3397,4015,3887,5242,5657,-1,0,0,0,0,5789,0,-1,0
5790,-1,-1,5790,-1,-1,-1,5243,5658,-1,0,0,0,0,5790,0,-1,0
5791,-1,-1,5791,3398,4016,3888,5244,5659,2146,0,0,0,0,5791,0,-1,0
5792,-1,-1,5792,-1,4016,3889,5245,5660,-1,0,0,0,0,5792,0,-1,0
5793,-1,-1,5793,-1,-1,-1,5246,5661,-1,0,0,0,0,5793,0,-1,0
5794,-1,-1,5794,3399,-1,-1,5246,5661,-1,0,0,0,0,5794,0,-1,0
5795,-1,-1,5795,3400,4017,-1,5247,5662,-1,0,0,0,0,5795,0,-1,0
5796,-1,-1,5796,3401,4018,3890,5248,5663,2147,0,0,0,0,5796,0,-1,0
5797,-1,-1,5797,3401,4019,3891,5249,5664,2147,0,0,0,0,5797,0,-1,0
5798,-1,-1,5798,3402,4020,3892,5250,5665,2148,0,0,0,0,5798,0,-1,0
5799,-1,-1,5799,3403,4021,3893,5251,5666,-1,0,0,0,0,5799,0,-1,0
5800,-1,-1,5800,3404,4022,3894,5252,5667,2149,0,0,0,0,5800,0,-1,0
5801,-1,-1,5801,-1,-1,-1,5253,5668,-1,0,0,0,0,5801,0,-1,0
5802,-1,-1,5802,3405,4023,3895,5254,5669,-1,0,0,0,0,5802,0,-1,0
5803,-1,-1,5803,-1,-1,-1,5255,5670,2150,0,0,0,0,5803,0,-1,0
5804,-1,-1,5804,3406,4023,3896,5256,5671,-1,0,0,0,0,5804,0,-1,0
5805,-1,-1,5805,3407,-1,-1,5257,5672,-1,0,0,0,0,5805,0,-1,0
5806,-1,-1,5806,3408,4024,3897,5258,5673,2150,0,0,0,0,5806,0,-1,0
5807,-1,-1,5807,3409,4025,3898,5259,5674,2151,0,0,0,0,5807,0,-1,0
5808,-1,-1,5808,3409,-1,-1,5260,5675,2152,0,0,0,0,5808,0,-1,0
5809,-1,-1,5809,3410,4026,3899,5261,5676,-1,0,0,0,0,5809,0,-1,0
5810,-1,-1,5810,3411,4027,3900,5262,5677,2153,0,0,0,0,5810,0,-1,0
5811,-1,-1,5811,3412,-1,-1,5263,5678,2154,0,0,0,0,5811,0,-1,0
5812,-1,-1,5812,-1,4028,3901,5263,5679,-1,0,0,0,0,5812,0,-1,0
5813,-1,-1,5813,3413,4029,3902,5264,5680,2155,0,0,0,0,5813,0,-1,0
5814,-1,-1,5814,3414,4030,-1,5265,5681,2156,0,0,0,0,5814,0,-1,0
5815,-1,-1,5815,3415,4031,3903,5266,5682,-1,0,0,0,0,5815,0,-1,0
5816,-1,-1,5816,3416,4032,3904,5267,5683,-1,0,0,0,0,5816,0,-1,0
5817,-1,-1,5817,3417,4033,3905,5268,5684,2157,0,0,0,0,5817,0,-1,0
5818,-1,-1,5818,3417,4034,3906,5269,5685,2158,0,0,0,0,5818,0,-1,0
5819,-1,-1,5819,3418,4035,3907,5270,5686,2159,0,0,0,0,5819,0,-1,0
5820,-1,-1,5820,3419,4035,3908,5271,5687,-1,0,0,0,0,5820,0,-1,0
5821,-1,-1,5821,3420,4036,3909,5272,5688,2160,0,0,0,0,5821,0,-1,0
5822,-1,-1,5822,3421,4037,3910,5272,5689,2161,0,0,0,0,5822,0,-1,0
5823,-1,-1,5823,-1,4038,3911,5273,5690,2162,0,0,0,0,5823,0,-1,0
5824,-1,-1,5824,3422,4038,-1,5274,5691,2162,0,0,0,0,5824,0,-1,0
5825,-1,-1,5825,3423,4039,-1,5275,5692,2162,0,0,0,0,5825,0,-1,0
5826,-1,-1,5826,3424,4040,3912,5276,5693,2163,0,0,0,0,5826,0,-1,0
5827,-1,-1,5827,-1,4041,3913,5277,5694,2164,0,0,0,0,5827,0,-1,0
5828,-1,-1,5828,3425,4042,3914,5278,5695,2165,0,0,0,0,5828,0,-1,0
5829,-1,-1,5829,3426,4043,-1,5279,5696,2165,0,0,0,0,5829,0,-1,0
5830,-1,-1,5830,3427,4043,3915,5280,5697,2165,0,0,0,0,5830,0,-1,0
5831,-1,-1,5831,3428,4044,3916,5281,5698,-1,0,0,0,0,5831,0,-1,0
5832,-1,-1,5832,-1,4045,-1,5282,5699,2165,0,0,0,0,5832,0,-1,0
5833,-1,-1,5833,-1,4046,3917,5283,5700,-1,0,0,0,0,5833,0,-1,0
5834,-1,-1,5834,-1,-1,-1,5284,5701,-1,0,0,0,0,5834,0,-1,0
5835,-1,-1,5835,3429,4047,3918,5285,5702,2165,0,0,0,0,5835,0,-1,0
5836,-1,-1,5836,3429,-1,-1,5286,5703,-1,0,0,0,0,5836,0,-1,0
5837,-1,-1,5837,3429,4048,-1,5287,5704,2165,0,0,0,0,5837,0,-1,0
5838,-1,-1,5838,3430,4049,3919,5288,5705,2165,0,0,0,0,5838,0,-1,0
5839,-1,-1,5839,3431,4049,-1,5289,5706,-1,0,0,0,0,5839,0,-1,0
5840,-1,-1,5840,3432,4050,3920,5290,5707,2166,0,0,0,0,5840,0,-1,0
5841,-1,-1,5841,3433,4051,3920,5291,5708,2167,0,0,0,0,5841,0,-1,0
5842,-1,-1,5842,-1,4052,3921,5292,5709,-1,0,0,0,0,5842,0,-1,0
5843,-1,-1,5843,-1,4053,-1,5293,5710,2167,0,0,0,0,5843,0,-1,0
5844,-1,-1,5844,-1,-1,-1,5294,5711,2167,0,0,0,0,5844,0,-1,0
5845,-1,-1,5845,3434,4054,3922,5295,5712,2167,0,0,0,0,5845,0,-1,0
5846,-1,-1,5846,3435,4055,3923,5296,5713,2168,0,0,0,0,5846,0,-1,0
5847,-1,-1,5847,3436,4055,3924,5297,5714,2169,0,0,0,0,5847,0,-1,0
5848,-1,-1,5848,3437,4055,3925,5298,5715,2169,0,0,0,0,5848,0,-1,0
5849,-1,-1,5849,3438,4056,-1,5299,5716,2169,0,0,0,0,5849,0,-1,0
5850,-1,-1,5850,3438,4057,3926,5300,5717,2169,0,0,0,0,5850,0,-1,0
5851,-1,37,5851,-1,-1,-1,5301,5718,-1,0,0,0,0,5851,0,-1,0
5852,-1,-1,5852,-1,4058,3927,5301,5719,2169,0,0,0,0,5852,0,-1,0
5853,-1,-1,5853,-1,4059,3928,5302,5720,2169,0,0,0,0,5853,0,-1,0
5854,-1,-1,5854,3439,4060,3929,5303,5721,2169,0,0,0,0,5854,0,-1,0
5855,-1,-1,5855,3440,-1,-1,5304,5722,2169,0,0,0,0,5855,0,-1,0
5856,-1,-1,5856,-1,4061,3929,5305,5723,-1,0,0,0,0,5856,0,-1,0
5857,-1,-1,5857,-1,4062,3930,5306,5724,2170,0,0,0,0,5857,0,-1,0
5858,-1,-1,5858,3441,4063,3931,5307,5725,2171,0,0,0,0,5858,0,-1,0
5859,-1,-1,5859,3442,4064,3932,5308,5726,2172,0,0,0,0,5859,0,-1,0
5860,-1,-1,5860,3443,4065,3933,5309,5727,2173,0,0,0,0,5860,0,-1,0
5861,-1,-1,5861,3443,4066,3934,5310,5728,2174,0,0,0,0,5861,0,-1,0
5862,-1,-1,5862,-1,4067,3935,5311,5729,2175,0,0,0,0,5862,0,-1,0
5863,-1,-1,5863,-1,4067,3936,5312,5730,-1,0,0,0,0,5863,0,-1,0
5864,-1,-1,5864,-1,4068,-1,5313,5731,2176,0,0,0,0,5864,0,-1,0
5865,-1,-1,5865,3444,4069,3937,5314,5732,-1,0,0,0,0,5865,0,-1,0
5866,-1,-1,5866,3445,4070,-1,5315,5733,2176,0,0,0,0,5866,0,-1,0
5867,-1,-1,5867,-1,4071,3938,5316,5734,-1,0,0,0,0,5867,0,-1,0
5868,-1,-1,5868,3446,4072,3939,5317,5735,2176,0,0,0,0,5868,0,-1,0
5869,-1,-1,5869,-1,4073,3939,5318,5736,-1,0,0,0,0,5869,0,-1,0
5870,-1,-1,5870,3447,4074,3940,5319,5737,-1,0,0,0,0,5870,0,-1,0
5871,-1,-1,5871,3448,4075,-1,5320,5738,2176,0,0,0,0,5871,0,-1,0
5872,-1,-1,5872,3449,4076,-1,5321,5739,-1,0,0,0,0,5872,0,-1,0
5873,-1,-1,5873,3450,4077,3941,5322,5740,2177,0,0,0,0,5873,0,-1,0
5874,-1,-1,5874,3451,4078,3942,5323,5741,-1,0,0,0,0,5874,0,-1,0
5875,-1,-1,5875,3452,4079,3943,5324,5742,2178,0,0,0,0,5875,0,-1,0
5876,-1,-1,5876,3453,4080,3944,5325,5743,2179,0,0,0,0,5876,0,-1,0
5877,-1,-1,5877,3454,4081,3945,5326,5744,-1,0,0,0,0,5877,0,-1,0
5878,-1,-1,5878,-1,4082,3946,5327,5745,-1,0,0,0,0,5878,0,-1,0
5879,-1,-1,5879,3455,4083,3947,5328,5746,2180,0,0,0,0,5879,0,-1,0
5880,-1,-1,5880,3456,4084,3948,5329,5747,2181,0,0,0,0,5880,0,-1,0
5881,-1,-1,5881,-1,-1,-1,5330,5748,-1,0,0,0,0,5881,0,-1,0
5882,-1,-1,5882,3456,4084,3949,5331,5749,2182,0,0,0,0,5882,0,-1,0
5883,-1,-1,5883,-1,4085,3950,5332,5750,2183,0,0,0,0,5883,0,-1,0
5884,-1,-1,5884,3457,-1,-1,5333,5751,2184,0,0,0,0,5884,0,-1,0
5885,-1,-1,5885,3458,4086,3951,5334,5752,2185,0,0,0,0,5885,0,-1,0
5886,-1,-1,5886,3459,4087,3951,5335,5753,-1,0,0,0,0,5886,0,-1,0
5887,-1,-1,5887,3460,4088,3952,5336,5754,2186,0,0,0,0,5887,0,-1,0
5888,-1,-1,5888,3461,-1,-1,5337,5755,2186,0,0,0,0,5888,0,-1,0
5889,-1,-1,5889,-1,4089,3953,5338,5756,2186,0,0,0,0,5889,0,-1,0
5890,-1,-1,5890,3462,-1,-1,5339,5757,2186,0,0,0,0,5890,0,-1,0
5891,-1,-1,5891,3463,4089,3954,5340,5758,-1,0,0,0,0,5891,0,-1,0
5892,-1,-1,5892,-1,4089,3955,5341,5759,2186,0,0,0,0,5892,0,-1,0
5893,-1,-1,5893,3464,4090,3956,5341,5760,2186,0,0,0,0,5893,0,-1,0
5894,-1,-1,5894,-1,4091,3957,5342,5761,2186,0,0,0,0,5894,0,-1,0
5895,-1,-1,5895,3465,4092,3958,5343,5762,2187,0,0,0,0,5895,0,-1,0
5896,-1,-1,5896,-1,-1,-1,5344,5763,2188,0,0,0,0,5896,0,-1,0
5897,-1,-1,5897,3466,4093,-1,5345,5764,2189,0,0,0,0,5897,0,-1,0
5898,-1,-1,5898,3467,4094,3959,5346,5765,2189,0,0,0,0,5898,0,-1,0
5899,-1,-1,5899,3468,4095,3960,5347,5766,-1,0,0,0,0,5899,0,-1,0
5900,-1,-1,5900,3468,4095,3961,5348,5767,2189,0,0,0,0,5900,0,-1,0
5901,-1,-1,5901,3468,-1,-1,5349,5768,2189,0,0,0,0,5901,0,-1,0
5902,-1,-1,5902,3469,4096,3962,5350,5769,-1,0,0,0,0,5902,0,-1,0
5903,-1,-1,5903,3470,4097,3963,5351,5770,2189,0,0,0,0,5903,0,-1,0
5904,-1,-1,5904,-1,4097,-1,5352,5771,-1,0,0,0,0,5904,0,-1,0
5905,-1,-1,5905,3471,4098,3964,5353,5772,2189,0,0,0,0,5905,0,-1,0
5906,-1,-1,5906,3472,4099,3965,5354,5773,-1,0,0,0,0,5906,0,-1,0
5907,-1,-1,5907,3473,4100,3966,5355,5774,2189,0,0,0,0,5907,0,-1,0
5908,-1,-1,5908,3474,4101,3967,5356,5775,2190,0,0,0,0,5908,0,-1,0
5909,-1,-1,5909,3475,4101,3968,5357,5776,-1,0,0,0,0,5909,0,-1,0
5910,-1,-1,5910,3476,4101,3969,5358,5777,2191,0,0,0,0,5910,0,-1,0
5911,-1,-1,5911,3477,4102,3970,5359,5778,-1,0,0,0,0,5911,0,-1,0
5912,-1,-1,5912,-1,4103,-1,5360,5779,2192,0,0,0,0,5912,0,-1,0
5913,-1,-1,5913,-1,4104,3971,5361,5780,2193,0,0,0,0,5913,0,-1,0
5914,-1,-1,5914,3478,4105,3972,5362,5781,-1,0,0,0,0,5914,0,-1,0
5915,-1,-1,5915,3479,4106,3973,5363,5782,2194,0,0,0,0,5915,0,-1,0
5916,-1,-1,5916,3480,4107,3974,5364,5783,2195,0,0,0,0,5916,0,-1,0
5917,-1,-1,5917,3481,4108,3975,5365,5784,-1,0,0,0,0,5917,0,-1,0
5918,-1,-1,5918,-1,4109,3976,5366,5785,-1,0,0,0,0,5918,0,-1,0
5919,-1,-1,5919,3482,4109,3977,5367,5786,2196,0,0,0,0,5919,0,-1,0
5920,-1,-1,5920,-1,4110,-1,5368,5787,-1,0,0,0,0,5920,0,-1,0
5921,-1,-1,5921,3483,-1,-1,5369,5788,-1,0,0,0,0,5921,0,-1,0
5922,-1,-1,5922,3484,4111,3977,5370,5789,-1,0,0,0,0,5922,0,-1,0
5923,-1,-1,5923,-1,4112,3977,5371,5790,2197,0,0,0,0,5923,0,-1,0
5924,-1,-1,5924,-1,4113,3978,5372,5791,2197,0,0,0,0,5924,0,-1,0
5925,-1,-1,5925,3485,4114,3979,5373,5792,2197,0,0,0,0,5925,0,-1,0
5926,-1,-1,5926,3486,4115,3980,5374,5793,2197,0,0,0,0,5926,0,-1,0
5927,-1,-1,5927,3487,4116,-1,-1,5794,-1,0,0,0,0,5927,0,-1,0
5928,-1,-1,5928,-1,4117,3981,5375,5795,-1,0,0,0,0,5928,0,-1,0
5929,-1,-1,5929,3488,4118,3982,5376,5796,-1,0,0,0,0,5929,0,-1,0
5930,-1,-1,5930,-1,4119,-1,5377,5797,2198,0,0,0,0,5930,0,-1,0
5931,-1,-1,5931,3489,4120,-1,-1,5798,-1,0,0,0,0,5931,0,-1,0
5932,-1,-1,5932,3490,4120,3983,5378,5799,2199,0,0,0,0,5932,0,-1,0
5933,-1,-1,5933,3491,4121,3984,5379,5800,-1,0,0,0,0,5933,0,-1,0
5934,-1,-1,5934,3492,4121,-1,5380,5801,-1,0,0,0,0,5934,0,-1,0
5935,-1,-1,5935,3493,4122,3984,5380,5801,-1,0,0,0,0,5935,0,-1,0
5936,-1,-1,5936,3494,4122,3985,5380,5802,2200,0,0,0,0,5936,0,-1,0
5937,-1,-1,5937,3495,4122,3986,5381,5803,-1,0,0,0,0,5937,0,-1,0
5938,-1,-1,5938,3496,4123,3987,5381,5803,-1,0,0,0,0,5938,0,-1,0
5939,-1,-1,5939,-1,4124,-1,5381,5803,-1,0,0,0,0,5939,0,-1,0
5940,-1,-1,5940,-1,-1,-1,5381,5803,-1,0,0,0,0,5940,0,-1,0
5941,-1,-1,5941,-1,-1,-1,5381,5804,2201,0,0,0,0,5941,0,-1,0
5942,-1,-1,5942,-1,-1,-1,5381,5805,-1,0,0,0,0,5942,0,-1,0
5943,-1,-1,5943,3497,4125,3988,5382,5806,2201,0,0,0,0,5943,0,-1,0
5944,-1,-1,5944,-1,4126,-1,5382,5807,-1,0,0,0,0,5944,0,-1,0
5945,-1,-1,5945,3498,4127,3989,5383,5808,-1,0,0,0,0,5945,0,-1,0
5946,-1,-1,5946,-1,-1,-1,5384,5809,2201,0,0,0,0,5946,0,-1,0
5947,-1,-1,5947,-1,4128,3990,5385,5810,-1,0,0,0,0,5947,0,-1,0
5948,-1,-1,5948,3499,4129,3991,5386,5811,2201,0,0,0,0,5948,0,-1,0
5949,-1,-1,5949,-1,-1,-1,5387,5812,-1,0,0,0,0,5949,0,-1,0
5950,-1,-1,5950,3500,4130,3992,5388,5813,2202,0,0,0,0,5950,0,-1,0
5951,-1,-1,5951,3501,4131,3993,-1,5814,2203,0,0,0,0,5951,0,-1,0
5952,-1,-1,5952,3502,4131,3994,5389,5815,2204,0,0,0,0,5952,0,-1,0
5953,-1,-1,5953,-1,-1,-1,5390,5816,2204,0,0,0,0,5953,0,-1,0
5954,-1,-1,5954,-1,4132,3995,5391,5817,2204,0,0,0,0,5954,0,-1,0
5955,-1,-1,5955,-1,4133,3996,5392,5818,2205,0,0,0,0,5955,0,-1,0
5956,-1,-1,5956,3503,4134,3996,5393,5819,2206,0,0,0,0,5956,0,-1,0
5957,-1,-1,5957,3504,4135,3997,5394,5820,2207,0,0,0,0,5957,0,-1,0
5958,-1,-1,5958,3505,4136,-1,5395,5821,-1,0,0,0,0,5958,0,-1,0
5959,-1,-1,5959,3506,-1,-1,5396,5822,-1,0,0,0,0,5959,0,-1,0
5960,-1,-1,5960,3506,4137,3998,5397,5823,2207,0,0,0,0,5960,0,-1,0
5961,-1,-1,5961,-1,4138,3999,5398,5824,2207,0,0,0,0,5961,0,-1,0
5962,-1,-1,5962,-1,4139,4000,5399,5825,2207,0,0,0,0,5962,0,-1,0
5963,-1,-1,5963,-1,-1,-1,5400,5826,2207,0,0,0,0,5963,0,-1,0
5964,-1,-1,5964,3507,4140,4001,5401,5827,2207,0,0,0,0,5964,0,-1,0
5965,-1,-1,5965,-1,-1,4002,5402,5828,2207,0,0,0,0,5965,0,-1,0
5966,-1,-1,5966,3508,4140,4003,5403,5829,2207,0,0,0,0,5966,0,-1,0
5967,-1,-1,5967,-1,-1,-1,-1,5830,-1,0,0,0,0,5967,0,-1,0
5968,-1,-1,5968,-1,4141,4003,5404,5831,2208,0,0,0,0,5968,0,-1,0
5969,-1,-1,5969,3509,4142,4004,5405,5832,2209,0,0,0,0,5969,0,-1,0
5970,-1,-1,5970,-1,4143,4005,5406,5833,-1,0,0,0,0,5970,0,-1,0
5971,-1,-1,5971,3510,4144,4006,5407,5834,-1,0,0,0,0,5971,0,-1,0
5972,-1,-1,5972,-1,-1,-1,5408,5835,2210,0,0,0,0,5972,0,-1,0
5973,-1,-1,5973,3511,4144,4007,5409,5836,2211,0,0,0,0,5973,0,-1,0
5974,-1,-1,5974,-1,4145,4008,5410,5837,-1,0,0,0,0,5974,0,-1,0
5975,-1,-1,5975,-1,4146,4009,5411,5838,-1,0,0,0,0,5975,0,-1,0
5976,-1,-1,5976,3512,4147,4010,5411,5839,2211,0,0,0,0,5976,0,-1,0
5977,-1,-1,5977,-1,4148,4011,5412,5840,2211,0,0,0,0,5977,0,-1,0
5978,-1,-1,5978,-1,-1,-1,5413,5841,2211,0,0,0,0,5978,0,-1,0
5979,-1,-1,5979,-1,4149,4012,5413,5842,-1,0,0,0,0,5979,0,-1,0
5980,-1,-1,5980,3513,4150,-1,5413,5843,2211,0,0,0,0,5980,0,-1,0
5981,-1,-1,5981,3514,4151,4013,5414,5844,2211,0,0,0,0,5981,0,-1,0
5982,-1,-1,5982,-1,4152,4014,5414,5845,2211,0,0,0,0,5982,0,-1,0
5983,-1,-1,5983,3515,4153,4015,5415,5846,2211,0,0,0,0,5983,0,-1,0
5984,-1,-1,5984,3515,4154,4016,5416,5847,2211,0,0,0,0,5984,0,-1,0
5985,-1,-1,5985,3515,4155,4017,5417,5848,2212,0,0,0,0,5985,0,-1,0
5986,-1,-1,5986,3516,4156,4018,5418,5849,-1,0,0,0,0,5986,0,-1,0
5987,-1,-1,5987,3517,4157,4019,5419,5850,-1,0,0,0,0,5987,0,-1,0
5988,-1,-1,5988,3518,4158,4020,5420,5851,2213,0,0,0,0,5988,0,-1,0
5989,-1,-1,5989,3519,4159,-1,5421,5852,2214,0,0,0,0,5989,0,-1,0
5990,-1,-1,5990,-1,4160,4021,5422,5853,-1,0,0,0,0,5990,0,-1,0
5991,-1,-1,5991,3520,4161,4022,5423,5854,2215,0,0,0,0,5991,0,-1,0
5992,-1,-1,5992,3521,4162,4023,5424,5855,2216,0,0,0,0,5992,0,-1,0
5993,-1,-1,5993,3522,4163,4024,5425,5856,2217,0,0,0,0,5993,0,-1,0
5994,-1,-1,5994,3523,4164,4025,5425,5857,2218,0,0,0,0,5994,0,-1,0
5995,-1,-1,5995,-1,4165,-1,5426,5858,2218,0,0,0,0,5995,0,-1,0
5996,-1,-1,5996,3524,4166,-1,5427,5859,-1,0,0,0,0,5996,0,-1,0
5997,-1,-1,5997,-1,-1,-1,5428,5860,-1,0,0,0,0,5997,0,-1,0
5998,-1,-1,5998,3525,4167,4026,5429,5861,2218,0,0,0,0,5998,0,-1,0
5999,-1,-1,5999,3526,4168,4027,5430,5862,2219,0,0,0,0,5999,0,-1,0
6000,-1,-1,6000,3527,4169,4028,5431,5863,2220,0,0,0,0,6000,0,-1,0
6001,-1,-1,6001,3528,4170,4029,5432,5864,2220,0,0,0,0,6001,0,-1,0
6002,-1,-1,6002,-1,4171,-1,5433,5865,-1,0,0,0,0,6002,0,-1,0
6003,-1,-1,6003,3528,-1,-1,5434,5866,2220,0,0,0,0,6003,0,-1,0
6004,-1,-1,6004,3529,-1,-1,5435,5867,2220,0,0,0,0,6004,0,-1,0
6005,-1,-1,6005,-1,4172,4030,5436,5868,2220,0,0,0,0,6005,0,-1,0
6006,-1,-1,6006,3530,-1,-1,5437,5869,2221,0,0,0,0,6006,0,-1,0
6007,-1,-1,6007,3531,4172,4031,5438,5870,2222,0,0,0,0,6007,0,-1,0
6008,-1,-1,6008,3532,4173,4032,5439,5871,2223,0,0,0,0,6008,0,-1,0
6009,-1,-1,6009,3533,4174,4033,5440,5872,2224,0,0,0,0,6009,0,-1,0
6010,-1,-1,6010,3534,4174,4034,5441,5873,-1,0,0,0,0,6010,0,-1,0
6011,-1,-1,6011,3535,4175,4035,5442,5874,2224,0,0,0,0,6011,0,-1,0
6012,-1,-1,6012,3536,4176,4036,5443,5875,2224,0,0,0,0,6012,0,-1,0
6013,-1,-1,6013,3537,4177,4037,5444,5876,-1,0,0,0,0,6013,0,-1,0
6014,-1,-1,6014,3538,4178,4038,5445,5877,2225,0,0,0,0,6014,0,-1,0
6015,-1,-1,6015,3539,4179,4038,5446,5878,2226,0,0,0,0,6015,0,-1,0
6016,-1,-1,6016,3540,4180,4039,5447,5879,2227,0,0,0,0,6016,0,-1,0
6017,-1,-1,6017,3541,4181,-1,5448,5880,2228,0,0,0,0,6017,0,-1,0
6018,-1,-1,6018,3542,4182,4040,5448,5881,-1,0,0,0,0,6018,0,-1,0
6019,-1,-1,6019,3543,4183,4041,5449,5882,2228,0,0,0,0,6019,0,-1,0
6020,-1,-1,6020,-1,-1,-1,5450,5883,2229,0,0,0,0,6020,0,-1,0
6021,-1,-1,6021,3544,4184,4042,5451,5884,2230,0,0,0,0,6021,0,-1,0
6022,-1,-1,6022,3545,4185,4043,5451,5885,2231,0,0,0,0,6022,0,-1,0
6023,-1,-1,6023,3546,4186,4044,5452,5886,2232,0,0,0,0,6023,0,-1,0
6024,-1,-1,6024,3547,4187,4044,5453,5887,2233,0,0,0,0,6024,0,-1,0
6025,-1,-1,6025,3547,4188,4045,5454,5888,2234,0,0,0,0,6025,0,-1,0
6026,-1,-1,6026,3548,4189,4045,5455,5889,2235,0,0,0,0,6026,0,-1,0
6027,-1,-1,6027,3549,4190,4045,5456,5890,2236,0,0,0,0,6027,0,-1,0
6028,-1,-1,6028,3550,4191,-1,5457,5891,2237,0,0,0,0,6028,0,-1,0
6029,-1,-1,6029,3551,4192,-1,5458,5892,2237,0,0,0,0,6029,0,-1,0
6030,-1,-1,6030,3552,-1,-1,5459,5893,2238,0,0,0,0,6030,0,-1,0
6031,-1,-1,6031,3553,4193,4046,5459,5894,2239,0,0,0,0,6031,0,-1,0
6032,-1,-1,6032,3553,4194,4047,5459,5895,-1,0,0,0,0,6032,0,-1,0
6033,-1,-1,6033,3554,-1,-1,5460,5896,2239,0,0,0,0,6033,0,-1,0
6034,-1,-1,6034,-1,4195,4048,5461,5897,2239,0,0,0,0,6034,0,-1,0
6035,-1,-1,6035,-1,-1,-1,5462,5898,-1,0,0,0,0,6035,0,-1,0
6036,-1,-1,6036,-1,-1,-1,5463,5899,-1,0,0,0,0,6036,0,-1,0
6037,-1,-1,6037,-1,4196,-1,5464,5900,2239,0,0,0,0,6037,0,-1,0
6038,-1,-1,6038,-1,4197,4049,5465,5901,-1,0,0,0,0,6038,0,-1,0
6039,-1,-1,6039,-1,-1,-1,5466,5902,2240,0,0,0,0,6039,0,-1,0
6040,-1,-1,6040,-1,4198,4050,5467,5903,2241,0,0,0,0,6040,0,-1,0
6041,-1,-1,6041,3555,4199,4051,5468,5904,-1,0,0,0,0,6041,0,-1,0
6042,-1,-1,6042,3556,4200,4052,5469,5905,2242,0,0,0,0,6042,0,-1,0
6043,-1,-1,6043,3557,4201,4053,5470,5906,2242,0,0,0,0,6043,0,-1,0
6044,-1,-1,6044,-1,-1,-1,5471,5907,-1,0,0,0,0,6044,0,-1,0
6045,-1,-1,6045,3558,4202,4053,5472,5908,2242,0,0,0,0,6045,0,-1,0
6046,-1,-1,6046,3559,4203,4054,5473,5909,2243,0,0,0,0,6046,0,-1,0
6047,-1,-1,6047,-1,-1,-1,5474,5910,-1,0,0,0,0,6047,0,-1,0
6048,-1,-1,6048,3559,4204,4055,5475,5911,2244,0,0,0,0,6048,0,-1,0
6049,-1,-1,6049,-1,4205,4056,5476,5912,2245,0,0,0,0,6049,0,-1,0
6050,-1,-1,6050,3560,4206,-1,5477,5913,2246,0,0,0,0,6050,0,-1,0
6051,-1,-1,6051,-1,4207,-1,5478,5914,2246,0,0,0,0,6051,0,-1,0
6052,-1,-1,6052,3561,4207,-1,5479,5915,-1,0,0,0,0,6052,0,-1,0
6053,-1,-1,6053,-1,4208,-1,5480,5916,-1,0,0,0,0,6053,0,-1,0
6054,-1,-1,6054,3561,4208,4057,5481,5917,2246,0,0,0,0,6054,0,-1,0
6055,-1,-1,6055,-1,-1,4058,5482,5918,2246,0,0,0,0,6055,0,-1,0
6056,-1,-1,6056,-1,-1,-1,5483,5919,-1,0,0,0,0,6056,0,-1,0
6057,-1,-1,6057,-1,-1,-1,5484,5920,-1,0,0,0,0,6057,0,-1,0
6058,-1,-1,6058,-1,-1,-1,5484,5920,-1,0,0,0,0,6058,0,-1,0
6059,-1,-1,6059,3561,4209,4059,5485,5921,2247,0,0,0,0,6059,0,-1,0
6060,-1,-1,6060,3562,4210,4060,5485,5922,-1,0,0,0,0,6060,0,-1,0
6061,-1,-1,6061,3563,4211,4060,5486,5923,-1,0,0,0,0,6061,0,-1,0
6062,-1,-1,6062,3564,4212,4061,5486,5924,2248,0,0,0,0,6062,0,-1,0
6063,-1,-1,6063,3565,4213,4062,5487,5925,2248,0,0,0,0,6063,0,-1,0
6064,-1,-1,6064,3565,4213,4063,5487,5926,-1,0,0,0,0,6064,0,-1,0
6065,-1,-1,6065,3566,4214,4064,5487,5927,2249,0,0,0,0,6065,0,-1,0
6066,-1,-1,6066,-1,-1,-1,5488,5928,-1,0,0,0,0,6066,0,-1,0
6067,-1,-1,6067,3567,4215,4065,5488,5929,2250,0,0,0,0,6067,0,-1,0
6068,-1,-1,6068,3567,4216,4066,5489,5930,2251,0,0,0,0,6068,0,-1,0
6069,-1,-1,6069,3568,-1,-1,5490,5931,2252,0,0,0,0,6069,0,-1,0
6070,-1,-1,6070,-1,4217,4067,5491,5932,-1,0,0,0,0,6070,0,-1,0
6071,-1,-1,6071,3569,4218,4068,5492,5933,-1,0,0,0,0,6071,0,-1,0
6072,-1,-1,6072,-1,-1,-1,5493,5934,2252,0,0,0,0,6072,0,-1,0
6073,-1,-1,6073,3570,4219,4069,5494,5935,2252,0,0,0,0,6073,0,-1,0
6074,-1,-1,6074,-1,-1,-1,5495,5936,-1,0,0,0,0,6074,0,-1,0
6075,-1,-1,6075,3571,4219,4070,5496,5937,2253,0,0,0,0,6075,0,-1,0
6076,-1,-1,6076,3572,4220,4071,5497,5938,2254,0,0,0,0,6076,0,-1,0
6077,-1,-1,6077,3573,4220,-1,5498,5939,-1,0,0,0,0,6077,0,-1,0
6078,-1,38,6078,-1,-1,-1,5499,5940,2254,0,0,0,0,6078,0,-1,0
6079,-1,-1,6079,3573,4221,4072,5500,5941,2255,0,0,0,0,6079,0,-1,0
6080,-1,-1,6080,3573,4222,4073,5501,5942,-1,0,0,0,0,6080,0,-1,0
6081,-1,-1,6081,3574,4223,4074,5502,5943,2256,0,0,0,0,6081,0,-1,0
6082,-1,-1,6082,3575,4224,4075,5503,5944,-1,0,0,0,0,6082,0,-1,0
6083,-1,-1,6083,-1,-1,-1,5504,5945,-1,0,0,0,0,6083,0,-1,0
6084,-1,-1,6084,-1,4224,4076,5505,5946,2256,0,0,0,0,6084,0,-1,0
6085,-1,-1,6085,3576,4225,4077,5506,5947,-1,0,0,0,0,6085,0,-1,0
6086,-1,-1,6086,3576,4226,4078,5507,5948,2257,0,0,0,0,6086,0,-1,0
6087,-1,-1,6087,3577,4227,-1,5508,5949,-1,0,0,0,0,6087,0,-1,0
6088,-1,-1,6088,3578,4228,4079,5509,5950,2257,0,0,0,0,6088,0,-1,0
6089,-1,-1,6089,-1,4229,-1,5510,5951,2258,0,0,0,0,6089,0,-1,0
6090,-1,-1,6090,3579,4229,4080,5511,5952,2258,0,0,0,0,6090,0,-1,0
6091,-1,-1,6091,3580,4230,4081,5512,5953,-1,0,0,0,0,6091,0,-1,0
6092,-1,-1,6092,3581,4231,4082,5513,5954,2258,0,0,0,0,6092,0,-1,0
6093,-1,-1,6093,-1,4231,4083,5514,5955,2259,0,0,0,0,6093,0,-1,0
6094,-1,-1,6094,3582,4232,4084,5515,5956,2260,0,0,0,0,6094,0,-1,0
6095,-1,-1,6095,-1,4233,4085,5516,5957,2261,0,0,0,0,6095,0,-1,0
6096,-1,-1,6096,3583,4234,4086,5517,5958,2262,0,0,0,0,6096,0,-1,0
6097,-1,-1,6097,-1,4235,4087,5518,5959,2263,0,0,0,0,6097,0,-1,0
6098,-1,-1,6098,-1,4236,4088,5519,5960,2264,0,0,0,0,6098,0,-1,0
6099,-1,-1,6099,3584,4237,4089,5520,5961,2265,0,0,0,0,6099,0,-1,0
6100,-1,-1,6100,-1,4238,4090,5521,5962,-1,0,0,0,0,6100,0,-1,0
6101,-1,-1,6101,3585,4239,4091,5522,5963,-1,0,0,0,0,6101,0,-1,0
6102,-1,-1,6102,3586,4240,4092,5523,5964,2266,0,0,0,0,6102,0,-1,0
6103,-1,-1,6103,-1,-1,-1,5524,5965,2266,0,0,0,0,6103,0,-1,0
6104,-1,-1,6104,-1,-1,-1,5525,5966,-1,0,0,0,0,6104,0,-1,0
6105,-1,-1,6105,-1,4241,4093,5526,5967,-1,0,0,0,0,6105,0,-1,0
6106,-1,-1,6106,-1,-1,-1,5526,5967,-1,0,0,0,0,6106,0,-1,0
6107,-1,-1,6107,-1,-1,-1,5526,5968,2267,0,0,0,0,6107,0,-1,0
6108,-1,-1,6108,3587,4241,4093,5527,5969,-1,0,0,0,0,6108,0,-1,0
6109,-1,-1,6109,-1,4242,4093,5527,5969,-1,0,0,0,0,6109,0,-1,0
6110,-1,-1,6110,3588,4243,4094,5528,5970,2267,0,0,0,0,6110,0,-1,0
6111,-1,-1,6111,-1,4244,4095,5529,5971,-1,0,0,0,0,6111,0,-1,0
6112,-1,-1,6112,3589,4245,-1,5530,5972,-1,0,0,0,0,6112,0,-1,0
6113,-1,-1,6113,3590,4246,4096,5531,5973,2267,0,0,0,0,6113,0,-1,0
6114,-1,-1,6114,-1,4247,4097,5532,5974,2267,0,0,0,0,6114,0,-1,0
6115,-1,-1,6115,-1,-1,-1,5533,5975,-1,0,0,0,0,6115,0,-1,0
6116,-1,-1,6116,3591,4248,4098,5534,5976,2268,0,0,0,0,6116,0,-1,0
6117,-1,-1,6117,3592,4249,4099,5535,5977,2269,0,0,0,0,6117,0,-1,0
6118,-1,-1,6118,3592,4250,4100,5535,5978,-1,0,0,0,0,6118,0,-1,0
6119,-1,-1,6119,3593,4251,4101,5536,5979,2269,0,0,0,0,6119,0,-1,0
6120,-1,-1,6120,-1,-1,4102,5537,5980,-1,0,0,0,0,6120,0,-1,0
6121,-1,-1,6121,3594,4252,4103,5538,5981,2270,0,0,0,0,6121,0,-1,0
6122,-1,39,6122,-1,-1,-1,5539,5982,2271,0,0,0,0,6122,0,-1,0
6123,-1,-1,6123,-1,-1,-1,5540,5983,-1,0,0,0,0,6123,0,-1,0
6124,-1,-1,6124,3595,4253,-1,5541,5984,-1,0,0,0,0,6124,0,-1,0
6125,-1,-1,6125,-1,4254,4104,5542,5985,2271,0,0,0,0,6125,0,-1,0
6126,-1,-1,6126,3596,4255,4105,5543,5986,2271,0,0,0,0,6126,0,-1,0
6127,-1,-1,6127,-1,-1,-1,5544,5987,2272,0,0,0,0,6127,0,-1,0
6128,-1,-1,6128,-1,-1,-1,5544,5988,-1,0,0,0,0,6128,0,-1,0
6129,-1,-1,6129,3597,4256,4106,5545,5989,-1,0,0,0,0,6129,0,-1,0
6130,-1,-1,6130,-1,-1,-1,5546,5990,-1,0,0,0,0,6130,0,-1,0
6131,-1,-1,6131,3598,4257,4107,5547,5991,2273,0,0,0,0,6131,0,-1,0
6132,-1,-1,6132,3599,4258,4108,5548,5992,2274,0,0,0,0,6132,0,-1,0
6133,-1,-1,6133,3600,-1,4109,5549,5993,-1,0,0,0,0,6133,0,-1,0
6134,-1,-1,6134,3600,4259,4110,5550,5994,-1,0,0,0,0,6134,0,-1,0
6135,-1,-1,6135,3601,4260,4111,5551,5995,2274,0,0,0,0,6135,0,-1,0
6136,-1,-1,6136,-1,-1,-1,5552,5996,2274,0,0,0,0,6136,0,-1,0
6137,-1,-1,6137,3602,4261,4112,5553,5997,-1,0,0,0,0,6137,0,-1,0
6138,-1,-1,6138,3602,4261,-1,5554,5998,2274,0,0,0,0,6138,0,-1,0
6139,-1,-1,6139,3602,4262,4113,5554,5999,2274,0,0,0,0,6139,0,-1,0
6140,-1,-1,6140,-1,-1,4114,5554,6000,-1,0,0,0,0,6140,0,-1,0
6141,-1,-1,6141,3603,4262,4115,5555,6001,-1,0,0,0,0,6141,0,-1,0
6142,-1,-1,6142,-1,4262,-1,5556,6002,2275,0,0,0,0,6142,0,-1,0
6143,-1,-1,6143,3604,4263,4116,5557,6003,2276,0,0,0,0,6143,0,-1,0
6144,-1,-1,6144,3605,4264,4117,5558,6004,2277,0,0,0,0,6144,0,-1,0
6145,-1,-1,6145,-1,-1,-1,5559,6005,-1,0,0,0,0,6145,0,-1,0
6146,-1,-1,6146,3606,4265,4118,5560,6006,-1,0,0,0,0,6146,0,-1,0
6147,-1,-1,6147,-1,4266,4119,5561,6007,-1,0,0,0,0,6147,0,-1,0
6148,-1,-1,6148,-1,-1,4119,5562,6008,-1,0,0,0,0,6148,0,-1,0
6149,-1,-1,6149,-1,4267,4120,5563,6009,2278,0,0,0,0,6149,0,-1,0
6150,-1,-1,6150,3607,4268,4121,5563,6010,-1,0,0,0,0,6150,0,-1,0
6151,-1,-1,6151,3608,4268,4122,5564,6011,2279,0,0,0,0,6151,0,-1,0
6152,-1,-1,6152,3609,4269,4123,5565,6012,2280,0,0,0,0,6152,0,-1,0
6153,-1,-1,6153,-1,-1,-1,5566,6013,-1,0,0,0,0,6153,0,-1,0
6154,-1,-1,6154,-1,4269,4124,5567,6014,2281,0,0,0,0,6154,0,-1,0
6155,-1,-1,6155,3610,-1,4125,5568,6015,2281,0,0,0,0,6155,0,-1,0
6156,-1,-1,6156,3611,4269,4126,5569,6016,-1,0,0,0,0,6156,0,-1,0
6157,-1,-1,6157,-1,-1,-1,5570,6017,-1,0,0,0,0,6157,0,-1,0
6158,-1,-1,6158,-1,4270,4127,5571,6018,2281,0,0,0,0,6158,0,-1,0
6159,-1,-1,6159,3612,4271,-1,5572,6019,-1,0,0,0,0,6159,0,-1,0
6160,-1,-1,6160,3613,4272,4128,5573,6020,2281,0,0,0,0,6160,0,-1,0
6161,-1,-1,6161,3614,4273,4129,5574,6021,2281,0,0,0,0,6161,0,-1,0
6162,-1,-1,6162,3615,4274,4130,5575,6022,2282,0,0,0,0,6162,0,-1,0
6163,-1,-1,6163,-1,-1,-1,5576,6023,-1,0,0,0,0,6163,0,-1,0
6164,-1,-1,6164,3616,4275,-1,5577,6024,-1,0,0,0,0,6164,0,-1,0
6165,-1,-1,6165,-1,4276,4131,5578,6025,-1,0,0,0,0,6165,0,-1,0
6166,-1,-1,6166,-1,-1,-1,5578,6026,2283,0,0,0,0,6166,0,-1,0
6167,-1,-1,6167,3617,4277,4131,5578,6026,2283,0,0,0,0,6167,0,-1,0
6168,-1,-1,6168,-1,4277,4132,5579,6027,2283,0,0,0,0,6168,0,-1,0
6169,-1,-1,6169,3618,4278,4133,5580,6028,-1,0,0,0,0,6169,0,-1,0
6170,-1,-1,6170,3618,4279,-1,5581,6029,2283,0,0,0,0,6170,0,-1,0
6171,-1,-1,6171,-1,4280,4134,5582,6030,2283,0,0,0,0,6171,0,-1,0
6172,-1,-1,6172,3618,4281,4135,5582,6031,-1,0,0,0,0,6172,0,-1,0
6173,-1,-1,6173,3618,4282,4136,5583,6032,-1,0,0,0,0,6173,0,-1,0
6174,-1,-1,6174,3619,4283,4137,-1,6033,2284,0,0,0,0,6174,0,-1,0
6175,-1,-1,6175,3620,4284,4138,5584,6034,2285,0,0,0,0,6175,0,-1,0
6176,-1,-1,6176,3621,4285,4139,5585,6035,2286,0,0,0,0,6176,0,-1,0
6177,-1,-1,6177,3622,4286,-1,5586,6036,2287,0,0,0,0,6177,0,-1,0
6178,-1,-1,6178,-1,-1,-1,5587,6037,-1,0,0,0,0,6178,0,-1,0
6179,-1,40,6179,-1,4287,4140,5588,6038,-1,0,0,0,0,6179,0,-1,0
6180,-1,-1,6180,3623,4288,-1,5588,6038,-1,0,0,0,0,6180,0,-1,0
6181,-1,-1,6181,3624,4289,-1,5589,6039,2288,0,0,0,0,6181,0,-1,0
6182,-1,-1,6182,3625,4290,4141,5590,6040,2289,0,0,0,0,6182,0,-1,0
6183,-1,-1,6183,-1,4291,4142,5591,6041,2290,0,0,0,0,6183,0,-1,0
6184,-1,-1,6184,3625,4292,4143,5592,6042,-1,0,0,0,0,6184,0,-1,0
6185,-1,-1,6185,-1,4293,-1,5593,6043,-1,0,0,0,0,6185,0,-1,0
6186,-1,-1,6186,3626,4294,4144,5594,6044,2291,0,0,0,0,6186,0,-1,0
6187,-1,-1,6187,3627,4294,4145,5595,6045,2292,0,0,0,0,6187,0,-1,0
6188,-1,-1,6188,3628,4295,4146,5596,6046,2293,0,0,0,0,6188,0,-1,0
6189,-1,-1,6189,3629,4296,4147,5597,6047,2294,0,0,0,0,6189,0,-1,0
6190,-1,-1,6190,3629,4297,4148,5598,6048,2295,0,0,0,0,6190,0,-1,0
6191,-1,-1,6191,3630,-1,-1,5599,6049,-1,0,0,0,0,6191,0,-1,0
6192,-1,-1,6192,3631,4298,4149,5600,6050,-1,0,0,0,0,6192,0,-1,0
6193,-1,-1,6193,3632,4299,-1,5601,6051,2296,0,0,0,0,6193,0,-1,0
6194,-1,-1,6194,3633,4299,4150,5602,6052,2297,0,0,0,0,6194,0,-1,0
6195,-1,-1,6195,-1,4300,4151,5603,6053,-1,0,0,0,0,6195,0,-1,0
6196,-1,-1,6196,3634,4301,-1,5604,6054,-1,0,0,0,0,6196,0,-1,0
6197,-1,-1,6197,-1,4302,-1,5605,6055,-1,0,0,0,0,6197,0,-1,0
6198,-1,-1,6198,3635,4303,4152,5606,6056,2298,0,0,0,0,6198,0,-1,0
6199,-1,-1,6199,3636,4303,-1,5607,6057,2299,0,0,0,0,6199,0,-1,0
6200,-1,-1,6200,3637,4304,4153,5608,6058,-1,0,0,0,0,6200,0,-1,0
6201,-1,-1,6201,3638,4305,4154,5609,6059,-1,0,0,0,0,6201,0,-1,0
6202,-1,-1,6202,-1,-1,-1,5610,6060,-1,0,0,0,0,6202,0,-1,0
6203,-1,-1,6203,-1,4306,4155,5611,6061,2300,0,0,0,0,6203,0,-1,0
6204,-1,-1,6204,3639,4307,-1,5612,6062,2300,0,0,0,0,6204,0,-1,0
6205,-1,-1,6205,-1,-1,-1,5613,6063,-1,0,0,0,0,6205,0,-1,0
6206,-1,-1,6206,-1,4308,4156,5614,6064,-1,0,0,0,0,6206,0,-1,0
6207,-1,-1,6207,3640,4309,4157,5615,6065,2300,0,0,0,0,6207,0,-1,0
6208,-1,-1,6208,3641,4310,4158,5616,6066,-1,0,0,0,0,6208,0,-1,0
6209,-1,41,6209,-1,4311,-1,5617,6067,-1,0,0,0,0,6209,0,-1,0
6210,-1,-1,6210,3642,4312,4159,5618,6068,2300,0,0,0,0,6210,0,-1,0
6211,-1,-1,6211,3643,4312,4160,5619,6069,-1,0,0,0,0,6211,0,-1,0
6212,-1,-1,6212,3644,4312,4161,5620,6070,2300,0,0,0,0,6212,0,-1,0
6213,-1,-1,6213,3645,4313,4162,5621,6071,2300,0,0,0,0,6213,0,-1,0
6214,-1,-1,6214,3646,4314,4163,5622,6072,2300,0,0,0,0,6214,0,-1,0
6215,-1,-1,6215,-1,4315,4164,5623,6073,2300,0,0,0,0,6215,0,-1,0
6216,-1,-1,6216,3647,4315,4165,5624,6074,-1,0,0,0,0,6216,0,-1,0
6217,-1,-1,6217,-1,-1,-1,5625,6075,-1,0,0,0,0,6217,0,-1,0
6218,-1,-1,6218,3648,4315,4166,5626,6076,-1,0,0,0,0,6218,0,-1,0
6219,-1,-1,6219,3649,4316,4167,5627,6077,2300,0,0,0,0,6219,0,-1,0
6220,-1,-1,6220,3650,4316,4168,5628,6078,2300,0,0,0,0,6220,0,-1,0
6221,-1,-1,6221,-1,-1,4168,5629,6079,2300,0,0,0,0,6221,0,-1,0
6222,-1,-1,6222,-1,-1,-1,5630,6080,-1,0,0,0,0,6222,0,-1,0
6223,-1,-1,6223,3651,4317,4169,5630,6081,2300,0,0,0,0,6223,0,-1,0
6224,-1,-1,6224,3652,4318,4170,5631,6082,2300,0,0,0,0,6224,0,-1,0
6225,-1,-1,6225,3653,4319,4171,5632,6083,2301,0,0,0,0,6225,0,-1,0
6226,-1,-1,6226,3654,4320,4172,5632,6084,2301,0,0,0,0,6226,0,-1,0
6227,-1,-1,6227,-1,4321,4173,5632,6085,2302,0,0,0,0,6227,0,-1,0
6228,-1,-1,6228,3655,4322,-1,5633,6086,2303,0,0,0,0,6228,0,-1,0
6229,-1,-1,6229,-1,-1,-1,5634,6087,2304,0,0,0,0,6229,0,-1,0
6230,-1,-1,6230,-1,-1,-1,5635,6088,-1,0,0,0,0,6230,0,-1,0
6231,-1,-1,6231,-1,-1,-1,5636,6089,-1,0,0,0,0,6231,0,-1,0
6232,-1,-1,6232,3656,4323,4174,5637,6090,2305,0,0,0,0,6232,0,-1,0
6233,-1,-1,6233,3657,4324,4175,5638,6091,2306,0,0,0,0,6233,0,-1,0
6234,-1,-1,6234,3658,4324,4175,5639,6092,-1,0,0,0,0,6234,0,-1,0
6235,-1,-1,6235,3659,4325,4176,5640,6093,-1,0,0,0,0,6235,0,-1,0
6236,-1,-1,6236,3659,4326,4177,5641,6094,-1,0,0,0,0,6236,0,-1,0
6237,-1,-1,6237,3660,4327,-1,5642,6095,-1,0,0,0,0,6237,0,-1,0
6238,-1,-1,6238,-1,-1,-1,5643,6096,2307,0,0,0,0,6238,0,-1,0
6239,-1,-1,6239,3661,4328,-1,5644,6097,2308,0,0,0,0,6239,0,-1,0
6240,-1,-1,6240,3662,4329,4178,5645,6098,-1,0,0,0,0,6240,0,-1,0
6241,-1,-1,6241,-1,-1,-1,5646,6099,-1,0,0,0,0,6241,0,-1,0
6242,-1,-1,6242,-1,4330,4179,5647,6100,2308,0,0,0,0,6242,0,-1,0
6243,-1,-1,6243,3663,-1,-1,5648,6101,2308,0,0,0,0,6243,0,-1,0
6244,-1,-1,6244,3664,4331,4180,5649,6102,2309,0,0,0,0,6244,0,-1,0
6245,-1,-1,6245,-1,4332,-1,5650,6103,-1,0,0,0,0,6245,0,-1,0
6246,-1,-1,6246,3665,4333,4181,5651,6104,2310,0,0,0,0,6246,0,-1,0
6247,-1,-1,6247,3666,4334,-1,5652,6105,2311,0,0,0,0,6247,0,-1,0
6248,-1,-1,6248,3667,4334,4182,5653,6106,2312,0,0,0,0,6248,0,-1,0
6249,-1,-1,6249,3668,4335,4183,5654,6107,2312,0,0,0,0,6249,0,-1,0
6250,-1,-1,6250,-1,-1,4184,5655,6108,-1,0,0,0,0,6250,0,-1,0
6251,-1,-1,6251,3669,4336,4185,5656,6109,2312,0,0,0,0,6251,0,-1,0
6252,-1,-1,6252,-1,4337,-1,5657,6110,2312,0,0,0,0,6252,0,-1,0
6253,-1,-1,6253,3669,4337,4186,5658,6111,-1,0,0,0,0,6253,0,-1,0
6254,-1,-1,6254,-1,4338,4187,5659,6112,-1,0,0,0,0,6254,0,-1,0
6255,-1,-1,6255,3670,4339,4188,5660,6113,2313,0,0,0,0,6255,0,-1,0
6256,-1,-1,6256,3670,4340,4189,5661,6114,-1,0,0,0,0,6256,0,-1,0
6257,-1,-1,6257,3671,4341,4190,5662,6115,2314,0,0,0,0,6257,0,-1,0
6258,-1,-1,6258,-1,-1,-1,5663,6116,2314,0,0,0,0,6258,0,-1,0
6259,-1,-1,6259,3672,4342,4191,5664,6117,2314,0,0,0,0,6259,0,-1,0
6260,-1,-1,6260,3673,-1,-1,-1,6118,-1,0,0,0,0,6260,0,-1,0
6261,-1,-1,6261,3674,4343,4192,5665,6119,2315,0,0,0,0,6261,0,-1,0
6262,-1,-1,6262,-1,4344,4193,5666,6120,2316,0,0,0,0,6262,0,-1,0
6263,-1,-1,6263,3675,4345,4194,5667,6121,2317,0,0,0,0,6263,0,-1,0
6264,-1,-1,6264,3676,4346,4195,5668,6122,2318,0,0,0,0,6264,0,-1,0
6265,-1,-1,6265,3677,4347,4196,5669,6123,2318,0,0,0,0,6265,0,-1,0
6266,-1,-1,6266,-1,-1,-1,5670,6124,-1,0,0,0,0,6266,0,-1,0
6267,-1,-1,6267,3678,4348,4197,5671,6125,-1,0,0,0,0,6267,0,-1,0
6268,-1,-1,6268,3679,4348,4198,5672,6126,-1,0,0,0,0,6268,0,-1,0
6269,-1,-1,6269,-1,-1,-1,5673,6127,2318,0,0,0,0,6269,0,-1,0
6270,-1,-1,6270,3679,4349,4199,5674,6128,2319,0,0,0,0,6270,0,-1,0
6271,-1,-1,6271,3679,4349,4200,5675,6129,2320,0,0,0,0,6271,0,-1,0
6272,-1,-1,6272,-1,-1,-1,5676,6130,-1,0,0,0,0,6272,0,-1,0
6273,-1,-1,6273,-1,4350,4200,5677,6131,2320,0,0,0,0,6273,0,-1,0
6274,-1,-1,6274,3680,4351,4200,5678,6132,-1,0,0,0,0,6274,0,-1,0
6275,-1,-1,6275,3681,4351,-1,5678,6133,2320,0,0,0,0,6275,0,-1,0
6276,-1,-1,6276,3681,4352,4201,5679,6134,2321,0,0,0,0,6276,0,-1,0
6277,-1,-1,6277,3682,4353,4202,5680,6135,-1,0,0,0,0,6277,0,-1,0
6278,-1,-1,6278,3683,4354,4203,5681,6136,2322,0,0,0,0,6278,0,-1,0
6279,-1,-1,6279,-1,4354,4204,5682,6137,2322,0,0,0,0,6279,0,-1,0
6280,-1,-1,6280,-1,4355,4205,5683,6138,2322,0,0,0,0,6280,0,-1,0
6281,-1,-1,6281,-1,4355,-1,5684,6139,2322,0,0,0,0,6281,0,-1,0
6282,-1,-1,6282,3684,4355,4206,5685,6140,2323,0,0,0,0,6282,0,-1,0
6283,-1,-1,6283,3685,4356,4207,5686,6141,2324,0,0,0,0,6283,0,-1,0
6284,-1,-1,6284,3686,4357,4208,5687,6142,2325,0,0,0,0,6284,0,-1,0
6285,-1,-1,6285,3687,4358,4209,5688,6143,-1,0,0,0,0,6285,0,-1,0
6286,-1,-1,6286,-1,4359,4210,5689,6144,2325,0,0,0,0,6286,0,-1,0
6287,-1,-1,6287,-1,-1,-1,5690,6145,-1,0,0,0,0,6287,0,-1,0
6288,-1,-1,6288,-1,-1,4210,5691,6146,-1,0,0,0,0,6288,0,-1,0
6289,-1,-1,6289,3688,4359,4211,5692,6147,2326,0,0,0,0,6289,0,-1,0
6290,-1,-1,6290,3689,4360,4212,5693,6148,2327,0,0,0,0,6290,0,-1,0
6291,-1,-1,6291,3690,4361,4212,5694,6149,-1,0,0,0,0,6291,0,-1,0
6292,-1,-1,6292,-1,-1,-1,5695,6150,-1,0,0,0,0,6292,0,-1,0
6293,-1,-1,6293,3691,4362,4213,5696,6151,2328,0,0,0,0,6293,0,-1,0
6294,-1,-1,6294,3692,4363,4214,5697,6152,-1,0,0,0,0,6294,0,-1,0
6295,-1,-1,6295,3693,4364,4215,5698,6153,-1,0,0,0,0,6295,0,-1,0
6296,-1,-1,6296,3694,4365,4216,5699,6154,-1,0,0,0,0,6296,0,-1,0
6297,-1,-1,6297,3695,4366,4217,5700,6155,2329,0,0,0,0,6297,0,-1,0
6298,-1,-1,6298,-1,-1,4218,5701,6156,-1,0,0,0,0,6298,0,-1,0
6299,-1,-1,6299,-1,4367,4219,5702,6157,2330,0,0,0,0,6299,0,-1,0
6300,-1,-1,6300,3696,4368,4220,5703,6158,2330,0,0,0,0,6300,0,-1,0
6301,-1,-1,6301,3697,4369,-1,5704,6159,-1,0,0,0,0,6301,0,-1,0
6302,-1,-1,6302,-1,-1,4221,5705,6160,-1,0,0,0,0,6302,0,-1,0
6303,-1,-1,6303,-1,4369,-1,5706,6161,2331,0,0,0,0,6303,0,-1,0
6304,-1,-1,6304,3698,4369,4222,5707,6162,-1,0,0,0,0,6304,0,-1,0
6305,-1,-1,6305,3699,-1,-1,5708,6163,-1,0,0,0,0,6305,0,-1,0
6306,-1,-1,6306,-1,4370,4223,5709,6164,-1,0,0,0,0,6306,0,-1,0
6307,-1,-1,6307,3700,4371,-1,5710,6165,2332,0,0,0,0,6307,0,-1,0
6308,-1,-1,6308,-1,-1,-1,5711,6166,-1,0,0,0,0,6308,0,-1,0
6309,-1,42,6309,3701,4371,4223,5712,6167,-1,0,0,0,0,6309,0,-1,0
6310,-1,-1,6310,-1,-1,4224,5713,6168,-1,0,0,0,0,6310,0,-1,0
6311,-1,-1,6311,3702,4372,4225,5714,6169,-1,0,0,0,0,6311,0,-1,0
6312,-1,-1,6312,3703,4373,-1,5715,6170,2332,0,0,0,0,6312,0,-1,0
6313,-1,-1,6313,-1,4374,4226,5716,6171,2333,0,0,0,0,6313,0,-1,0
6314,-1,-1,6314,3703,4375,4227,5717,6172,-1,0,0,0,0,6314,0,-1,0
6315,-1,-1,6315,-1,4376,4228,5718,6173,-1,0,0,0,0,6315,0,-1,0
6316,-1,-1,6316,3704,4377,4229,5719,6174,2334,0,0,0,0,6316,0,-1,0
6317,-1,-1,6317,3704,4378,4230,5720,6175,2335,0,0,0,0,6317,0,-1,0
6318,-1,-1,6318,3705,4379,4231,5721,6176,2336,0,0,0,0,6318,0,-1,0
6319,-1,-1,6319,3706,4380,4232,5722,6177,-1,0,0,0,0,6319,0,-1,0
6320,-1,-1,6320,-1,-1,-1,5723,6178,-1,0,0,0,0,6320,0,-1,0
6321,-1,-1,6321,3707,4381,4233,5724,6179,2337,0,0,0,0,6321,0,-1,0
6322,-1,-1,6322,3708,4382,4234,5725,6180,2338,0,0,0,0,6322,0,-1,0
6323,-1,-1,6323,-1,4383,4235,5726,6181,2338,0,0,0,0,6323,0,-1,0
6324,-1,-1,6324,3709,4384,4236,5727,6182,-1,0,0,0,0,6324,0,-1,0
6325,-1,-1,6325,3710,4385,4237,5728,6183,-1,0,0,0,0,6325,0,-1,0
6326,-1,-1,6326,-1,4385,4238,5729,6184,-1,0,0,0,0,6326,0,-1,0
6327,-1,-1,6327,3711,4386,4239,5729,6185,2338,0,0,0,0,6327,0,-1,0
6328,-1,-1,6328,-1,4387,4239,5729,6185,2338,0,0,0,0,6328,0,-1,0
6329,-1,-1,6329,3712,4388,4240,5730,6186,-1,0,0,0,0,6329,0,-1,0
6330,-1,-1,6330,3713,-1,-1,5731,6187,-1,0,0,0,0,6330,0,-1,0
6331,-1,-1,6331,-1,4389,4241,5731,6187,-1,0,0,0,0,6331,0,-1,0
6332,-1,-1,6332,3713,4389,4242,5732,6188,-1,0,0,0,0,6332,0,-1,0
6333,-1,-1,6333,3713,4389,4243,5733,6189,2339,0,0,0,0,6333,0,-1,0
6334,-1,-1,6334,-1,-1,-1,5734,6190,-1,0,0,0,0,6334,0,-1,0
6335,-1,-1,6335,3714,4390,4243,5734,6191,2340,0,0,0,0,6335,0,-1,0
6336,-1,-1,6336,-1,4391,-1,5735,6192,2341,0,0,0,0,6336,0,-1,0
6337,-1,-1,6337,3715,4392,4244,5736,6193,-1,0,0,0,0,6337,0,-1,0
6338,-1,-1,6338,3716,4392,-1,5737,6194,2342,0,0,0,0,6338,0,-1,0
6339,-1,-1,6339,3717,4393,4245,5738,6195,-1,0,0,0,0,6339,0,-1,0
6340,-1,-1,6340,3718,4394,4246,5739,6196,2343,0,0,0,0,6340,0,-1,0
6341,-1,-1,6341,-1,4395,4247,5740,6197,2344,0,0,0,0,6341,0,-1,0
6342,-1,-1,6342,3718,4396,-1,5741,6198,2344,0,0,0,0,6342,0,-1,0
6343,-1,-1,6343,3719,4397,-1,-1,6199,-1,0,0,0,0,6343,0,-1,0
6344,-1,-1,6344,-1,4398,4248,5742,6200,2344,0,0,0,0,6344,0,-1,0
6345,-1,-1,6345,-1,-1,-1,5743,6201,-1,0,0,0,0,6345,0,-1,0
6346,-1,-1,6346,3720,4399,4249,5744,6202,2344,0,0,0,0,6346,0,-1,0
6347,-1,-1,6347,3721,4399,4250,5745,6203,2344,0,0,0,0,6347,0,-1,0
6348,-1,-1,6348,3722,4400,4251,5746,6204,-1,0,0,0,0,6348,0,-1,0
6349,-1,-1,6349,3723,4401,4252,5747,6205,2345,0,0,0,0,6349,0,-1,0
6350,-1,-1,6350,3723,4402,4253,5748,6206,2346,0,0,0,0,6350,0,-1,0
6351,-1,-1,6351,-1,-1,-1,5749,6207,2346,0,0,0,0,6351,0,-1,0
6352,-1,-1,6352,-1,-1,-1,5750,6208,-1,0,0,0,0,6352,0,-1,0
6353,-1,-1,6353,-1,-1,-1,5750,6209,2347,0,0,0,0,6353,0,-1,0
6354,-1,-1,6354,3724,4403,4254,5751,6210,2348,0,0,0,0,6354,0,-1,0
6355,-1,-1,6355,3725,4404,4255,5752,6211,2349,0,0,0,0,6355,0,-1,0
6356,-1,-1,6356,3725,4405,4256,5752,6212,2350,0,0,0,0,6356,0,-1,0
6357,-1,-1,6357,-1,-1,-1,5752,6213,-1,0,0,0,0,6357,0,-1,0
6358,-1,-1,6358,3725,4406,4257,5752,6214,2350,0,0,0,0,6358,0,-1,0
6359,-1,-1,6359,3725,-1,4258,5753,6215,2350,0,0,0,0,6359,0,-1,0
6360,-1,-1,6360,-1,-1,-1,5754,6216,2350,0,0,0,0,6360,0,-1,0
6361,-1,-1,6361,3726,4407,4259,5755,6217,2350,0,0,0,0,6361,0,-1,0
6362,-1,-1,6362,-1,4408,4260,5756,6218,-1,0,0,0,0,6362,0,-1,0
6363,-1,-1,6363,3727,4409,4261,-1,6219,2351,0,0,0,0,6363,0,-1,0
6364,-1,-1,6364,3728,4410,4262,5757,6220,2352,0,0,0,0,6364,0,-1,0
6365,-1,43,6365,-1,-1,-1,5758,6221,-1,0,0,0,0,6365,0,-1,0
6366,-1,-1,6366,3729,4411,4263,5759,6222,2352,0,0,0,0,6366,0,-1,0
6367,-1,-1,6367,3730,4411,4264,5759,6223,2352,0,0,0,0,6367,0,-1,0
6368,-1,-1,6368,3731,4412,4265,5760,6224,2353,0,0,0,0,6368,0,-1,0
6369,-1,-1,6369,3732,4413,4266,5761,6225,2354,0,0,0,0,6369,0,-1,0
6370,-1,-1,6370,3733,4414,-1,5762,6226,-1,0,0,0,0,6370,0,-1,0
6371,-1,-1,6371,3734,4415,4267,5763,6227,2355,0,0,0,0,6371,0,-1,0
6372,-1,-1,6372,3735,4416,-1,5764,6228,2356,0,0,0,0,6372,0,-1,0
6373,-1,-1,6373,3736,4417,4268,5765,6229,2357,0,0,0,0,6373,0,-1,0
6374,-1,-1,6374,3737,4417,-1,5766,6230,-1,0,0,0,0,6374,0,-1,0
6375,-1,-1,6375,3738,4418,4269,5767,6231,2358,0,0,0,0,6375,0,-1,0
6376,-1,-1,6376,-1,4419,-1,5768,6232,2358,0,0,0,0,6376,0,-1,0
6377,-1,-1,6377,3739,4420,4270,5768,6233,2359,0,0,0,0,6377,0,-1,0
6378,-1,-1,6378,3740,-1,-1,5769,6234,-1,0,0,0,0,6378,0,-1,0
6379,-1,-1,6379,3741,4421,4271,5769,6234,-1,0,0,0,0,6379,0,-1,0
6380,-1,-1,6380,3742,4422,4272,5769,6234,-1,0,0,0,0,6380,0,-1,0
6381,-1,-1,6381,3743,4423,4272,5769,6235,2360,0,0,0,0,6381,0,-1,0
6382,-1,-1,6382,-1,4424,4273,5770,6236,2361,0,0,0,0,6382,0,-1,0
6383,-1,-1,6383,3744,4425,4274,5771,6237,-1,0,0,0,0,6383,0,-1,0
6384,-1,-1,6384,3745,4426,-1,5772,6238,2362,0,0,0,0,6384,0,-1,0
6385,-1,-1,6385,-1,-1,-1,5773,6239,2363,0,0,0,0,6385,0,-1,0
6386,-1,-1,6386,3746,4427,4275,5773,6240,2363,0,0,0,0,6386,0,-1,0
6387,-1,-1,6387,3746,4427,4276,5773,6241,2363,0,0,0,0,6387,0,-1,0
6388,-1,-1,6388,3747,4428,4276,5774,6242,-1,0,0,0,0,6388,0,-1,0
6389,-1,-1,6389,3747,4429,4277,5775,6243,-1,0,0,0,0,6389,0,-1,0
6390,-1,-1,6390,3748,4430,4278,5776,6244,2364,0,0,0,0,6390,0,-1,0
6391,-1,-1,6391,-1,-1,-1,5777,6245,-1,0,0,0,0,6391,0,-1,0
6392,-1,-1,6392,-1,-1,-1,5778,6246,-1,0,0,0,0,6392,0,-1,0
6393,-1,-1,6393,3749,4431,-1,5779,6247,-1,0,0,0,0,6393,0,-1,0
6394,-1,-1,6394,-1,4432,4279,5780,6248,-1,0,0,0,0,6394,0,-1,0
6395,-1,-1,6395,3749,4433,4280,5781,6249,2365,0,0,0,0,6395,0,-1,0
6396,-1,-1,6396,-1,4434,4281,5782,6250,2366,0,0,0,0,6396,0,-1,0
6397,-1,-1,6397,3749,4434,4282,5783,6251,-1,0,0,0,0,6397,0,-1,0
6398,-1,-1,6398,3750,4435,4283,5784,6252,-1,0,0,0,0,6398,0,-1,0
6399,-1,-1,6399,3750,4436,4284,5785,6253,-1,0,0,0,0,6399,0,-1,0
6400,-1,-1,6400,3750,4437,4285,5785,6253,-1,0,0,0,0,6400,0,-1,0
6401,-1,-1,6401,3751,4438,4286,5786,6254,2367,0,0,0,0,6401,0,-1,0
6402,-1,-1,6402,-1,-1,4287,5787,6255,-1,0,0,0,0,6402,0,-1,0
6403,-1,-1,6403,-1,4439,4287,5788,6256,-1,0,0,0,0,6403,0,-1,0
6404,-1,-1,6404,3752,4440,4288,5789,6257,-1,0,0,0,0,6404,0,-1,0
6405,-1,-1,6405,3753,4441,-1,5790,6258,2368,0,0,0,0,6405,0,-1,0
6406,-1,-1,6406,-1,-1,-1,5791,6259,2369,0,0,0,0,6406,0,-1,0
6407,-1,-1,6407,3754,4442,4289,5792,6260,2369,0,0,0,0,6407,0,-1,0
6408,-1,-1,6408,3755,4443,4290,5793,6261,-1,0,0,0,0,6408,0,-1,0
6409,-1,-1,6409,3756,4443,4291,5794,6262,-1,0,0,0,0,6409,0,-1,0
6410,-1,-1,6410,3757,4444,4292,5795,6263,-1,0,0,0,0,6410,0,-1,0
6411,-1,-1,6411,3758,4444,-1,5796,6264,-1,0,0,0,0,6411,0,-1,0
6412,-1,-1,6412,-1,-1,-1,5797,6265,-1,0,0,0,0,6412,0,-1,0
6413,-1,-1,6413,-1,4445,4293,5798,6266,2369,0,0,0,0,6413,0,-1,0
6414,-1,-1,6414,3759,4445,4294,5799,6267,2370,0,0,0,0,6414,0,-1,0
6415,-1,-1,6415,3760,4446,4295,5800,6268,2370,0,0,0,0,6415,0,-1,0
6416,-1,-1,6416,-1,4447,4296,5801,6269,2370,0,0,0,0,6416,0,-1,0
6417,-1,-1,6417,3761,4448,4297,5801,6270,2371,0,0,0,0,6417,0,-1,0
6418,-1,-1,6418,3762,4449,4298,5802,6271,2372,0,0,0,0,6418,0,-1,0
6419,-1,-1,6419,3762,4450,4299,5803,6272,2373,0,0,0,0,6419,0,-1,0
6420,-1,-1,6420,3763,4451,4300,5804,6273,-1,0,0,0,0,6420,0,-1,0
6421,-1,-1,6421,-1,4452,-1,5805,6274,-1,0,0,0,0,6421,0,-1,0
6422,-1,-1,6422,-1,-1,-1,5806,6275,-1,0,0,0,0,6422,0,-1,0
6423,-1,-1,6423,3764,4453,4301,5806,6276,2374,0,0,0,0,6423,0,-1,0
6424,-1,-1,6424,3765,4454,4302,5807,6277,2374,0,0,0,0,6424,0,-1,0
6425,-1,-1,6425,3765,4455,4303,5808,6278,2375,0,0,0,0,6425,0,-1,0
6426,-1,-1,6426,-1,4456,4304,5809,6279,2376,0,0,0,0,6426,0,-1,0
6427,-1,-1,6427,3766,4457,4305,5810,6280,2377,0,0,0,0,6427,0,-1,0
6428,-1,-1,6428,-1,4458,4306,5811,6281,-1,0,0,0,0,6428,0,-1,0
6429,-1,-1,6429,3767,4459,4307,5812,6282,2378,0,0,0,0,6429,0,-1,0
6430,-1,-1,6430,3767,4460,4308,5813,6283,-1,0,0,0,0,6430,0,-1,0
6431,-1,-1,6431,3768,4461,-1,5814,6284,2379,0,0,0,0,6431,0,-1,0
6432,-1,-1,6432,3768,4461,4309,5815,6285,-1,0,0,0,0,6432,0,-1,0
6433,-1,-1,6433,-1,-1,-1,5816,6286,2379,0,0,0,0,6433,0,-1,0
6434,-1,-1,6434,-1,4462,-1,5817,6287,2379,0,0,0,0,6434,0,-1,0
6435,-1,-1,6435,3769,4463,4310,5818,6288,2379,0,0,0,0,6435,0,-1,0
6436,-1,-1,6436,3770,4464,4311,5819,6289,2379,0,0,0,0,6436,0,-1,0
6437,-1,-1,6437,3771,4465,4312,5820,6290,2379,0,0,0,0,6437,0,-1,0
6438,-1,-1,6438,3772,-1,4313,5821,6291,2380,0,0,0,0,6438,0,-1,0
6439,-1,-1,6439,3773,4465,4314,5822,6292,2381,0,0,0,0,6439,0,-1,0
6440,-1,-1,6440,-1,4465,-1,5823,6293,-1,0,0,0,0,6440,0,-1,0
6441,-1,-1,6441,3774,4466,4315,5824,6294,2382,0,0,0,0,6441,0,-1,0
6442,-1,-1,6442,3775,4467,4316,5825,6295,2382,0,0,0,0,6442,0,-1,0
6443,-1,-1,6443,3776,4468,4317,5826,6296,2383,0,0,0,0,6443,0,-1,0
6444,-1,-1,6444,3777,-1,4318,5827,6297,2384,0,0,0,0,6444,0,-1,0
6445,-1,-1,6445,3778,4469,4319,5828,6298,-1,0,0,0,0,6445,0,-1,0
6446,-1,-1,6446,-1,4469,4320,5829,6299,2384,0,0,0,0,6446,0,-1,0
6447,-1,-1,6447,3779,4470,-1,5830,6300,-1,0,0,0,0,6447,0,-1,0
6448,-1,-1,6448,-1,4471,4321,5831,6301,2385,0,0,0,0,6448,0,-1,0
6449,-1,-1,6449,3780,4472,4322,5832,6302,2386,0,0,0,0,6449,0,-1,0
6450,-1,-1,6450,-1,-1,-1,5833,6303,-1,0,0,0,0,6450,0,-1,0
6451,-1,-1,6451,-1,-1,-1,5834,6304,-1,0,0,0,0,6451,0,-1,0
6452,-1,-1,6452,3781,4473,4323,5835,6305,2387,0,0,0,0,6452,0,-1,0
6453,-1,-1,6453,3782,4474,-1,5836,6306,-1,0,0,0,0,6453,0,-1,0
6454,-1,-1,6454,3783,4475,4324,5837,6307,2388,0,0,0,0,6454,0,-1,0
6455,-1,-1,6455,3784,4476,4325,5838,6308,2388,0,0,0,0,6455,0,-1,0
6456,-1,-1,6456,-1,4477,4326,5839,6309,2388,0,0,0,0,6456,0,-1,0
6457,-1,-1,6457,3785,4478,4327,5839,6310,-1,0,0,0,0,6457,0,-1,0
6458,-1,-1,6458,3786,4479,-1,5840,6311,2388,0,0,0,0,6458,0,-1,0
6459,-1,-1,6459,-1,4480,-1,5841,6312,2388,0,0,0,0,6459,0,-1,0
6460,-1,-1,6460,3787,4481,4328,5842,6313,-1,0,0,0,0,6460,0,-1,0
6461,-1,-1,6461,3788,-1,-1,5843,6314,2388,0,0,0,0,6461,0,-1,0
6462,-1,-1,6462,-1,4481,-1,5844,6315,-1,0,0,0,0,6462,0,-1,0
6463,-1,-1,6463,3789,4482,-1,5845,6316,2388,0,0,0,0,6463,0,-1,0
6464,-1,-1,6464,3790,4483,4329,5846,6317,-1,0,0,0,0,6464,0,-1,0
6465,-1,-1,6465,3791,4484,4330,5847,6318,2388,0,0,0,0,6465,0,-1,0
6466,-1,-1,6466,3792,4485,4331,5848,6319,2389,0,0,0,0,6466,0,-1,0
6467,-1,-1,6467,3793,4485,4332,5849,6320,2390,0,0,0,0,6467,0,-1,0
6468,-1,-1,6468,3794,4485,4333,5850,6321,-1,0,0,0,0,6468,0,-1,0
6469,-1,-1,6469,3795,4486,4333,5851,6322,2390,0,0,0,0,6469,0,-1,0
6470,-1,-1,6470,-1,-1,4334,5852,6323,2391,0,0,0,0,6470,0,-1,0
6471,-1,-1,6471,3796,4487,4335,5853,6324,-1,0,0,0,0,6471,0,-1,0
6472,-1,-1,6472,3797,-1,-1,5854,6325,2392,0,0,0,0,6472,0,-1,0
6473,-1,-1,6473,3798,4488,4336,5855,6326,-1,0,0,0,0,6473,0,-1,0
6474,-1,-1,6474,3799,4489,4337,5856,6327,2392,0,0,0,0,6474,0,-1,0
6475,-1,-1,6475,3799,4490,4338,5857,6328,-1,0,0,0,0,6475,0,-1,0
6476,-1,-1,6476,3799,4491,4339,5858,6329,2393,0,0,0,0,6476,0,-1,0
6477,-1,-1,6477,3800,4492,4340,5859,6330,2394,0,0,0,0,6477,0,-1,0
6478,-1,-1,6478,3801,4493,4341,5860,6331,-1,0,0,0,0,6478,0,-1,0
6479,-1,-1,6479,3802,4493,4342,5861,6332,-1,0,0,0,0,6479,0,-1,0
6480,-1,-1,6480,-1,-1,-1,5862,6333,2395,0,0,0,0,6480,0,-1,0
6481,-1,-1,6481,3803,4493,4343,5863,6334,-1,0,0,0,0,6481,0,-1,0
6482,-1,-1,6482,-1,4494,4344,5864,6335,2395,0,0,0,0,6482,0,-1,0
6483,-1,-1,6483,3803,4495,4345,5865,6336,-1,0,0,0,0,6483,0,-1,0
6484,-1,-1,6484,3804,4496,4346,5866,6337,2396,0,0,0,0,6484,0,-1,0
6485,-1,-1,6485,3805,4497,4347,5867,6338,2397,0,0,0,0,6485,0,-1,0
6486,-1,-1,6486,3806,4498,4348,5868,6339,2397,0,0,0,0,6486,0,-1,0
6487,-1,-1,6487,3806,4499,4349,5869,6340,-1,0,0,0,0,6487,0,-1,0
6488,-1,-1,6488,3807,4500,4350,5870,6341,2397,0,0,0,0,6488,0,-1,0
6489,-1,-1,6489,3808,4501,4351,5871,6342,-1,0,0,0,0,6489,0,-1,0
6490,-1,-1,6490,-1,-1,-1,5872,6343,-1,0,0,0,0,6490,0,-1,0
6491,-1,-1,6491,3809,-1,4352,5873,6344,2398,0,0,0,0,6491,0,-1,0
6492,-1,-1,6492,3810,4502,4353,5874,6345,2399,0,0,0,0,6492,0,-1,0
6493,-1,-1,6493,3811,4503,4354,5875,6346,2399,0,0,0,0,6493,0,-1,0
6494,-1,-1,6494,-1,4504,4355,5876,6347,2399,0,0,0,0,6494,0,-1,0
6495,-1,-1,6495,3812,4505,4356,5877,6348,2400,0,0,0,0,6495,0,-1,0
6496,-1,-1,6496,3813,4506,4357,5878,6349,2401,0,0,0,0,6496,0,-1,0
6497,-1,-1,6497,-1,4507,4358,5878,6350,2402,0,0,0,0,6497,0,-1,0
6498,-1,-1,6498,3814,4507,4359,5879,6351,-1,0,0,0,0,6498,0,-1,0
6499,-1,-1,6499,3815,4508,4360,5880,6352,-1,0,0,0,0,6499,0,-1,0
6500,-1,-1,6500,3815,4509,4360,5881,6353,2403,0,0,0,0,6500,0,-1,0
6501,-1,-1,6501,-1,4510,-1,5882,6354,2403,0,0,0,0,6501,0,-1,0
6502,-1,-1,6502,3816,4511,-1,5883,6355,2403,0,0,0,0,6502,0,-1,0
6503,-1,-1,6503,3817,4512,4361,5884,6356,2403,0,0,0,0,6503,0,-1,0
6504,-1,-1,6504,-1,-1,-1,5885,6357,2403,0,0,0,0,6504,0,-1,0
6505,-1,-1,6505,3818,4513,4362,5886,6358,2404,0,0,0,0,6505,0,-1,0
6506,-1,-1,6506,3819,4514,4363,5887,6359,2405,0,0,0,0,6506,0,-1,0
6507,-1,-1,6507,3820,4515,-1,5888,6360,2405,0,0,0,0,6507,0,-1,0
6508,-1,-1,6508,3821,4516,4364,5889,6361,2406,0,0,0,0,6508,0,-1,0
6509,-1,-1,6509,3822,4517,4365,5890,6362,2407,0,0,0,0,6509,0,-1,0
6510,-1,-1,6510,3823,4518,-1,5891,6363,2408,0,0,0,0,6510,0,-1,0
6511,-1,-1,6511,-1,-1,-1,5892,6364,-1,0,0,0,0,6511,0,-1,0
6512,-1,-1,6512,3824,4518,-1,5893,6365,2408,0,0,0,0,6512,0,-1,0
6513,-1,-1,6513,-1,4519,4366,5894,6366,2408,0,0,0,0,6513,0,-1,0
6514,-1,-1,6514,-1,-1,-1,5895,6367,2408,0,0,0,0,6514,0,-1,0
6515,-1,-1,6515,3824,4520,4367,5896,6368,2408,0,0,0,0,6515,0,-1,0
6516,-1,-1,6516,3825,4521,4368,5897,6369,2409,0,0,0,0,6516,0,-1,0
6517,-1,-1,6517,3826,4522,4369,5898,6370,-1,0,0,0,0,6517,0,-1,0
6518,-1,-1,6518,-1,4523,4370,5899,6371,2410,0,0,0,0,6518,0,-1,0
6519,-1,-1,6519,-1,4524,-1,5900,6372,-1,0,0,0,0,6519,0,-1,0
6520,-1,-1,6520,3827,4524,4371,5901,6373,2410,0,0,0,0,6520,0,-1,0
6521,-1,-1,6521,3828,4524,4372,5902,6374,2411,0,0,0,0,6521,0,-1,0
6522,-1,-1,6522,3829,4525,4373,5903,6375,-1,0,0,0,0,6522,0,-1,0
6523,-1,-1,6523,-1,4526,4374,5904,6376,2412,0,0,0,0,6523,0,-1,0
6524,-1,-1,6524,-1,4527,-1,5905,6377,2412,0,0,0,0,6524,0,-1,0
6525,-1,-1,6525,3829,4528,4375,5906,6378,2412,0,0,0,0,6525,0,-1,0
6526,-1,-1,6526,-1,4528,4376,5907,6379,-1,0,0,0,0,6526,0,-1,0
6527,-1,-1,6527,3829,4529,4377,5908,6380,2413,0,0,0,0,6527,0,-1,0
6528,-1,-1,6528,3830,4530,4378,5909,6381,2414,0,0,0,0,6528,0,-1,0
6529,-1,-1,6529,3831,4531,4378,5910,6382,2415,0,0,0,0,6529,0,-1,0
6530,-1,-1,6530,3832,4532,4379,5911,6383,2416,0,0,0,0,6530,0,-1,0
6531,-1,-1,6531,-1,4533,4380,5912,6384,2417,0,0,0,0,6531,0,-1,0
6532,-1,-1,6532,3833,4534,4381,5913,6385,-1,0,0,0,0,6532,0,-1,0
6533,-1,-1,6533,3834,4534,4382,5914,6386,-1,0,0,0,0,6533,0,-1,0
6534,-1,-1,6534,3835,4535,4383,5915,6387,-1,0,0,0,0,6534,0,-1,0
6535,-1,-1,6535,3836,4536,4384,5916,6388,2418,0,0,0,0,6535,0,-1,0
6536,-1,-1,6536,3837,4537,4385,5917,6389,2418,0,0,0,0,6536,0,-1,0
6537,-1,-1,6537,3838,4538,-1,5917,6390,2418,0,0,0,0,6537,0,-1,0
6538,-1,-1,6538,3839,4539,-1,5918,6391,2419,0,0,0,0,6538,0,-1,0
6539,-1,-1,6539,3840,4540,4385,5919,6392,2420,0,0,0,0,6539,0,-1,0
6540,-1,-1,6540,3841,-1,-1,5920,6393,2420,0,0,0,0,6540,0,-1,0
6541,-1,-1,6541,3842,4541,4386,5921,6394,2420,0,0,0,0,6541,0,-1,0
6542,-1,-1,6542,3843,4542,4387,5922,6395,2420,0,0,0,0,6542,0,-1,0
6543,-1,-1,6543,3844,4543,4388,5923,6396,2420,0,0,0,0,6543,0,-1,0
6544,-1,-1,6544,-1,-1,-1,5924,6397,-1,0,0,0,0,6544,0,-1,0
6545,-1,-1,6545,3845,4544,4389,5925,6398,-1,0,0,0,0,6545,0,-1,0
6546,-1,-1,6546,-1,4545,4390,5926,6399,2421,0,0,0,0,6546,0,-1,0
6547,-1,-1,6547,3846,4546,-1,5927,6400,2422,0,0,0,0,6547,0,-1,0
6548,-1,-1,6548,-1,-1,-1,5928,6401,2423,0,0,0,0,6548,0,-1,0
6549,-1,-1,6549,3847,4547,4390,5929,6402,2424,0,0,0,0,6549,0,-1,0
6550,-1,-1,6550,3848,4548,4391,5930,6403,2425,0,0,0,0,6550,0,-1,0
6551,-1,-1,6551,-1,4549,4392,5931,6404,-1,0,0,0,0,6551,0,-1,0
6552,-1,-1,6552,3849,4550,4393,5932,6405,2426,0,0,0,0,6552,0,-1,0
6553,-1,-1,6553,3850,4551,4394,5933,6406,2427,0,0,0,0,6553,0,-1,0
6554,-1,-1,6554,-1,4552,4395,5934,6407,-1,0,0,0,0,6554,0,-1,0
6555,-1,-1,6555,3851,4553,4395,5935,6408,2427,0,0,0,0,6555,0,-1,0
6556,-1,-1,6556,3852,4554,4396,5936,6409,2428,0,0,0,0,6556,0,-1,0
6557,-1,-1,6557,-1,-1,-1,5937,6410,-1,0,0,0,0,6557,0,-1,0
6558,-1,-1,6558,3852,4555,4397,5938,6411,2429,0,0,0,0,6558,0,-1,0
6559,-1,-1,6559,3853,4556,4398,5939,6412,-1,0,0,0,0,6559,0,-1,0
6560,-1,-1,6560,3854,4557,4399,5940,6413,2430,0,0,0,0,6560,0,-1,0
6561,-1,-1,6561,3855,4557,4400,5941,6414,2431,0,0,0,0,6561,0,-1,0
6562,-1,-1,6562,3856,4558,4400,5942,6415,2432,0,0,0,0,6562,0,-1,0
6563,-1,-1,6563,-1,-1,-1,5943,6416,2433,0,0,0,0,6563,0,-1,0
6564,-1,-1,6564,-1,4559,-1,5944,6417,2433,0,0,0,0,6564,0,-1,0
6565,-1,-1,6565,-1,4560,-1,5945,6418,2434,0,0,0,0,6565,0,-1,0
6566,-1,-1,6566,-1,4560,4401,5945,6419,-1,0,0,0,0,6566,0,-1,0
6567,-1,-1,6567,3857,4561,4402,5946,6420,2435,0,0,0,0,6567,0,-1,0
6568,-1,-1,6568,-1,-1,-1,5947,6421,2435,0,0,0,0,6568,0,-1,0
6569,-1,-1,6569,-1,-1,-1,5948,6422,2436,0,0,0,0,6569,0,-1,0
6570,-1,-1,6570,3858,4562,4403,5949,6423,2437,0,0,0,0,6570,0,-1,0
6571,-1,-1,6571,-1,-1,-1,5950,6424,-1,0,0,0,0,6571,0,-1,0
6572,-1,-1,6572,3858,4563,4404,5951,6425,2438,0,0,0,0,6572,0,-1,0
6573,-1,-1,6573,3859,4564,4405,5952,6426,-1,0,0,0,0,6573,0,-1,0
6574,-1,-1,6574,3860,4565,4406,5952,6426,-1,0,0,0,0,6574,0,-1,0
6575,-1,-1,6575,3861,4566,4407,5953,6427,-1,0,0,0,0,6575,0,-1,0
6576,-1,-1,6576,3861,4567,4408,5954,6428,2439,0,0,0,0,6576,0,-1,0
6577,-1,-1,6577,3861,4568,4409,5955,6429,2440,0,0,0,0,6577,0,-1,0
6578,-1,-1,6578,3862,4569,4410,5956,6430,2441,0,0,0,0,6578,0,-1,0
6579,-1,-1,6579,3863,4570,-1,5957,6431,-1,0,0,0,0,6579,0,-1,0
6580,-1,-1,6580,3864,4571,-1,5958,6432,2442,0,0,0,0,6580,0,-1,0
6581,-1,-1,6581,3865,4572,4411,5959,6433,2443,0,0,0,0,6581,0,-1,0
6582,-1,-1,6582,3866,-1,-1,5960,6434,2443,0,0,0,0,6582,0,-1,0
6583,-1,-1,6583,-1,4573,4412,5961,6435,2444,0,0,0,0,6583,0,-1,0
6584,-1,-1,6584,-1,-1,-1,5962,6436,2445,0,0,0,0,6584,0,-1,0
6585,-1,-1,6585,3867,4574,4413,5963,6437,-1,0,0,0,0,6585,0,-1,0
6586,-1,-1,6586,-1,4575,4414,5963,6438,2445,0,0,0,0,6586,0,-1,0
6587,-1,-1,6587,3868,4576,4415,5964,6439,2446,0,0,0,0,6587,0,-1,0
6588,-1,-1,6588,3869,4577,4416,5965,6440,2447,0,0,0,0,6588,0,-1,0
6589,-1,-1,6589,3870,4578,4417,5966,6441,2447,0,0,0,0,6589,0,-1,0
6590,-1,-1,6590,3871,4579,4418,5967,6442,-1,0,0,0,0,6590,0,-1,0
6591,-1,-1,6591,-1,-1,-1,5967,6442,-1,0,0,0,0,6591,0,-1,0
6592,-1,-1,6592,3872,4580,4419,5968,6443,-1,0,0,0,0,6592,0,-1,0
6593,-1,-1,6593,-1,-1,-1,5969,6444,-1,0,0,0,0,6593,0,-1,0
6594,-1,-1,6594,3873,4581,4420,5970,6445,-1,0,0,0,0,6594,0,-1,0
6595,-1,-1,6595,3874,4582,4421,5971,6446,2448,0,0,0,0,6595,0,-1,0
6596,-1,-1,6596,3875,4583,-1,5972,6447,-1,0,0,0,0,6596,0,-1,0
6597,-1,-1,6597,3876,4584,4422,5973,6448,-1,0,0,0,0,6597,0,-1,0
6598,-1,-1,6598,3877,4585,4423,5974,6449,2449,0,0,0,0,6598,0,-1,0
6599,-1,-1,6599,-1,-1,4424,5974,6450,2450,0,0,0,0,6599,0,-1,0
6600,-1,-1,6600,3878,4586,4425,-1,6451,2450,0,0,0,0,6600,0,-1,0
6601,-1,-1,6601,3879,4587,4425,5975,6452,-1,0,0,0,0,6601,0,-1,0
6602,-1,-1,6602,3880,4588,4426,5976,6453,2451,0,0,0,0,6602,0,-1,0
6603,-1,-1,6603,3881,4589,4427,5977,6454,-1,0,0,0,0,6603,0,-1,0
6604,-1,-1,6604,3882,4589,4428,5978,6455,-1,0,0,0,0,6604,0,-1,0
6605,-1,-1,6605,-1,4589,4429,5979,6456,2452,0,0,0,0,6605,0,-1,0
6606,-1,-1,6606,3883,4590,4430,5980,6457,2453,0,0,0,0,6606,0,-1,0
6607,-1,-1,6607,-1,-1,-1,5981,6458,-1,0,0,0,0,6607,0,-1,0
6608,-1,-1,6608,3884,4591,4431,5982,6459,-1,0,0,0,0,6608,0,-1,0
6609,-1,-1,6609,3885,4591,4431,5983,6460,2454,0,0,0,0,6609,0,-1,0
6610,-1,-1,6610,-1,4592,4432,5983,6461,-1,0,0,0,0,6610,0,-1,0
6611,-1,-1,6611,3886,4592,4433,5984,6462,-1,0,0,0,0,6611,0,-1,0
6612,-1,-1,6612,-1,-1,-1,5985,6463,-1,0,0,0,0,6612,0,-1,0
6613,-1,-1,6613,3887,4593,4434,5986,6464,-1,0,0,0,0,6613,0,-1,0
6614,-1,-1,6614,-1,4594,-1,5987,6465,2455,0,0,0,0,6614,0,-1,0
6615,-1,-1,6615,3887,4595,4435,-1,6466,2456,0,0,0,0,6615,0,-1,0
6616,-1,-1,6616,3888,4596,4436,5988,6467,2457,0,0,0,0,6616,0,-1,0
6617,-1,-1,6617,3889,4597,4437,5989,6468,-1,0,0,0,0,6617,0,-1,0
6618,-1,-1,6618,-1,4598,4438,5990,6469,2458,0,0,0,0,6618,0,-1,0
6619,-1,-1,6619,3890,4599,4439,5991,6470,-1,0,0,0,0,6619,0,-1,0
6620,-1,-1,6620,-1,4600,4440,5992,6471,2459,0,0,0,0,6620,0,-1,0
6621,-1,-1,6621,3891,-1,-1,5993,6472,-1,0,0,0,0,6621,0,-1,0
6622,-1,-1,6622,-1,4601,4441,5994,6473,2460,0,0,0,0,6622,0,-1,0
6623,-1,-1,6623,3892,4602,-1,5995,6474,-1,0,0,0,0,6623,0,-1,0
6624,-1,-1,6624,-1,4603,4441,5996,6475,2461,0,0,0,0,6624,0,-1,0
6625,-1,-1,6625,3893,4604,4442,5997,6476,-1,0,0,0,0,6625,0,-1,0
6626,-1,-1,6626,3894,-1,4443,5998,6477,2462,0,0,0,0,6626,0,-1,0
6627,-1,-1,6627,3895,4605,4444,5999,6478,2463,0,0,0,0,6627,0,-1,0
6628,-1,-1,6628,3896,4606,4445,6000,6479,2464,0,0,0,0,6628,0,-1,0
6629,-1,-1,6629,-1,4607,4445,6001,6480,2465,0,0,0,0,6629,0,-1,0
6630,-1,-1,6630,-1,-1,4446,6002,6481,2466,0,0,0,0,6630,0,-1,0
6631,-1,-1,6631,3897,4608,4447,6003,6482,2467,0,0,0,0,6631,0,-1,0
6632,-1,-1,6632,3898,4609,4448,6003,6483,2467,0,0,0,0,6632,0,-1,0
6633,-1,-1,6633,3899,4610,4449,6004,6484,2468,0,0,0,0,6633,0,-1,0
6634,-1,-1,6634,3900,4611,4450,6005,6485,2469,0,0,0,0,6634,0,-1,0
6635,-1,-1,6635,3901,4612,4451,6006,6486,2470,0,0,0,0,6635,0,-1,0
6636,-1,-1,6636,-1,4613,4452,6007,6487,2471,0,0,0,0,6636,0,-1,0
6637,-1,-1,6637,-1,-1,-1,6008,6488,2472,0,0,0,0,6637,0,-1,0
6638,-1,-1,6638,-1,-1,-1,6009,6489,2473,0,0,0,0,6638,0,-1,0
6639,-1,-1,6639,-1,-1,-1,6010,6490,-1,0,0,0,0,6639,0,-1,0
6640,-1,-1,6640,-1,-1,4453,6011,6491,-1,0,0,0,0,6640,0,-1,0
6641,-1,-1,6641,-1,4614,4454,6012,6492,-1,0,0,0,0,6641,0,-1,0
6642,-1,-1,6642,-1,4615,4455,6013,6493,-1,0,0,0,0,6642,0,-1,0
6643,-1,-1,6643,3902,4616,4456,6014,6494,2473,0,0,0,0,6643,0,-1,0
6644,-1,-1,6644,-1,-1,-1,6015,6495,-1,0,0,0,0,6644,0,-1,0
6645,-1,-1,6645,3903,4617,4457,6016,6496,-1,0,0,0,0,6645,0,-1,0
6646,-1,-1,6646,3903,4618,4458,6016,6497,2474,0,0,0,0,6646,0,-1,0
6647,-1,-1,6647,3904,4619,-1,6017,6498,2475,0,0,0,0,6647,0,-1,0
6648,-1,-1,6648,3905,4620,4459,6018,6499,-1,0,0,0,0,6648,0,-1,0
6649,-1,-1,6649,3906,4621,4460,6019,6500,2475,0,0,0,0,6649,0,-1,0
6650,-1,-1,6650,3907,4622,4461,6020,6501,2475,0,0,0,0,6650,0,-1,0
6651,-1,-1,6651,-1,4623,4462,6021,6502,2475,0,0,0,0,6651,0,-1,0
6652,-1,-1,6652,3908,4624,4463,6022,6503,2476,0,0,0,0,6652,0,-1,0
6653,-1,-1,6653,-1,4625,-1,6023,6504,-1,0,0,0,0,6653,0,-1,0
6654,-1,-1,6654,-1,-1,-1,6024,6505,-1,0,0,0,0,6654,0,-1,0
6655,-1,-1,6655,3909,-1,4464,6025,6506,2477,0,0,0,0,6655,0,-1,0
6656,-1,-1,6656,3910,4626,4465,6025,6507,2478,0,0,0,0,6656,0,-1,0
6657,-1,-1,6657,3910,4627,4466,6025,6508,2479,0,0,0,0,6657,0,-1,0
6658,-1,-1,6658,-1,-1,-1,6026,6509,-1,0,0,0,0,6658,0,-1,0
6659,-1,-1,6659,3911,4628,4467,-1,6510,2480,0,0,0,0,6659,0,-1,0
6660,-1,-1,6660,3912,4629,4468,6027,6511,2481,0,0,0,0,6660,0,-1,0
6661,-1,-1,6661,-1,4629,-1,6027,6512,-1,0,0,0,0,6661,0,-1,0
6662,-1,-1,6662,3912,4630,4469,6028,6513,-1,0,0,0,0,6662,0,-1,0
6663,-1,-1,6663,3913,4631,-1,6029,6514,-1,0,0,0,0,6663,0,-1,0
6664,-1,-1,6664,-1,-1,-1,6030,6515,-1,0,0,0,0,6664,0,-1,0
6665,-1,-1,6665,3914,4632,4470,6031,6516,2482,0,0,0,0,6665,0,-1,0
6666,-1,-1,6666,3915,4633,4471,6032,6517,2483,0,0,0,0,6666,0,-1,0
6667,-1,-1,6667,-1,-1,-1,6033,6518,2484,0,0,0,0,6667,0,-1,0
6668,-1,-1,6668,3916,-1,-1,6034,6519,2485,0,0,0,0,6668,0,-1,0
6669,-1,-1,6669,3917,-1,4471,6035,6520,2486,0,0,0,0,6669,0,-1,0
6670,-1,-1,6670,3918,4634,4472,6036,6521,2487,0,0,0,0,6670,0,-1,0
6671,-1,-1,6671,3919,4634,4473,6037,6522,2488,0,0,0,0,6671,0,-1,0
6672,-1,-1,6672,3920,4635,4474,6038,6523,2489,0,0,0,0,6672,0,-1,0
6673,-1,-1,6673,-1,4636,-1,6039,6524,2489,0,0,0,0,6673,0,-1,0
6674,-1,-1,6674,3921,4637,4475,6040,6525,2489,0,0,0,0,6674,0,-1,0
6675,-1,-1,6675,3922,4638,4476,6040,6526,2489,0,0,0,0,6675,0,-1,0
6676,-1,-1,6676,3923,4639,4477,6041,6527,2490,0,0,0,0,6676,0,-1,0
6677,-1,-1,6677,3923,4639,4478,6042,6528,2490,0,0,0,0,6677,0,-1,0
6678,-1,-1,6678,3923,4639,4479,6043,6529,2491,0,0,0,0,6678,0,-1,0
6679,-1,-1,6679,-1,4640,4480,6044,6530,2491,0,0,0,0,6679,0,-1,0
6680,-1,-1,6680,-1,4641,-1,6045,6531,2492,0,0,0,0,6680,0,-1,0
6681,-1,-1,6681,-1,-1,-1,6046,6532,2493,0,0,0,0,6681,0,-1,0
6682,-1,-1,6682,-1,4641,4481,6047,6533,2493,0,0,0,0,6682,0,-1,0
6683,-1,-1,6683,3924,4641,4482,6047,6534,2493,0,0,0,0,6683,0,-1,0
6684,-1,-1,6684,-1,4642,4483,6048,6535,2493,0,0,0,0,6684,0,-1,0
6685,-1,-1,6685,3924,4643,4484,6049,6536,-1,0,0,0,0,6685,0,-1,0
6686,-1,-1,6686,-1,4644,4485,6050,6537,2494,0,0,0,0,6686,0,-1,0
6687,-1,-1,6687,3925,4645,-1,6051,6538,2495,0,0,0,0,6687,0,-1,0
6688,-1,-1,6688,3926,4646,4486,6052,6539,2496,0,0,0,0,6688,0,-1,0
6689,-1,-1,6689,3927,4646,4487,6053,6540,-1,0,0,0,0,6689,0,-1,0
6690,-1,-1,6690,-1,4647,4488,6054,6541,2496,0,0,0,0,6690,0,-1,0
6691,-1,-1,6691,-1,4648,4489,6055,6542,-1,0,0,0,0,6691,0,-1,0
6692,-1,-1,6692,-1,-1,-1,6056,6543,2497,0,0,0,0,6692,0,-1,0
6693,-1,-1,6693,3927,4649,4490,6057,6544,2498,0,0,0,0,6693,0,-1,0
6694,-1,-1,6694,3928,4650,4491,6058,6545,2499,0,0,0,0,6694,0,-1,0
6695,-1,-1,6695,3929,4651,4492,6059,6546,2499,0,0,0,0,6695,0,-1,0
6696,-1,-1,6696,-1,-1,-1,6060,6547,2499,0,0,0,0,6696,0,-1,0
6697,-1,-1,6697,-1,-1,-1,6061,6548,-1,0,0,0,0,6697,0,-1,0
6698,-1,-1,6698,3930,4652,4493,6061,6549,2499,0,0,0,0,6698,0,-1,0
6699,-1,-1,6699,3931,4652,4494,6062,6550,-1,0,0,0,0,6699,0,-1,0
6700,-1,-1,6700,-1,-1,-1,6063,6551,2500,0,0,0,0,6700,0,-1,0
6701,-1,-1,6701,3932,4653,4495,6064,6552,2501,0,0,0,0,6701,0,-1,0
6702,-1,-1,6702,3933,4654,4496,6065,6553,2502,0,0,0,0,6702,0,-1,0
6703,-1,-1,6703,-1,4655,4497,6066,6554,2502,0,0,0,0,6703,0,-1,0
6704,-1,-1,6704,3934,4656,4498,6067,6555,2503,0,0,0,0,6704,0,-1,0
6705,-1,-1,6705,3935,4657,4499,6068,6556,2504,0,0,0,0,6705,0,-1,0
6706,-1,-1,6706,3936,4658,4500,6069,6557,2504,0,0,0,0,6706,0,-1,0
6707,-1,-1,6707,3937,4658,4501,6070,6558,2504,0,0,0,0,6707,0,-1,0
6708,-1,-1,6708,-1,4659,4502,6071,6559,-1,0,0,0,0,6708,0,-1,0
6709,-1,-1,6709,3937,4660,4503,6071,6560,2504,0,0,0,0,6709,0,-1,0
6710,-1,-1,6710,3937,4661,4504,6072,6561,2505,0,0,0,0,6710,0,-1,0
6711,-1,-1,6711,-1,-1,-1,6073,6562,-1,0,0,0,0,6711,0,-1,0
6712,-1,-1,6712,-1,4662,4505,6074,6563,-1,0,0,0,0,6712,0,-1,0
6713,-1,-1,6713,3938,4663,4505,6075,6564,2506,0,0,0,0,6713,0,-1,0
6714,-1,-1,6714,3939,4664,4506,6076,6565,2506,0,0,0,0,6714,0,-1,0
6715,-1,-1,6715,3940,4665,4507,6077,6566,2506,0,0,0,0,6715,0,-1,0
6716,-1,-1,6716,3941,4666,4508,6078,6567,-1,0,0,0,0,6716,0,-1,0
6717,-1,-1,6717,3942,4667,-1,6079,6568,2506,0,0,0,0,6717,0,-1,0
6718,-1,-1,6718,3943,4668,4509,6080,6569,-1,0,0,0,0,6718,0,-1,0
6719,-1,-1,6719,-1,4668,4510,6081,6570,2506,0,0,0,0,6719,0,-1,0
6720,-1,-1,6720,-1,4669,4511,6082,6571,-1,0,0,0,0,6720,0,-1,0
6721,-1,-1,6721,-1,-1,-1,6083,6572,-1,0,0,0,0,6721,0,-1,0
6722,-1,-1,6722,3944,4670,4512,6084,6573,2506,0,0,0,0,6722,0,-1,0
6723,-1,-1,6723,3945,4671,4513,6085,6574,2507,0,0,0,0,6723,0,-1,0
6724,-1,-1,6724,3946,4672,4513,6086,6575,-1,0,0,0,0,6724,0,-1,0
6725,-1,-1,6725,-1,-1,-1,6087,6576,-1,0,0,0,0,6725,0,-1,0
6726,-1,-1,6726,-1,4673,4514,6088,6577,2508,0,0,0,0,6726,0,-1,0
6727,-1,-1,6727,3947,4674,4515,6089,6578,2509,0,0,0,0,6727,0,-1,0
6728,-1,-1,6728,3948,-1,-1,6090,6579,-1,0,0,0,0,6728,0,-1,0
6729,-1,-1,6729,-1,-1,-1,6090,6579,-1,0,0,0,0,6729,0,-1,0
6730,-1,-1,6730,3949,4675,4516,6091,6580,-1,0,0,0,0,6730,0,-1,0
6731,-1,-1,6731,3949,4676,-1,6092,6581,-1,0,0,0,0,6731,0,-1,0
6732,-1,-1,6732,3949,4676,4517,6093,6582,2510,0,0,0,0,6732,0,-1,0
6733,-1,-1,6733,3950,4677,4518,6094,6583,2510,0,0,0,0,6733,0,-1,0
6734,-1,-1,6734,-1,4678,4519,6095,6584,-1,0,0,0,0,6734,0,-1,0
6735,-1,-1,6735,3951,4679,4520,6096,6585,2511,0,0,0,0,6735,0,-1,0
6736,-1,-1,6736,-1,4680,4521,6097,6586,2512,0,0,0,0,6736,0,-1,0
6737,-1,-1,6737,3952,4681,-1,6098,6587,-1,0,0,0,0,6737,0,-1,0
6738,-1,-1,6738,3953,4682,4522,6099,6588,2512,0,0,0,0,6738,0,-1,0
6739,-1,-1,6739,-1,-1,-1,6100,6589,-1,0,0,0,0,6739,0,-1,0
6740,-1,-1,6740,3954,4683,4523,6101,6590,2512,0,0,0,0,6740,0,-1,0
6741,-1,-1,6741,-1,4684,4524,6102,6591,-1,0,0,0,0,6741,0,-1,0
6742,-1,-1,6742,-1,-1,-1,6103,6592,-1,0,0,0,0,6742,0,-1,0
6743,-1,-1,6743,3955,4685,4525,6104,6593,2512,0,0,0,0,6743,0,-1,0
6744,-1,-1,6744,3956,4686,4526,6104,6594,2512,0,0,0,0,6744,0,-1,0
6745,-1,-1,6745,-1,4687,4527,6105,6595,2512,0,0,0,0,6745,0,-1,0
6746,-1,-1,6746,3957,4688,4528,6106,6596,2512,0,0,0,0,6746,0,-1,0
6747,-1,-1,6747,3958,4689,-1,6107,6597,-1,0,0,0,0,6747,0,-1,0
6748,-1,-1,6748,-1,4689,4529,6108,6598,2512,0,0,0,0,6748,0,-1,0
6749,-1,-1,6749,3959,4690,4530,6109,6599,2513,0,0,0,0,6749,0,-1,0
6750,-1,-1,6750,-1,4690,4531,6110,6600,-1,0,0,0,0,6750,0,-1,0
6751,-1,-1,6751,-1,4691,4532,6111,6601,2514,0,0,0,0,6751,0,-1,0
6752,-1,-1,6752,-1,-1,-1,6112,6602,2515,0,0,0,0,6752,0,-1,0
6753,-1,-1,6753,3960,4692,4533,6113,6603,2516,0,0,0,0,6753,0,-1,0
6754,-1,-1,6754,3961,4693,4534,6114,6604,2516,0,0,0,0,6754,0,-1,0
6755,-1,-1,6755,3962,4694,4535,6115,6605,2516,0,0,0,0,6755,0,-1,0
6756,-1,-1,6756,3963,4694,4536,6116,6606,2517,0,0,0,0,6756,0,-1,0
6757,-1,-1,6757,-1,4694,4537,6117,6607,2518,0,0,0,0,6757,0,-1,0
6758,-1,-1,6758,-1,-1,-1,6118,6608,-1,0,0,0,0,6758,0,-1,0
6759,-1,-1,6759,3963,4695,4538,6119,6609,2519,0,0,0,0,6759,0,-1,0
6760,-1,-1,6760,-1,4696,4539,6120,6610,-1,0,0,0,0,6760,0,-1,0
6761,-1,-1,6761,3964,4696,4540,6121,6611,2520,0,0,0,0,6761,0,-1,0
6762,-1,-1,6762,-1,4697,4541,6122,6612,2520,0,0,0,0,6762,0,-1,0
6763,-1,-1,6763,3965,4698,4542,6123,6613,2520,0,0,0,0,6763,0,-1,0
6764,-1,-1,6764,-1,4699,-1,6124,6614,-1,0,0,0,0,6764,0,-1,0
6765,-1,-1,6765,3965,4700,4543,6125,6615,2521,0,0,0,0,6765,0,-1,0
6766,-1,-1,6766,3966,4701,4544,6126,6616,2522,0,0,0,0,6766,0,-1,0
6767,-1,-1,6767,3967,4702,4545,6127,6617,2523,0,0,0,0,6767,0,-1,0
6768,-1,-1,6768,-1,4703,-1,6128,6618,2524,0,0,0,0,6768,0,-1,0
6769,-1,-1,6769,3968,-1,-1,6129,6619,2524,0,0,0,0,6769,0,-1,0
6770,-1,-1,6770,3969,4704,4545,6130,6620,2525,0,0,0,0,6770,0,-1,0
6771,-1,-1,6771,3970,4705,4546,6130,6621,2526,0,0,0,0,6771,0,-1,0
6772,-1,-1,6772,3971,4706,4546,6131,6622,2527,0,0,0,0,6772,0,-1,0
6773,-1,-1,6773,3971,4707,4547,6132,6623,-1,0,0,0,0,6773,0,-1,0
6774,-1,-1,6774,3972,4708,-1,6133,6624,-1,0,0,0,0,6774,0,-1,0
6775,-1,-1,6775,3973,4708,4548,6134,6625,2527,0,0,0,0,6775,0,-1,0
6776,-1,-1,6776,3974,4709,4549,6135,6626,2527,0,0,0,0,6776,0,-1,0
6777,-1,-1,6777,-1,-1,-1,6135,6627,-1,0,0,0,0,6777,0,-1,0
6778,-1,-1,6778,3975,4710,-1,6136,6628,-1,0,0,0,0,6778,0,-1,0
6779,-1,-1,6779,3976,4711,4550,6137,6629,2528,0,0,0,0,6779,0,-1,0
6780,-1,-1,6780,-1,-1,-1,6137,6630,-1,0,0,0,0,6780,0,-1,0
6781,-1,-1,6781,-1,-1,-1,6138,6631,2529,0,0,0,0,6781,0,-1,0
6782,-1,-1,6782,3977,-1,-1,6139,6632,-1,0,0,0,0,6782,0,-1,0
6783,-1,-1,6783,3978,4712,4551,6140,6633,2529,0,0,0,0,6783,0,-1,0
6784,-1,-1,6784,3979,4713,-1,6141,6634,2530,0,0,0,0,6784,0,-1,0
6785,-1,-1,6785,3980,4713,4552,6142,6635,-1,0,0,0,0,6785,0,-1,0
6786,-1,-1,6786,3981,4714,4553,6143,6636,2531,0,0,0,0,6786,0,-1,0
6787,-1,-1,6787,3981,-1,-1,6144,6637,2531,0,0,0,0,6787,0,-1,0
6788,-1,-1,6788,-1,-1,-1,6144,6638,-1,0,0,0,0,6788,0,-1,0
6789,-1,-1,6789,3982,4715,4554,6145,6639,2532,0,0,0,0,6789,0,-1,0
6790,-1,44,6790,3983,4715,4555,6146,6640,-1,0,0,0,0,6790,0,-1,0
6791,-1,-1,6791,-1,4716,4556,6147,6641,2533,0,0,0,0,6791,0,-1,0
6792,-1,-1,6792,-1,4716,4557,6148,6642,2534,0,0,0,0,6792,0,-1,0
6793,-1,-1,6793,3984,4717,-1,6149,6643,-1,0,0,0,0,6793,0,-1,0
6794,-1,-1,6794,3984,4718,4558,6150,6644,-1,0,0,0,0,6794,0,-1,0
6795,-1,-1,6795,-1,-1,4559,6151,6645,2535,0,0,0,0,6795,0,-1,0
6796,-1,-1,6796,-1,4719,4559,6152,6646,2536,0,0,0,0,6796,0,-1,0
6797,-1,-1,6797,3984,4720,-1,6153,6647,-1,0,0,0,0,6797,0,-1,0
6798,-1,-1,6798,3984,4720,-1,6154,6648,2537,0,0,0,0,6798,0,-1,0
6799,-1,-1,6799,3985,4720,4560,6155,6649,2537,0,0,0,0,6799,0,-1,0
6800,-1,-1,6800,3986,4721,4561,6156,6650,2537,0,0,0,0,6800,0,-1,0
6801,-1,-1,6801,3987,4722,-1,6157,6651,-1,0,0,0,0,6801,0,-1,0
6802,-1,-1,6802,3988,4723,4562,6158,6652,-1,0,0,0,0,6802,0,-1,0
6803,-1,-1,6803,3989,4723,4563,6159,6653,2537,0,0,0,0,6803,0,-1,0
6804,-1,-1,6804,-1,4724,4564,6160,6654,2538,0,0,0,0,6804,0,-1,0
6805,-1,-1,6805,3990,4724,4565,6161,6655,2539,0,0,0,0,6805,0,-1,0
6806,-1,-1,6806,3991,4725,-1,6162,6656,2540,0,0,0,0,6806,0,-1,0
6807,-1,-1,6807,-1,-1,-1,6163,6657,2541,0,0,0,0,6807,0,-1,0
6808,-1,-1,6808,-1,-1,-1,6164,6658,2541,0,0,0,0,6808,0,-1,0
6809,-1,-1,6809,-1,-1,-1,6165,6659,-1,0,0,0,0,6809,0,-1,0
6810,-1,-1,6810,3992,4726,4566,6166,6660,2541,0,0,0,0,6810,0,-1,0
6811,-1,-1,6811,3993,-1,-1,6167,6661,-1,0,0,0,0,6811,0,-1,0
6812,-1,-1,6812,3994,4727,-1,6168,6662,2541,0,0,0,0,6812,0,-1,0
6813,-1,-1,6813,-1,4728,4567,6169,6663,-1,0,0,0,0,6813,0,-1,0
6814,-1,-1,6814,-1,4729,4568,6169,6664,2541,0,0,0,0,6814,0,-1,0
6815,-1,-1,6815,3995,4729,4569,6170,6665,2541,0,0,0,0,6815,0,-1,0
6816,-1,-1,6816,-1,4730,4570,6170,6665,2541,0,0,0,0,6816,0,-1,0
6817,-1,-1,6817,3996,4731,4571,6171,6666,-1,0,0,0,0,6817,0,-1,0
6818,-1,-1,6818,-1,4732,4572,6172,6667,2542,0,0,0,0,6818,0,-1,0
6819,-1,-1,6819,3997,4733,4573,6173,6668,-1,0,0,0,0,6819,0,-1,0
6820,-1,-1,6820,-1,4734,4574,6174,6669,2543,0,0,0,0,6820,0,-1,0
6821,-1,-1,6821,3998,4734,4575,6175,6670,-1,0,0,0,0,6821,0,-1,0
6822,-1,-1,6822,3999,4735,4575,6176,6671,-1,0,0,0,0,6822,0,-1,0
6823,-1,-1,6823,4000,4736,4576,6177,6672,2543,0,0,0,0,6823,0,-1,0
6824,-1,-1,6824,4001,4737,4577,6178,6673,2543,0,0,0,0,6824,0,-1,0
6825,-1,-1,6825,4001,4738,-1,6179,6674,-1,0,0,0,0,6825,0,-1,0
6826,-1,-1,6826,-1,4739,4578,6180,6675,2543,0,0,0,0,6826,0,-1,0
6827,-1,-1,6827,4002,4740,4579,6181,6676,-1,0,0,0,0,6827,0,-1,0
6828,-1,-1,6828,4003,4741,4580,6181,6676,-1,0,0,0,0,6828,0,-1,0
6829,-1,-1,6829,-1,4742,4581,6182,6677,2544,0,0,0,0,6829,0,-1,0
6830,-1,-1,6830,4003,4743,4582,6183,6678,-1,0,0,0,0,6830,0,-1,0
6831,-1,-1,6831,4004,4744,4583,6184,6679,2545,0,0,0,0,6831,0,-1,0
6832,-1,-1,6832,4005,4745,4584,6185,6680,-1,0,0,0,0,6832,0,-1,0
6833,-1,-1,6833,4006,4746,4585,6186,6681,2546,0,0,0,0,6833,0,-1,0
6834,-1,-1,6834,4007,4747,4586,6187,6682,2546,0,0,0,0,6834,0,-1,0
6835,-1,-1,6835,-1,-1,-1,6188,6683,-1,0,0,0,0,6835,0,-1,0
6836,-1,-1,6836,-1,4748,4587,6189,6684,2546,0,0,0,0,6836,0,-1,0
6837,-1,-1,6837,4008,4749,4588,6190,6685,2546,0,0,0,0,6837,0,-1,0
6838,-1,-1,6838,4009,4749,4589,6191,6686,2546,0,0,0,0,6838,0,-1,0
6839,-1,-1,6839,4010,4749,4590,6192,6687,2547,0,0,0,0,6839,0,-1,0
6840,-1,-1,6840,4010,4750,-1,6193,6688,2548,0,0,0,0,6840,0,-1,0
6841,-1,-1,6841,4010,4751,4591,6194,6689,-1,0,0,0,0,6841,0,-1,0
6842,-1,-1,6842,4011,4752,4592,6195,6690,2548,0,0,0,0,6842,0,-1,0
6843,-1,-1,6843,-1,4753,4593,6196,6691,2548,0,0,0,0,6843,0,-1,0
6844,-1,-1,6844,-1,4754,4594,6197,6692,2548,0,0,0,0,6844,0,-1,0
6845,-1,-1,6845,-1,-1,4595,6198,6693,-1,0,0,0,0,6845,0,-1,0
6846,-1,-1,6846,4012,4755,4596,6199,6694,2548,0,0,0,0,6846,0,-1,0
6847,-1,-1,6847,4013,4756,4597,6200,6695,-1,0,0,0,0,6847,0,-1,0
6848,-1,-1,6848,4014,4757,4598,6201,6696,2548,0,0,0,0,6848,0,-1,0
6849,-1,-1,6849,4015,4758,4599,6202,6697,2548,0,0,0,0,6849,0,-1,0
6850,-1,-1,6850,-1,-1,-1,6203,6698,-1,0,0,0,0,6850,0,-1,0
6851,-1,-1,6851,4015,4759,4600,6204,6699,-1,0,0,0,0,6851,0,-1,0
6852,-1,-1,6852,4016,4760,4601,6205,6700,2549,0,0,0,0,6852,0,-1,0
6853,-1,-1,6853,-1,4761,-1,6206,6701,-1,0,0,0,0,6853,0,-1,0
6854,-1,-1,6854,4017,4762,4602,6207,6702,2550,0,0,0,0,6854,0,-1,0
6855,-1,-1,6855,4018,4763,4603,6208,6703,2550,0,0,0,0,6855,0,-1,0
6856,-1,-1,6856,4019,4764,-1,6209,6704,2550,0,0,0,0,6856,0,-1,0
6857,-1,-1,6857,4020,4765,4604,6210,6705,2550,0,0,0,0,6857,0,-1,0
6858,-1,-1,6858,4020,-1,-1,6211,6706,2551,0,0,0,0,6858,0,-1,0
6859,-1,-1,6859,4021,4766,-1,6212,6707,2552,0,0,0,0,6859,0,-1,0
6860,-1,-1,6860,4022,4767,4604,6213,6708,-1,0,0,0,0,6860,0,-1,0
6861,-1,-1,6861,4023,4768,4604,6214,6709,-1,0,0,0,0,6861,0,-1,0
6862,-1,-1,6862,4024,-1,4605,6215,6710,2552,0,0,0,0,6862,0,-1,0
6863,-1,-1,6863,4024,4769,4606,6216,6711,-1,0,0,0,0,6863,0,-1,0
6864,-1,-1,6864,4025,4770,4607,6217,6712,2552,0,0,0,0,6864,0,-1,0
6865,-1,-1,6865,-1,-1,-1,6218,6713,2552,0,0,0,0,6865,0,-1,0
6866,-1,-1,6866,4025,4771,4608,6218,6714,-1,0,0,0,0,6866,0,-1,0
6867,-1,-1,6867,-1,4772,4609,6218,6714,-1,0,0,0,0,6867,0,-1,0
6868,-1,-1,6868,4026,4773,4610,6219,6715,2553,0,0,0,0,6868,0,-1,0
6869,-1,-1,6869,4027,4773,4611,6220,6716,2554,0,0,0,0,6869,0,-1,0
6870,-1,-1,6870,4028,4774,4612,6221,6717,2554,0,0,0,0,6870,0,-1,0
6871,-1,-1,6871,4029,-1,-1,6222,6718,2555,0,0,0,0,6871,0,-1,0
6872,-1,-1,6872,4030,4774,4613,6223,6719,2556,0,0,0,0,6872,0,-1,0
6873,-1,-1,6873,4031,4775,4614,6224,6720,-1,0,0,0,0,6873,0,-1,0
6874,-1,-1,6874,4032,4776,4615,6225,6721,2557,0,0,0,0,6874,0,-1,0
6875,-1,-1,6875,4033,4777,4616,6226,6722,-1,0,0,0,0,6875,0,-1,0
6876,-1,-1,6876,-1,4778,4617,6227,6723,2558,0,0,0,0,6876,0,-1,0
6877,-1,-1,6877,4034,-1,-1,6228,6724,-1,0,0,0,0,6877,0,-1,0
6878,-1,-1,6878,4035,4778,4618,6229,6725,2559,0,0,0,0,6878,0,-1,0
6879,-1,45,6879,-1,-1,-1,6230,6726,2559,0,0,0,0,6879,0,-1,0
6880,-1,-1,6880,-1,4779,4619,6231,6727,-1,0,0,0,0,6880,0,-1,0
6881,-1,-1,6881,-1,4780,4620,6232,6728,2560,0,0,0,0,6881,0,-1,0
6882,-1,-1,6882,4036,4780,4621,6233,6729,-1,0,0,0,0,6882,0,-1,0
6883,-1,-1,6883,4037,4781,4622,6234,6730,-1,0,0,0,0,6883,0,-1,0
6884,-1,-1,6884,4038,4782,4623,6235,6731,-1,0,0,0,0,6884,0,-1,0
6885,-1,-1,6885,-1,4783,-1,6236,6732,2561,0,0,0,0,6885,0,-1,0
6886,-1,-1,6886,-1,-1,-1,6237,6733,2562,0,0,0,0,6886,0,-1,0
6887,-1,-1,6887,4039,4783,4624,6238,6734,2563,0,0,0,0,6887,0,-1,0
6888,-1,-1,6888,-1,4784,4625,6239,6735,2564,0,0,0,0,6888,0,-1,0
6889,-1,-1,6889,-1,4785,4626,-1,6736,2565,0,0,0,0,6889,0,-1,0
6890,-1,-1,6890,4040,4785,4627,6240,6737,2566,0,0,0,0,6890,0,-1,0
6891,-1,-1,6891,4041,4785,4628,6241,6738,2567,0,0,0,0,6891,0,-1,0
6892,-1,-1,6892,-1,4786,4629,6241,6739,-1,0,0,0,0,6892,0,-1,0
6893,-1,46,6893,-1,-1,-1,6241,6739,-1,0,0,0,0,6893,0,-1,0
6894,-1,-1,6894,4042,4787,4630,6242,6740,2568,0,0,0,0,6894,0,-1,0
6895,-1,-1,6895,-1,4787,4631,6243,6741,2569,0,0,0,0,6895,0,-1,0
6896,-1,47,6896,4043,4788,4632,6244,6742,2570,0,0,0,0,6896,0,-1,0
6897,-1,-1,6897,4044,4789,4633,6245,6743,2570,0,0,0,0,6897,0,-1,0
6898,-1,-1,6898,4045,4790,4634,6246,6744,-1,0,0,0,0,6898,0,-1,0
6899,-1,-1,6899,4046,4791,-1,6247,6745,-1,0,0,0,0,6899,0,-1,0
6900,-1,-1,6900,4047,4792,4635,6248,6746,-1,0,0,0,0,6900,0,-1,0
6901,-1,-1,6901,-1,-1,-1,6249,6747,-1,0,0,0,0,6901,0,-1,0
6902,-1,-1,6902,-1,-1,-1,6250,6748,2571,0,0,0,0,6902,0,-1,0
6903,-1,-1,6903,4048,4793,4636,6251,6749,2572,0,0,0,0,6903,0,-1,0
6904,-1,-1,6904,4049,4794,4637,6252,6750,2573,0,0,0,0,6904,0,-1,0
6905,-1,-1,6905,4050,4795,4638,6253,6751,2574,0,0,0,0,6905,0,-1,0
6906,-1,-1,6906,-1,4796,-1,6254,6752,2575,0,0,0,0,6906,0,-1,0
6907,-1,-1,6907,4051,4797,4639,6255,6753,-1,0,0,0,0,6907,0,-1,0
6908,-1,-1,6908,4052,4798,4640,6256,6754,-1,0,0,0,0,6908,0,-1,0
6909,-1,-1,6909,4053,4798,4641,6256,6754,-1,0,0,0,0,6909,0,-1,0
6910,-1,-1,6910,4054,4799,4642,6257,6755,2576,0,0,0,0,6910,0,-1,0
6911,-1,-1,6911,4055,4800,4643,6258,6756,-1,0,0,0,0,6911,0,-1,0
6912,-1,-1,6912,4056,4801,4644,6259,6757,2577,0,0,0,0,6912,0,-1,0
6913,-1,-1,6913,4057,4802,-1,6260,6758,-1,0,0,0,0,6913,0,-1,0
6914,-1,-1,6914,4058,4803,4645,6261,6759,2578,0,0,0,0,6914,0,-1,0
6915,-1,-1,6915,4059,4804,4646,6262,6760,2579,0,0,0,0,6915,0,-1,0
6916,-1,-1,6916,-1,-1,4647,6263,6761,2579,0,0,0,0,6916,0,-1,0
6917,-1,-1,6917,-1,-1,-1,-1,6762,-1,0,0,0,0,6917,0,-1,0
6918,-1,-1,6918,-1,-1,-1,-1,6762,-1,0,0,0,0,6918,0,-1,0
6919,-1,-1,6919,-1,4805,4648,6264,6763,2579,0,0,0,0,6919,0,-1,0
6920,-1,-1,6920,4060,4806,4649,6265,6764,2579,0,0,0,0,6920,0,-1,0
6921,-1,-1,6921,-1,-1,-1,6266,6765,-1,0,0,0,0,6921,0,-1,0
6922,-1,-1,6922,4061,4807,4650,6267,6766,2580,0,0,0,0,6922,0,-1,0
6923,-1,-1,6923,4062,4808,4651,6268,6767,2581,0,0,0,0,6923,0,-1,0
6924,-1,-1,6924,-1,-1,-1,6269,6768,2582,0,0,0,0,6924,0,-1,0
6925,-1,-1,6925,4063,-1,4652,6270,6769,2582,0,0,0,0,6925,0,-1,0
6926,-1,-1,6926,-1,-1,-1,6271,6770,2582,0,0,0,0,6926,0,-1,0
6927,-1,-1,6927,-1,-1,-1,6272,6771,-1,0,0,0,0,6927,0,-1,0
6928,-1,-1,6928,-1,-1,4653,6273,6772,2582,0,0,0,0,6928,0,-1,0
6929,-1,-1,6929,4064,-1,-1,6274,6773,2583,0,0,0,0,6929,0,-1,0
6930,-1,-1,6930,4065,-1,4654,6275,6774,2584,0,0,0,0,6930,0,-1,0
6931,-1,-1,6931,4066,4809,4655,6276,6775,-1,0,0,0,0,6931,0,-1,0
6932,-1,-1,6932,-1,-1,-1,6277,6776,-1,0,0,0,0,6932,0,-1,0
6933,-1,-1,6933,-1,4810,4656,6278,6777,2585,0,0,0,0,6933,0,-1,0
6934,-1,-1,6934,4066,4810,4657,6279,6778,2585,0,0,0,0,6934,0,-1,0
6935,-1,-1,6935,4067,4811,4658,6279,6779,2586,0,0,0,0,6935,0,-1,0
6936,-1,-1,6936,-1,4812,4659,6280,6780,2587,0,0,0,0,6936,0,-1,0
6937,-1,-1,6937,4068,4813,4660,6281,6781,2587,0,0,0,0,6937,0,-1,0
6938,-1,-1,6938,4069,4813,4661,6282,6782,2587,0,0,0,0,6938,0,-1,0
6939,-1,-1,6939,-1,4814,4662,6283,6783,2587,0,0,0,0,6939,0,-1,0
6940,-1,-1,6940,4070,4814,4663,6284,6784,-1,0,0,0,0,6940,0,-1,0
6941,-1,-1,6941,4071,4814,4663,6285,6785,2588,0,0,0,0,6941,0,-1,0
6942,-1,-1,6942,4072,4814,-1,6286,6786,2589,0,0,0,0,6942,0,-1,0
6943,-1,-1,6943,4073,4815,-1,6287,6787,2590,0,0,0,0,6943,0,-1,0
6944,-1,-1,6944,4074,4816,4664,6288,6788,2591,0,0,0,0,6944,0,-1,0
6945,-1,-1,6945,4075,4817,4664,6289,6789,2592,0,0,0,0,6945,0,-1,0
6946,-1,-1,6946,4076,4818,4665,6290,6790,2592,0,0,0,0,6946,0,-1,0
6947,-1,-1,6947,-1,-1,-1,6291,6791,-1,0,0,0,0,6947,0,-1,0
6948,-1,-1,6948,4077,4819,4666,6292,6792,2592,0,0,0,0,6948,0,-1,0
6949,-1,-1,6949,-1,-1,-1,6293,6793,-1,0,0,0,0,6949,0,-1,0
6950,-1,-1,6950,4077,4820,4667,6294,6794,-1,0,0,0,0,6950,0,-1,0
6951,-1,-1,6951,4078,4821,4668,6295,6795,-1,0,0,0,0,6951,0,-1,0
6952,-1,-1,6952,4078,4822,4669,6296,6796,2593,0,0,0,0,6952,0,-1,0
6953,-1,-1,6953,4079,4823,4670,6297,6797,-1,0,0,0,0,6953,0,-1,0
6954,-1,-1,6954,4080,4824,-1,6298,6798,2594,0,0,0,0,6954,0,-1,0
6955,-1,-1,6955,-1,4825,4671,6299,6799,2595,0,0,0,0,6955,0,-1,0
6956,-1,-1,6956,4081,4826,4672,6300,6800,-1,0,0,0,0,6956,0,-1,0
6957,-1,-1,6957,4082,4827,4673,6301,6801,2596,0,0,0,0,6957,0,-1,0
6958,-1,-1,6958,-1,-1,-1,6302,6802,-1,0,0,0,0,6958,0,-1,0
6959,-1,-1,6959,4083,4828,4674,6302,6803,2596,0,0,0,0,6959,0,-1,0
6960,-1,-1,6960,4084,-1,4675,6303,6804,2597,0,0,0,0,6960,0,-1,0
6961,-1,-1,6961,4085,-1,4676,6304,6805,2598,0,0,0,0,6961,0,-1,0
6962,-1,-1,6962,4086,4829,4677,6304,6806,2599,0,0,0,0,6962,0,-1,0
6963,-1,-1,6963,4087,4830,4678,6305,6807,-1,0,0,0,0,6963,0,-1,0
6964,-1,-1,6964,4088,4830,4679,6305,6808,2599,0,0,0,0,6964,0,-1,0
6965,-1,-1,6965,4089,4830,4680,6305,6809,-1,0,0,0,0,6965,0,-1,0
6966,-1,-1,6966,4090,4830,4681,6305,6810,2599,0,0,0,0,6966,0,-1,0
6967,-1,-1,6967,4091,4830,4682,6305,6810,2599,0,0,0,0,6967,0,-1,0
6968,-1,-1,6968,4091,4831,4683,6306,6811,-1,0,0,0,0,6968,0,-1,0
6969,-1,-1,6969,4092,4832,4683,6307,6812,2599,0,0,0,0,6969,0,-1,0
6970,-1,48,6970,-1,-1,-1,6308,6813,2599,0,0,0,0,6970,0,-1,0
6971,-1,-1,6971,4093,4832,4683,6309,6814,2599,0,0,0,0,6971,0,-1,0
6972,-1,-1,6972,4094,4833,-1,6309,6815,2600,0,0,0,0,6972,0,-1,0
6973,-1,-1,6973,4094,4834,4684,6310,6816,-1,0,0,0,0,6973,0,-1,0
6974,-1,-1,6974,4095,4835,4685,-1,6817,-1,0,0,0,0,6974,0,-1,0
6975,-1,-1,6975,-1,4836,-1,6311,6818,2601,0,0,0,0,6975,0,-1,0
6976,-1,-1,6976,-1,4837,4686,6312,6819,2601,0,0,0,0,6976,0,-1,0
6977,-1,-1,6977,4096,4838,4687,6313,6820,2601,0,0,0,0,6977,0,-1,0
6978,-1,-1,6978,4097,4839,4688,6314,6821,-1,0,0,0,0,6978,0,-1,0
6979,-1,-1,6979,-1,-1,-1,6315,6822,-1,0,0,0,0,6979,0,-1,0
6980,-1,-1,6980,-1,4840,4689,6316,6823,-1,0,0,0,0,6980,0,-1,0
6981,-1,-1,6981,4098,-1,-1,6317,6824,2602,0,0,0,0,6981,0,-1,0
6982,-1,-1,6982,4098,4841,4690,6318,6825,2603,0,0,0,0,6982,0,-1,0
6983,-1,-1,6983,4099,4842,4691,6319,6826,-1,0,0,0,0,6983,0,-1,0
6984,-1,-1,6984,4100,4842,4692,6320,6827,-1,0,0,0,0,6984,0,-1,0
6985,-1,-1,6985,4101,4843,4693,6321,6828,2604,0,0,0,0,6985,0,-1,0
6986,-1,-1,6986,4102,4844,4694,6322,6829,2605,0,0,0,0,6986,0,-1,0
6987,-1,-1,6987,4103,4845,4695,6323,6830,2606,0,0,0,0,6987,0,-1,0
6988,-1,-1,6988,4104,4846,4696,6324,6831,-1,0,0,0,0,6988,0,-1,0
6989,-1,-1,6989,4105,4847,4697,6325,6832,2607,0,0,0,0,6989,0,-1,0
6990,-1,-1,6990,4106,4848,4698,6326,6833,2608,0,0,0,0,6990,0,-1,0
6991,-1,-1,6991,4107,4848,4699,6327,6834,2608,0,0,0,0,6991,0,-1,0
6992,-1,-1,6992,4108,4849,4700,6328,6835,2609,0,0,0,0,6992,0,-1,0
6993,-1,-1,6993,-1,-1,-1,6329,6836,2609,0,0,0,0,6993,0,-1,0
6994,-1,-1,6994,4109,4850,4701,6330,6837,-1,0,0,0,0,6994,0,-1,0
6995,-1,-1,6995,-1,4851,4702,6330,6837,-1,0,0,0,0,6995,0,-1,0
6996,-1,-1,6996,4110,-1,-1,6331,6838,2609,0,0,0,0,6996,0,-1,0
6997,-1,-1,6997,4111,-1,-1,6332,6839,2609,0,0,0,0,6997,0,-1,0
6998,-1,-1,6998,4112,4852,-1,6333,6840,-1,0,0,0,0,6998,0,-1,0
6999,-1,-1,6999,4113,4853,4703,6334,6841,2610,0,0,0,0,6999,0,-1,0
7000,-1,-1,7000,4114,4854,4704,6334,6842,2611,0,0,0,0,7000,0,-1,0
7001,-1,-1,7001,4115,4855,4705,6334,6843,-1,0,0,0,0,7001,0,-1,0
7002,-1,-1,7002,-1,4855,4706,6335,6844,2612,0,0,0,0,7002,0,-1,0
7003,-1,-1,7003,4116,4856,4707,6335,6845,2613,0,0,0,0,7003,0,-1,0
7004,-1,-1,7004,4116,4857,4708,6335,6846,2613,0,0,0,0,7004,0,-1,0
7005,-1,-1,7005,-1,-1,-1,6336,6847,2614,0,0,0,0,7005,0,-1,0
7006,-1,-1,7006,-1,-1,-1,6337,6848,-1,0,0,0,0,7006,0,-1,0
7007,-1,-1,7007,4116,4858,-1,6338,6849,2615,0,0,0,0,7007,0,-1,0
7008,-1,-1,7008,-1,4859,4709,6339,6850,-1,0,0,0,0,7008,0,-1,0
7009,-1,-1,7009,4117,-1,-1,6340,6851,2616,0,0,0,0,7009,0,-1,0
7010,-1,-1,7010,4118,4860,4710,6341,6852,-1,0,0,0,0,7010,0,-1,0
7011,-1,-1,7011,-1,4861,-1,6341,6853,2617,0,0,0,0,7011,0,-1,0
7012,-1,-1,7012,-1,-1,-1,6342,6854,-1,0,0,0,0,7012,0,-1,0
7013,-1,-1,7013,4119,4862,4711,6343,6855,-1,0,0,0,0,7013,0,-1,0
7014,-1,-1,7014,4120,4863,-1,6344,6856,2617,0,0,0,0,7014,0,-1,0
7015,-1,-1,7015,-1,-1,4712,6345,6857,-1,0,0,0,0,7015,0,-1,0
7016,-1,-1,7016,4121,4864,4713,6346,6858,2618,0,0,0,0,7016,0,-1,0
7017,-1,-1,7017,4122,-1,-1,6347,6859,-1,0,0,0,0,7017,0,-1,0
7018,-1,-1,7018,4123,4865,4714,6348,6860,-1,0,0,0,0,7018,0,-1,0
7019,-1,-1,7019,-1,-1,-1,6349,6861,2619,0,0,0,0,7019,0,-1,0
7020,-1,-1,7020,-1,4866,4715,6350,6862,-1,0,0,0,0,7020,0,-1,0
7021,-1,-1,7021,-1,4867,4715,6351,6863,-1,0,0,0,0,7021,0,-1,0
7022,-1,-1,7022,4124,4868,4716,6352,6864,2620,0,0,0,0,7022,0,-1,0
7023,-1,-1,7023,4125,4868,4717,6353,6865,2621,0,0,0,0,7023,0,-1,0
7024,-1,-1,7024,4126,4869,4718,6354,6866,2622,0,0,0,0,7024,0,-1,0
7025,-1,-1,7025,-1,-1,-1,6355,6867,2623,0,0,0,0,7025,0,-1,0
7026,-1,-1,7026,4127,4870,4719,6356,6868,2624,0,0,0,0,7026,0,-1,0
7027,-1,-1,7027,-1,4871,4720,6357,6869,-1,0,0,0,0,7027,0,-1,0
7028,-1,-1,7028,4128,4872,4721,6358,6870,2625,0,0,0,0,7028,0,-1,0
7029,-1,-1,7029,4129,4873,4722,6359,6871,2626,0,0,0,0,7029,0,-1,0
7030,-1,-1,7030,-1,4874,4723,6360,6872,2627,0,0,0,0,7030,0,-1,0
7031,-1,-1,7031,4130,4874,4724,6361,6873,2628,0,0,0,0,7031,0,-1,0
7032,-1,-1,7032,-1,4874,-1,6362,6874,2629,0,0,0,0,7032,0,-1,0
7033,-1,-1,7033,-1,4874,4725,6363,6875,2630,0,0,0,0,7033,0,-1,0
7034,-1,-1,7034,4131,4875,4726,6364,6876,2630,0,0,0,0,7034,0,-1,0
7035,-1,-1,7035,4132,4876,4727,6365,6877,-1,0,0,0,0,7035,0,-1,0
7036,-1,-1,7036,4133,4877,4728,6366,6878,2630,0,0,0,0,7036,0,-1,0
7037,-1,-1,7037,4133,4878,4729,6367,6879,2630,0,0,0,0,7037,0,-1,0
7038,-1,-1,7038,-1,4879,4730,6368,6880,-1,0,0,0,0,7038,0,-1,0
7039,-1,-1,7039,4134,-1,-1,6369,6881,2631,0,0,0,0,7039,0,-1,0
7040,-1,-1,7040,4135,4880,4731,6370,6882,2632,0,0,0,0,7040,0,-1,0
7041,-1,-1,7041,-1,4881,4732,6371,6883,2632,0,0,0,0,7041,0,-1,0
7042,-1,-1,7042,-1,4882,4733,6372,6884,-1,0,0,0,0,7042,0,-1,0
7043,-1,-1,7043,-1,4883,4733,6373,6885,-1,0,0,0,0,7043,0,-1,0
7044,-1,-1,7044,4136,4884,4734,6374,6886,2632,0,0,0,0,7044,0,-1,0
7045,-1,-1,7045,4137,4885,4735,6375,6887,2632,0,0,0,0,7045,0,-1,0
7046,-1,-1,7046,4138,4886,4736,6376,6888,2633,0,0,0,0,7046,0,-1,0
7047,-1,-1,7047,-1,-1,-1,6377,6889,-1,0,0,0,0,7047,0,-1,0
7048,-1,-1,7048,-1,4887,4737,6378,6890,-1,0,0,0,0,7048,0,-1,0
7049,-1,-1,7049,4139,4888,4738,6379,6891,-1,0,0,0,0,7049,0,-1,0
7050,-1,-1,7050,4140,4889,4739,6380,6892,2634,0,0,0,0,7050,0,-1,0
7051,-1,-1,7051,4140,4890,4740,6380,6893,-1,0,0,0,0,7051,0,-1,0
7052,-1,-1,7052,-1,-1,4741,6380,6894,2635,0,0,0,0,7052,0,-1,0
7053,-1,-1,7053,4140,4891,4742,6381,6895,2636,0,0,0,0,7053,0,-1,0
7054,-1,-1,7054,4141,4892,-1,6382,6896,-1,0,0,0,0,7054,0,-1,0
7055,-1,-1,7055,-1,-1,-1,6383,6897,2637,0,0,0,0,7055,0,-1,0
7056,-1,-1,7056,4142,4893,4743,6384,6898,2638,0,0,0,0,7056,0,-1,0
7057,-1,-1,7057,4143,4894,4744,6385,6899,2638,0,0,0,0,7057,0,-1,0
7058,-1,-1,7058,4144,4894,4745,6386,6900,2638,0,0,0,0,7058,0,-1,0
7059,-1,-1,7059,4145,4894,4745,-1,6901,2639,0,0,0,0,7059,0,-1,0
7060,-1,-1,7060,-1,-1,-1,6387,6902,2640,0,0,0,0,7060,0,-1,0
7061,-1,-1,7061,4146,4895,4746,6388,6903,2641,0,0,0,0,7061,0,-1,0
7062,-1,-1,7062,4147,4896,-1,6389,6904,-1,0,0,0,0,7062,0,-1,0
7063,-1,-1,7063,4148,4897,4747,6390,6905,-1,0,0,0,0,7063,0,-1,0
7064,-1,-1,7064,4149,4898,-1,6391,6906,2642,0,0,0,0,7064,0,-1,0
7065,-1,-1,7065,4150,-1,-1,6392,6907,-1,0,0,0,0,7065,0,-1,0
7066,-1,-1,7066,4151,4899,4748,6393,6908,2643,0,0,0,0,7066,0,-1,0
7067,-1,-1,7067,4151,4900,4748,6394,6909,-1,0,0,0,0,7067,0,-1,0
7068,-1,-1,7068,4152,4901,4749,6395,6910,-1,0,0,0,0,7068,0,-1,0
7069,-1,-1,7069,4152,4901,4750,6396,6911,2643,0,0,0,0,7069,0,-1,0
7070,-1,-1,7070,4152,4902,-1,6397,6912,2643,0,0,0,0,7070,0,-1,0
7071,-1,-1,7071,4153,4902,-1,6398,6913,2643,0,0,0,0,7071,0,-1,0
7072,-1,-1,7072,-1,4903,-1,6399,6914,-1,0,0,0,0,7072,0,-1,0
7073,-1,-1,7073,4154,4903,-1,6400,6915,2643,0,0,0,0,7073,0,-1,0
7074,-1,-1,7074,4155,4903,4751,6401,6916,2643,0,0,0,0,7074,0,-1,0
7075,-1,-1,7075,4156,4904,4752,6402,6917,2644,0,0,0,0,7075,0,-1,0
7076,-1,-1,7076,4157,4905,-1,6403,6918,2645,0,0,0,0,7076,0,-1,0
7077,-1,-1,7077,-1,4906,4753,6404,6919,2646,0,0,0,0,7077,0,-1,0
7078,-1,-1,7078,4157,4907,4754,6405,6920,-1,0,0,0,0,7078,0,-1,0
7079,-1,-1,7079,4158,4907,4755,6406,6921,2646,0,0,0,0,7079,0,-1,0
7080,-1,-1,7080,4159,4908,4756,6407,6922,2647,0,0,0,0,7080,0,-1,0
7081,-1,-1,7081,-1,4909,4756,6408,6923,2648,0,0,0,0,7081,0,-1,0
7082,-1,-1,7082,4159,4909,4757,6409,6924,2648,0,0,0,0,7082,0,-1,0
7083,-1,-1,7083,4160,4910,4758,6410,6925,2649,0,0,0,0,7083,0,-1,0
7084,-1,-1,7084,-1,4911,4759,6411,6926,2650,0,0,0,0,7084,0,-1,0
7085,-1,-1,7085,4161,-1,-1,6412,6927,2650,0,0,0,0,7085,0,-1,0
7086,-1,-1,7086,4162,-1,4760,6413,6928,2650,0,0,0,0,7086,0,-1,0
7087,-1,-1,7087,4163,4912,4761,6414,6929,2650,0,0,0,0,7087,0,-1,0
7088,-1,-1,7088,-1,4913,4762,6415,6930,2651,0,0,0,0,7088,0,-1,0
7089,-1,-1,7089,4164,4914,4763,6416,6931,-1,0,0,0,0,7089,0,-1,0
7090,-1,-1,7090,4165,4915,4764,6417,6932,-1,0,0,0,0,7090,0,-1,0
7091,-1,-1,7091,-1,4915,4765,6418,6933,-1,0,0,0,0,7091,0,-1,0
7092,-1,-1,7092,4166,4915,4766,6419,6934,-1,0,0,0,0,7092,0,-1,0
7093,-1,-1,7093,-1,4915,4767,6420,6935,-1,0,0,0,0,7093,0,-1,0
7094,-1,-1,7094,4167,4915,4768,6421,6936,-1,0,0,0,0,7094,0,-1,0
7095,-1,-1,7095,4168,-1,-1,6422,6937,-1,0,0,0,0,7095,0,-1,0
7096,-1,-1,7096,4168,4916,-1,6423,6938,-1,0,0,0,0,7096,0,-1,0
7097,-1,-1,7097,4168,4917,4768,6424,6939,2652,0,0,0,0,7097,0,-1,0
7098,-1,-1,7098,4169,4918,4769,6425,6940,2653,0,0,0,0,7098,0,-1,0
7099,-1,-1,7099,-1,4919,4769,6426,6941,-1,0,0,0,0,7099,0,-1,0
7100,-1,-1,7100,4170,4920,4770,6427,6942,2654,0,0,0,0,7100,0,-1,0
7101,-1,-1,7101,4171,4920,4771,6428,6943,2654,0,0,0,0,7101,0,-1,0
7102,-1,-1,7102,-1,-1,-1,6429,6944,-1,0,0,0,0,7102,0,-1,0
7103,-1,-1,7103,4171,4920,4772,6430,6945,2655,0,0,0,0,7103,0,-1,0
7104,-1,-1,7104,4172,4921,4773,6431,6946,2656,0,0,0,0,7104,0,-1,0
7105,-1,-1,7105,-1,4922,-1,6432,6947,2656,0,0,0,0,7105,0,-1,0
7106,-1,-1,7106,4173,4923,4774,6433,6948,2656,0,0,0,0,7106,0,-1,0
7107,-1,-1,7107,4174,4924,4775,6434,6949,2656,0,0,0,0,7107,0,-1,0
7108,-1,-1,7108,4175,4925,-1,6435,6950,2656,0,0,0,0,7108,0,-1,0
7109,-1,-1,7109,-1,4926,4776,6436,6951,2656,0,0,0,0,7109,0,-1,0
7110,-1,-1,7110,4175,4927,4777,6437,6952,2657,0,0,0,0,7110,0,-1,0
7111,-1,-1,7111,4176,4928,4778,6438,6953,2658,0,0,0,0,7111,0,-1,0
7112,-1,-1,7112,4177,4929,4779,6439,6954,2659,0,0,0,0,7112,0,-1,0
7113,-1,-1,7113,4178,4930,4780,6440,6955,2660,0,0,0,0,7113,0,-1,0
7114,-1,-1,7114,4179,4931,4781,6441,6956,2661,0,0,0,0,7114,0,-1,0
7115,-1,-1,7115,-1,4932,4782,6442,6957,2662,0,0,0,0,7115,0,-1,0
7116,-1,-1,7116,4180,4933,4783,6443,6958,-1,0,0,0,0,7116,0,-1,0
7117,-1,-1,7117,4181,4933,4784,6444,6959,2663,0,0,0,0,7117,0,-1,0
7118,-1,-1,7118,4182,4934,4785,6445,6960,2664,0,0,0,0,7118,0,-1,0
7119,-1,49,7119,-1,-1,-1,6446,6961,-1,0,0,0,0,7119,0,-1,0
7120,-1,-1,7120,-1,-1,-1,6447,6962,-1,0,0,0,0,7120,0,-1,0
7121,-1,-1,7121,4182,-1,4786,6448,6963,-1,0,0,0,0,7121,0,-1,0
7122,-1,-1,7122,4183,-1,-1,6449,6964,2665,0,0,0,0,7122,0,-1,0
7123,-1,-1,7123,4184,4935,4787,6450,6965,-1,0,0,0,0,7123,0,-1,0
7124,-1,-1,7124,-1,4936,-1,6451,6966,-1,0,0,0,0,7124,0,-1,0
7125,-1,-1,7125,-1,4937,4788,6451,6966,-1,0,0,0,0,7125,0,-1,0
7126,-1,-1,7126,4184,4938,4789,6452,6967,-1,0,0,0,0,7126,0,-1,0
7127,-1,-1,7127,4184,-1,4789,6452,6967,-1,0,0,0,0,7127,0,-1,0
7128,-1,-1,7128,-1,4939,4789,6452,6967,-1,0,0,0,0,7128,0,-1,0
7129,-1,-1,7129,4185,4940,4790,6453,6968,2666,0,0,0,0,7129,0,-1,0
7130,-1,-1,7130,4186,4941,4791,6454,6969,2667,0,0,0,0,7130,0,-1,0
7131,-1,-1,7131,4187,4942,4792,6455,6970,-1,0,0,0,0,7131,0,-1,0
7132,-1,-1,7132,-1,4943,4793,6456,6971,-1,0,0,0,0,7132,0,-1,0
7133,-1,-1,7133,-1,-1,-1,-1,6972,2668,0,0,0,0,7133,0,-1,0
7134,-1,-1,7134,4187,4944,4794,6457,6973,2669,0,0,0,0,7134,0,-1,0
7135,-1,-1,7135,-1,-1,-1,6458,6974,-1,0,0,0,0,7135,0,-1,0
7136,-1,-1,7136,4188,4945,4795,6459,6975,2670,0,0,0,0,7136,0,-1,0
7137,-1,-1,7137,4189,4946,4796,6459,6976,-1,0,0,0,0,7137,0,-1,0
7138,-1,-1,7138,4190,-1,-1,6460,6977,-1,0,0,0,0,7138,0,-1,0
7139,-1,-1,7139,4191,-1,-1,6461,6978,2670,0,0,0,0,7139,0,-1,0
7140,-1,-1,7140,4192,4947,4797,6462,6979,-1,0,0,0,0,7140,0,-1,0
7141,-1,-1,7141,4193,-1,-1,6463,6980,-1,0,0,0,0,7141,0,-1,0
7142,-1,-1,7142,4194,4947,4798,6464,6981,-1,0,0,0,0,7142,0,-1,0
7143,-1,-1,7143,4195,4947,4799,6465,6982,-1,0,0,0,0,7143,0,-1,0
7144,-1,-1,7144,4196,4947,4800,6466,6983,2671,0,0,0,0,7144,0,-1,0
7145,-1,-1,7145,-1,-1,-1,6467,6984,-1,0,0,0,0,7145,0,-1,0
7146,-1,-1,7146,4197,-1,-1,6468,6985,2672,0,0,0,0,7146,0,-1,0
7147,-1,-1,7147,-1,-1,4801,6469,6986,2672,0,0,0,0,7147,0,-1,0
7148,-1,-1,7148,4198,4948,4802,6470,6987,2673,0,0,0,0,7148,0,-1,0
7149,-1,-1,7149,4199,4948,4803,6471,6988,2674,0,0,0,0,7149,0,-1,0
7150,-1,-1,7150,-1,4949,4803,6472,6989,2675,0,0,0,0,7150,0,-1,0
7151,-1,-1,7151,4199,4950,-1,6473,6990,2676,0,0,0,0,7151,0,-1,0
7152,-1,-1,7152,-1,4951,4804,6474,6991,-1,0,0,0,0,7152,0,-1,0
7153,-1,-1,7153,4200,4952,4805,6475,6992,2676,0,0,0,0,7153,0,-1,0
7154,-1,-1,7154,4201,4953,4806,6476,6993,2676,0,0,0,0,7154,0,-1,0
7155,-1,-1,7155,-1,4954,4807,6477,6994,2676,0,0,0,0,7155,0,-1,0
7156,-1,-1,7156,4202,4955,4808,6478,6995,2677,0,0,0,0,7156,0,-1,0
7157,-1,-1,7157,4203,4956,4809,6479,6996,-1,0,0,0,0,7157,0,-1,0
7158,-1,-1,7158,4203,4957,4810,6480,6997,2677,0,0,0,0,7158,0,-1,0
7159,-1,-1,7159,4203,4957,-1,6481,6998,2678,0,0,0,0,7159,0,-1,0
7160,-1,-1,7160,4204,4958,4811,6482,6999,2678,0,0,0,0,7160,0,-1,0
7161,-1,-1,7161,4205,4959,-1,6483,7000,2678,0,0,0,0,7161,0,-1,0
7162,-1,-1,7162,4206,4960,4812,6484,7001,2678,0,0,0,0,7162,0,-1,0
7163,-1,-1,7163,4207,4961,4813,6485,7002,2679,0,0,0,0,7163,0,-1,0
7164,-1,-1,7164,4207,4962,4813,6486,7003,2680,0,0,0,0,7164,0,-1,0
7165,-1,-1,7165,4208,4963,-1,6487,7004,2680,0,0,0,0,7165,0,-1,0
7166,-1,-1,7166,-1,-1,-1,-1,7005,-1,0,0,0,0,7166,0,-1,0
7167,-1,-1,7167,4209,4964,4814,6488,7006,-1,0,0,0,0,7167,0,-1,0
7168,-1,-1,7168,-1,-1,-1,6489,7007,2680,0,0,0,0,7168,0,-1,0
7169,-1,-1,7169,4209,4965,4815,6490,7008,-1,0,0,0,0,7169,0,-1,0
7170,-1,-1,7170,4210,4966,4816,6491,7009,2681,0,0,0,0,7170,0,-1,0
7171,-1,-1,7171,4210,4967,4817,6492,7010,2682,0,0,0,0,7171,0,-1,0
7172,-1,-1,7172,4211,4967,4818,6493,7011,2683,0,0,0,0,7172,0,-1,0
7173,-1,-1,7173,4212,4968,-1,6494,7012,-1,0,0,0,0,7173,0,-1,0
7174,-1,-1,7174,4212,4969,4819,6495,7013,2684,0,0,0,0,7174,0,-1,0
7175,-1,-1,7175,-1,4970,4820,6496,7014,2684,0,0,0,0,7175,0,-1,0
7176,-1,-1,7176,-1,-1,-1,6497,7015,2684,0,0,0,0,7176,0,-1,0
7177,-1,-1,7177,4213,4971,4821,6498,7016,2685,0,0,0,0,7177,0,-1,0
7178,-1,-1,7178,-1,4971,-1,6499,7017,2686,0,0,0,0,7178,0,-1,0
7179,-1,-1,7179,-1,4972,-1,6500,7018,2686,0,0,0,0,7179,0,-1,0
7180,-1,-1,7180,4214,4973,4822,6501,7019,-1,0,0,0,0,7180,0,-1,0
7181,-1,-1,7181,-1,4973,4823,6502,7020,2687,0,0,0,0,7181,0,-1,0
7182,-1,-1,7182,-1,4974,4824,6503,7021,2688,0,0,0,0,7182,0,-1,0
7183,-1,-1,7183,4214,4975,4825,6504,7022,-1,0,0,0,0,7183,0,-1,0
7184,-1,-1,7184,-1,-1,-1,6505,7023,2688,0,0,0,0,7184,0,-1,0
7185,-1,-1,7185,4214,4975,4826,6506,7024,2689,0,0,0,0,7185,0,-1,0
7186,-1,-1,7186,-1,4976,4827,6507,7025,2690,0,0,0,0,7186,0,-1,0
7187,-1,-1,7187,4215,4977,-1,6508,7026,-1,0,0,0,0,7187,0,-1,0
7188,-1,-1,7188,4216,4978,4828,6509,7027,2691,0,0,0,0,7188,0,-1,0
7189,-1,-1,7189,4217,-1,-1,6510,7028,2691,0,0,0,0,7189,0,-1,0
7190,-1,-1,7190,-1,-1,-1,-1,7029,-1,0,0,0,0,7190,0,-1,0
7191,-1,-1,7191,4218,4979,4829,6511,7030,2691,0,0,0,0,7191,0,-1,0
7192,-1,-1,7192,4219,4980,4830,6512,7031,2691,0,0,0,0,7192,0,-1,0
7193,-1,-1,7193,4220,4981,4831,6513,7032,2691,0,0,0,0,7193,0,-1,0
7194,-1,-1,7194,4221,4982,4832,6514,7033,2691,0,0,0,0,7194,0,-1,0
7195,-1,-1,7195,4222,4982,4833,6515,7034,2691,0,0,0,0,7195,0,-1,0
7196,-1,-1,7196,4223,4982,4834,6516,7035,2691,0,0,0,0,7196,0,-1,0
7197,-1,-1,7197,4224,4983,-1,6517,7036,2691,0,0,0,0,7197,0,-1,0
7198,-1,-1,7198,4224,4984,4835,6518,7037,-1,0,0,0,0,7198,0,-1,0
7199,-1,-1,7199,-1,4985,4836,6519,7038,2692,0,0,0,0,7199,0,-1,0
7200,-1,-1,7200,4225,4986,4837,6520,7039,2693,0,0,0,0,7200,0,-1,0
7201,-1,-1,7201,4226,4986,4838,6520,7040,2694,0,0,0,0,7201,0,-1,0
7202,-1,-1,7202,4227,4986,-1,6521,7041,2695,0,0,0,0,7202,0,-1,0
7203,-1,-1,7203,4228,4987,4839,6522,7042,2695,0,0,0,0,7203,0,-1,0
7204,-1,-1,7204,-1,4987,4840,6523,7043,-1,0,0,0,0,7204,0,-1,0
7205,-1,-1,7205,-1,-1,-1,6524,7044,2695,0,0,0,0,7205,0,-1,0
7206,-1,-1,7206,-1,-1,-1,6525,7045,-1,0,0,0,0,7206,0,-1,0
7207,-1,-1,7207,4229,4988,4841,6526,7046,2696,0,0,0,0,7207,0,-1,0
7208,-1,-1,7208,4230,4989,4842,6527,7047,-1,0,0,0,0,7208,0,-1,0
7209,-1,-1,7209,4230,4990,4843,6527,7048,2697,0,0,0,0,7209,0,-1,0
7210,-1,-1,7210,4230,4991,4844,6527,7049,2698,0,0,0,0,7210,0,-1,0
7211,-1,-1,7211,4230,4991,4845,6528,7050,-1,0,0,0,0,7211,0,-1,0
7212,-1,-1,7212,4231,4991,4845,6528,7051,2699,0,0,0,0,7212,0,-1,0
7213,-1,-1,7213,4232,-1,4846,6529,7052,2700,0,0,0,0,7213,0,-1,0
7214,-1,-1,7214,4232,4992,4847,6530,7053,2701,0,0,0,0,7214,0,-1,0
7215,-1,-1,7215,4232,4993,-1,6531,7054,2701,0,0,0,0,7215,0,-1,0
7216,-1,-1,7216,4233,4993,-1,6531,7054,2701,0,0,0,0,7216,0,-1,0
7217,-1,-1,7217,4234,4994,4848,6532,7055,-1,0,0,0,0,7217,0,-1,0
7218,-1,-1,7218,4235,4995,4849,6533,7056,2702,0,0,0,0,7218,0,-1,0
7219,-1,-1,7219,-1,4996,-1,6534,7057,2703,0,0,0,0,7219,0,-1,0
7220,-1,-1,7220,4236,4997,4850,6535,7058,2704,0,0,0,0,7220,0,-1,0
7221,-1,-1,7221,-1,-1,-1,6536,7059,-1,0,0,0,0,7221,0,-1,0
7222,-1,-1,7222,-1,4998,4851,6537,7060,-1,0,0,0,0,7222,0,-1,0
7223,-1,-1,7223,-1,4998,4852,6538,7061,2704,0,0,0,0,7223,0,-1,0
7224,-1,-1,7224,4237,4999,4853,6539,7062,2704,0,0,0,0,7224,0,-1,0
7225,-1,-1,7225,-1,5000,-1,6540,7063,2704,0,0,0,0,7225,0,-1,0
7226,-1,-1,7226,4238,5001,4854,6541,7064,2705,0,0,0,0,7226,0,-1,0
7227,-1,-1,7227,4239,5002,4855,6542,7065,-1,0,0,0,0,7227,0,-1,0
7228,-1,-1,7228,4240,5002,4856,6543,7066,2706,0,0,0,0,7228,0,-1,0
7229,-1,-1,7229,-1,-1,-1,6544,7067,2706,0,0,0,0,7229,0,-1,0
7230,-1,-1,7230,4241,5003,-1,6545,7068,-1,0,0,0,0,7230,0,-1,0
7231,-1,-1,7231,-1,5004,4857,6545,7069,2706,0,0,0,0,7231,0,-1,0
7232,-1,-1,7232,4242,5005,-1,6546,7070,-1,0,0,0,0,7232,0,-1,0
7233,-1,-1,7233,4243,5006,4858,6546,7071,2706,0,0,0,0,7233,0,-1,0
7234,-1,-1,7234,-1,5007,-1,6547,7072,2707,0,0,0,0,7234,0,-1,0
7235,-1,-1,7235,4244,5008,4859,-1,7073,2708,0,0,0,0,7235,0,-1,0
7236,-1,-1,7236,4245,5009,4860,6548,7074,2709,0,0,0,0,7236,0,-1,0
7237,-1,-1,7237,-1,-1,-1,6549,7075,-1,0,0,0,0,7237,0,-1,0
7238,-1,-1,7238,4246,5010,4861,6550,7076,2710,0,0,0,0,7238,0,-1,0
7239,-1,-1,7239,4246,5011,4862,6551,7077,2711,0,0,0,0,7239,0,-1,0
7240,-1,-1,7240,4246,5011,4863,6552,7078,2712,0,0,0,0,7240,0,-1,0
7241,-1,-1,7241,4247,5012,4864,6553,7079,-1,0,0,0,0,7241,0,-1,0
7242,-1,-1,7242,-1,-1,-1,6554,7080,-1,0,0,0,0,7242,0,-1,0
7243,-1,-1,7243,4248,5013,4865,6555,7081,2713,0,0,0,0,7243,0,-1,0
7244,-1,-1,7244,4249,5014,4866,6556,7082,2714,0,0,0,0,7244,0,-1,0
7245,-1,-1,7245,4249,5014,4867,6557,7083,2715,0,0,0,0,7245,0,-1,0
7246,-1,-1,7246,4249,5015,4868,6558,7084,2716,0,0,0,0,7246,0,-1,0
7247,-1,-1,7247,-1,5015,4868,6558,7085,-1,0,0,0,0,7247,0,-1,0
7248,-1,-1,7248,4250,5016,4869,6559,7086,2716,0,0,0,0,7248,0,-1,0
7249,-1,-1,7249,-1,-1,-1,-1,7087,-1,0,0,0,0,7249,0,-1,0
7250,-1,-1,7250,4251,5017,4870,6560,7088,2717,0,0,0,0,7250,0,-1,0
7251,-1,-1,7251,-1,-1,-1,6561,7089,2718,0,0,0,0,7251,0,-1,0
7252,-1,-1,7252,-1,5018,4871,6562,7090,2718,0,0,0,0,7252,0,-1,0
7253,-1,-1,7253,-1,5019,4872,6563,7091,-1,0,0,0,0,7253,0,-1,0
7254,-1,-1,7254,4252,5020,4873,6564,7092,-1,0,0,0,0,7254,0,-1,0
7255,-1,-1,7255,-1,5021,4874,6565,7093,2718,0,0,0,0,7255,0,-1,0
7256,-1,-1,7256,4252,5022,4875,6566,7094,2718,0,0,0,0,7256,0,-1,0
7257,-1,-1,7257,4253,5023,4876,6567,7095,2718,0,0,0,0,7257,0,-1,0
7258,-1,-1,7258,4254,5024,4877,6568,7096,2718,0,0,0,0,7258,0,-1,0
7259,-1,-1,7259,4254,5025,4878,6569,7097,-1,0,0,0,0,7259,0,-1,0
7260,-1,-1,7260,4255,5025,4879,6570,7098,2718,0,0,0,0,7260,0,-1,0
7261,-1,-1,7261,4256,5026,4880,6571,7099,2718,0,0,0,0,7261,0,-1,0
7262,-1,-1,7262,-1,-1,-1,6572,7100,-1,0,0,0,0,7262,0,-1,0
7263,-1,-1,7263,-1,-1,-1,6573,7101,-1,0,0,0,0,7263,0,-1,0
7264,-1,-1,7264,4257,5026,4881,6574,7102,2719,0,0,0,0,7264,0,-1,0
7265,-1,-1,7265,4258,5027,4882,6575,7103,2720,0,0,0,0,7265,0,-1,0
7266,-1,-1,7266,4259,5027,-1,6576,7104,2721,0,0,0,0,7266,0,-1,0
7267,-1,-1,7267,4260,-1,-1,6577,7105,-1,0,0,0,0,7267,0,-1,0
7268,-1,-1,7268,-1,-1,-1,6578,7106,2722,0,0,0,0,7268,0,-1,0
7269,-1,-1,7269,-1,5027,4883,6579,7107,2723,0,0,0,0,7269,0,-1,0
7270,-1,-1,7270,-1,5028,4884,6580,7108,2723,0,0,0,0,7270,0,-1,0
7271,-1,-1,7271,-1,5028,4885,6581,7109,2723,0,0,0,0,7271,0,-1,0
7272,-1,-1,7272,4261,5029,-1,6582,7110,2723,0,0,0,0,7272,0,-1,0
7273,-1,-1,7273,4262,5030,-1,6583,7111,2724,0,0,0,0,7273,0,-1,0
7274,-1,-1,7274,4263,5031,4886,6584,7112,2725,0,0,0,0,7274,0,-1,0
7275,-1,-1,7275,-1,5032,4887,6585,7113,-1,0,0,0,0,7275,0,-1,0
7276,-1,-1,7276,4264,5033,-1,6586,7114,2725,0,0,0,0,7276,0,-1,0
7277,-1,-1,7277,4265,-1,4888,6586,7115,2726,0,0,0,0,7277,0,-1,0
7278,-1,-1,7278,-1,-1,-1,6587,7116,2727,0,0,0,0,7278,0,-1,0
7279,-1,-1,7279,4266,5034,4889,6588,7117,2728,0,0,0,0,7279,0,-1,0
7280,-1,-1,7280,4267,5035,-1,6589,7118,2729,0,0,0,0,7280,0,-1,0
7281,-1,-1,7281,-1,-1,-1,-1,7119,-1,0,0,0,0,7281,0,-1,0
7282,-1,-1,7282,4268,5036,4890,6590,7120,2729,0,0,0,0,7282,0,-1,0
7283,-1,-1,7283,4269,5037,-1,6591,7121,2730,0,0,0,0,7283,0,-1,0
7284,-1,-1,7284,4270,5037,4891,6592,7122,2731,0,0,0,0,7284,0,-1,0
7285,-1,-1,7285,-1,5038,4892,6593,7123,-1,0,0,0,0,7285,0,-1,0
7286,-1,-1,7286,4271,5039,4893,6594,7124,2732,0,0,0,0,7286,0,-1,0
7287,-1,-1,7287,-1,5040,-1,6595,7125,2732,0,0,0,0,7287,0,-1,0
7288,-1,-1,7288,4272,5041,4894,6596,7126,-1,0,0,0,0,7288,0,-1,0
7289,-1,-1,7289,4273,5042,4895,6597,7127,-1,0,0,0,0,7289,0,-1,0
7290,-1,-1,7290,-1,5043,4896,6598,7128,-1,0,0,0,0,7290,0,-1,0
7291,-1,-1,7291,4274,5043,4897,6599,7129,2732,0,0,0,0,7291,0,-1,0
7292,-1,-1,7292,4275,5044,4898,6600,7130,-1,0,0,0,0,7292,0,-1,0
7293,-1,-1,7293,-1,-1,-1,6601,7131,-1,0,0,0,0,7293,0,-1,0
7294,-1,-1,7294,4275,5045,4899,6602,7132,2732,0,0,0,0,7294,0,-1,0
7295,-1,-1,7295,-1,5046,4900,6603,7133,2732,0,0,0,0,7295,0,-1,0
7296,-1,-1,7296,-1,5047,4901,6604,7134,-1,0,0,0,0,7296,0,-1,0
7297,-1,-1,7297,4276,-1,-1,6605,7135,2732,0,0,0,0,7297,0,-1,0
7298,-1,-1,7298,4277,5048,4902,6606,7136,2732,0,0,0,0,7298,0,-1,0
7299,-1,-1,7299,4278,5049,4903,6607,7137,2732,0,0,0,0,7299,0,-1,0
7300,-1,-1,7300,4279,-1,4904,6608,7138,2732,0,0,0,0,7300,0,-1,0
7301,-1,-1,7301,-1,5050,4905,6609,7139,2733,0,0,0,0,7301,0,-1,0
7302,-1,-1,7302,4280,5051,-1,6610,7140,2734,0,0,0,0,7302,0,-1,0
7303,-1,-1,7303,-1,5052,4905,6611,7141,2735,0,0,0,0,7303,0,-1,0
7304,-1,-1,7304,4281,-1,-1,6612,7142,-1,0,0,0,0,7304,0,-1,0
7305,-1,-1,7305,-1,5053,4906,6613,7143,-1,0,0,0,0,7305,0,-1,0
7306,-1,-1,7306,4282,5054,-1,6614,7144,2736,0,0,0,0,7306,0,-1,0
7307,-1,-1,7307,4283,5055,4906,6615,7145,2737,0,0,0,0,7307,0,-1,0
7308,-1,-1,7308,-1,5056,-1,6616,7146,2738,0,0,0,0,7308,0,-1,0
7309,-1,-1,7309,4284,5057,4907,6617,7147,2738,0,0,0,0,7309,0,-1,0
7310,-1,-1,7310,4285,5058,4908,6618,7148,2738,0,0,0,0,7310,0,-1,0
7311,-1,-1,7311,4286,5059,4909,6619,7149,2738,0,0,0,0,7311,0,-1,0
7312,-1,-1,7312,4287,5060,4910,6620,7150,2738,0,0,0,0,7312,0,-1,0
7313,-1,-1,7313,4288,5061,4911,6621,7151,2739,0,0,0,0,7313,0,-1,0
7314,-1,-1,7314,4289,5061,-1,6622,7152,2740,0,0,0,0,7314,0,-1,0
7315,-1,-1,7315,4290,5062,4912,6623,7153,-1,0,0,0,0,7315,0,-1,0
7316,-1,-1,7316,4291,5063,4913,6624,7154,-1,0,0,0,0,7316,0,-1,0
7317,-1,-1,7317,4292,5064,4914,6625,7155,2741,0,0,0,0,7317,0,-1,0
7318,-1,-1,7318,4293,5065,4915,6626,7156,2741,0,0,0,0,7318,0,-1,0
7319,-1,-1,7319,-1,5066,-1,6627,7157,-1,0,0,0,0,7319,0,-1,0
7320,-1,-1,7320,-1,5067,-1,6628,7158,-1,0,0,0,0,7320,0,-1,0
7321,-1,-1,7321,4294,5068,4916,6629,7159,2742,0,0,0,0,7321,0,-1,0
7322,-1,-1,7322,4295,5069,4917,6630,7160,2743,0,0,0,0,7322,0,-1,0
7323,-1,-1,7323,4296,5070,4917,6631,7161,2744,0,0,0,0,7323,0,-1,0
7324,-1,-1,7324,-1,5071,4918,6631,7162,2744,0,0,0,0,7324,0,-1,0
7325,-1,-1,7325,4297,-1,-1,6632,7163,2744,0,0,0,0,7325,0,-1,0
7326,-1,-1,7326,-1,5072,4919,6633,7164,2744,0,0,0,0,7326,0,-1,0
7327,-1,-1,7327,-1,-1,-1,6633,7165,2745,0,0,0,0,7327,0,-1,0
7328,-1,-1,7328,4298,5073,4920,6633,7166,-1,0,0,0,0,7328,0,-1,0
7329,-1,-1,7329,4299,5074,-1,6633,7166,-1,0,0,0,0,7329,0,-1,0
7330,-1,-1,7330,-1,-1,-1,6634,7167,-1,0,0,0,0,7330,0,-1,0
7331,-1,-1,7331,4300,5075,4921,6635,7168,2746,0,0,0,0,7331,0,-1,0
7332,-1,-1,7332,4301,-1,-1,6636,7169,2747,0,0,0,0,7332,0,-1,0
7333,-1,-1,7333,-1,-1,-1,6637,7170,2748,0,0,0,0,7333,0,-1,0
7334,-1,-1,7334,4302,5076,-1,6638,7171,-1,0,0,0,0,7334,0,-1,0
7335,-1,-1,7335,4303,5076,-1,6639,7172,-1,0,0,0,0,7335,0,-1,0
7336,-1,-1,7336,4304,5076,4922,6640,7173,2749,0,0,0,0,7336,0,-1,0
7337,-1,-1,7337,4304,-1,-1,6640,7174,2749,0,0,0,0,7337,0,-1,0
7338,-1,-1,7338,4304,5077,4922,6640,7175,2750,0,0,0,0,7338,0,-1,0
7339,-1,-1,7339,4305,5078,4923,6641,7176,2750,0,0,0,0,7339,0,-1,0
7340,-1,-1,7340,4306,5079,4924,6642,7177,2751,0,0,0,0,7340,0,-1,0
7341,-1,-1,7341,4306,5080,4925,6643,7178,2752,0,0,0,0,7341,0,-1,0
7342,-1,-1,7342,4307,5081,4926,6644,7179,-1,0,0,0,0,7342,0,-1,0
7343,-1,50,7343,-1,-1,-1,6645,7180,2752,0,0,0,0,7343,0,-1,0
7344,-1,-1,7344,-1,-1,-1,6646,7181,-1,0,0,0,0,7344,0,-1,0
7345,-1,-1,7345,4307,5082,-1,6647,7182,2752,0,0,0,0,7345,0,-1,0
7346,-1,-1,7346,-1,5083,4927,6648,7183,2752,0,0,0,0,7346,0,-1,0
7347,-1,-1,7347,4308,5083,4928,6649,7184,-1,0,0,0,0,7347,0,-1,0
7348,-1,-1,7348,-1,-1,-1,6650,7185,2752,0,0,0,0,7348,0,-1,0
7349,-1,-1,7349,4308,5084,4929,6651,7186,2752,0,0,0,0,7349,0,-1,0
7350,-1,-1,7350,-1,-1,-1,6652,7187,-1,0,0,0,0,7350,0,-1,0
7351,-1,-1,7351,4308,-1,-1,6653,7188,-1,0,0,0,0,7351,0,-1,0
7352,-1,-1,7352,-1,-1,-1,6654,7189,-1,0,0,0,0,7352,0,-1,0
7353,-1,-1,7353,4309,-1,4930,6655,7190,2753,0,0,0,0,7353,0,-1,0
7354,-1,-1,7354,4310,5085,4931,6656,7191,2754,0,0,0,0,7354,0,-1,0
7355,-1,-1,7355,4311,5086,4931,6657,7192,2755,0,0,0,0,7355,0,-1,0
7356,-1,-1,7356,4312,5087,4931,6657,7193,2756,0,0,0,0,7356,0,-1,0
7357,-1,-1,7357,4313,5088,4932,6658,7194,-1,0,0,0,0,7357,0,-1,0
7358,-1,-1,7358,4314,5089,4933,6659,7195,2756,0,0,0,0,7358,0,-1,0
7359,-1,-1,7359,4315,5090,4934,6660,7196,-1,0,0,0,0,7359,0,-1,0
7360,-1,-1,7360,4315,-1,-1,6661,7197,2757,0,0,0,0,7360,0,-1,0
7361,-1,-1,7361,4316,5091,4934,6662,7198,-1,0,0,0,0,7361,0,-1,0
7362,-1,-1,7362,4317,5092,4935,6663,7199,2758,0,0,0,0,7362,0,-1,0
7363,-1,-1,7363,4318,5093,4936,6664,7200,2759,0,0,0,0,7363,0,-1,0
7364,-1,-1,7364,4319,5094,4937,6665,7201,2759,0,0,0,0,7364,0,-1,0
7365,-1,-1,7365,4320,-1,4938,6666,7202,-1,0,0,0,0,7365,0,-1,0
7366,-1,-1,7366,-1,-1,-1,6667,7203,2759,0,0,0,0,7366,0,-1,0
7367,-1,-1,7367,4321,5095,4939,6668,7204,2759,0,0,0,0,7367,0,-1,0
7368,-1,-1,7368,4322,5096,4940,6669,7205,2759,0,0,0,0,7368,0,-1,0
7369,-1,-1,7369,4323,-1,-1,6670,7206,2760,0,0,0,0,7369,0,-1,0
7370,-1,-1,7370,4324,5097,4941,6671,7207,2761,0,0,0,0,7370,0,-1,0
7371,-1,-1,7371,4325,5098,4941,6672,7208,2761,0,0,0,0,7371,0,-1,0
7372,-1,-1,7372,-1,5098,4942,6673,7209,2762,0,0,0,0,7372,0,-1,0
7373,-1,-1,7373,-1,-1,4943,6674,7210,2763,0,0,0,0,7373,0,-1,0
7374,-1,-1,7374,4326,-1,-1,6675,7211,2763,0,0,0,0,7374,0,-1,0
7375,-1,-1,7375,4327,5099,-1,6676,7212,-1,0,0,0,0,7375,0,-1,0
7376,-1,-1,7376,-1,5100,4944,6677,7213,2764,0,0,0,0,7376,0,-1,0
7377,-1,-1,7377,4328,5101,4945,6678,7214,2765,0,0,0,0,7377,0,-1,0
7378,-1,-1,7378,4329,5102,4945,6679,7215,2766,0,0,0,0,7378,0,-1,0
7379,-1,-1,7379,4329,5102,4945,6680,7216,-1,0,0,0,0,7379,0,-1,0
7380,-1,-1,7380,4330,5103,4946,6681,7217,2766,0,0,0,0,7380,0,-1,0
7381,-1,-1,7381,4331,5104,4947,6682,7218,-1,0,0,0,0,7381,0,-1,0
7382,-1,-1,7382,-1,5105,4948,6683,7219,-1,0,0,0,0,7382,0,-1,0
7383,-1,-1,7383,4332,-1,-1,6684,7220,2766,0,0,0,0,7383,0,-1,0
7384,-1,-1,7384,4333,5106,-1,6685,7221,2766,0,0,0,0,7384,0,-1,0
7385,-1,-1,7385,4334,5107,4949,6686,7222,2766,0,0,0,0,7385,0,-1,0
7386,-1,-1,7386,4335,5108,4950,6687,7223,2766,0,0,0,0,7386,0,-1,0
7387,-1,-1,7387,4336,5109,4950,6688,7224,2766,0,0,0,0,7387,0,-1,0
7388,-1,-1,7388,-1,5110,4951,6689,7225,2766,0,0,0,0,7388,0,-1,0
7389,-1,-1,7389,4337,5110,4952,6690,7226,2766,0,0,0,0,7389,0,-1,0
7390,-1,-1,7390,4338,5111,4953,6691,7227,2766,0,0,0,0,7390,0,-1,0
7391,-1,-1,7391,-1,5112,-1,6692,7228,2766,0,0,0,0,7391,0,-1,0
7392,-1,-1,7392,4339,5113,4954,6693,7229,2766,0,0,0,0,7392,0,-1,0
7393,-1,-1,7393,4340,5114,4955,6694,7230,2766,0,0,0,0,7393,0,-1,0
7394,-1,-1,7394,4340,-1,-1,6695,7231,2766,0,0,0,0,7394,0,-1,0
7395,-1,-1,7395,4340,5115,4956,6696,7232,2767,0,0,0,0,7395,0,-1,0
7396,-1,-1,7396,4341,-1,4957,6697,7233,2768,0,0,0,0,7396,0,-1,0
7397,-1,-1,7397,4342,5115,4958,6698,7234,2768,0,0,0,0,7397,0,-1,0
7398,-1,-1,7398,4342,5116,4959,6699,7235,2768,0,0,0,0,7398,0,-1,0
7399,-1,-1,7399,4343,5116,4960,6700,7236,-1,0,0,0,0,7399,0,-1,0
7400,-1,-1,7400,4344,5117,4961,6701,7237,2769,0,0,0,0,7400,0,-1,0
7401,-1,-1,7401,-1,5118,-1,6701,7238,-1,0,0,0,0,7401,0,-1,0
7402,-1,-1,7402,4345,5119,4962,6702,7239,2770,0,0,0,0,7402,0,-1,0
7403,-1,-1,7403,4346,5120,4963,6703,7240,2770,0,0,0,0,7403,0,-1,0
7404,-1,-1,7404,-1,5121,4963,6703,7241,-1,0,0,0,0,7404,0,-1,0
7405,-1,-1,7405,4347,5122,4964,6704,7242,-1,0,0,0,0,7405,0,-1,0
7406,-1,-1,7406,4348,-1,-1,6705,7243,2770,0,0,0,0,7406,0,-1,0
7407,-1,-1,7407,-1,-1,-1,6706,7244,-1,0,0,0,0,7407,0,-1,0
7408,-1,-1,7408,-1,-1,-1,6707,7245,2770,0,0,0,0,7408,0,-1,0
7409,-1,-1,7409,4349,5123,4965,6708,7246,2770,0,0,0,0,7409,0,-1,0
7410,-1,-1,7410,4349,5124,4966,6709,7247,-1,0,0,0,0,7410,0,-1,0
7411,-1,-1,7411,-1,-1,4967,6710,7248,-1,0,0,0,0,7411,0,-1,0
7412,-1,-1,7412,4349,5125,4967,6711,7249,-1,0,0,0,0,7412,0,-1,0
7413,-1,51,7413,-1,-1,-1,6712,7250,2770,0,0,0,0,7413,0,-1,0
7414,-1,-1,7414,-1,-1,-1,6713,7251,2770,0,0,0,0,7414,0,-1,0
7415,-1,-1,7415,4350,-1,4967,6714,7252,2771,0,0,0,0,7415,0,-1,0
7416,-1,-1,7416,4350,5126,4968,6715,7253,2772,0,0,0,0,7416,0,-1,0
7417,-1,-1,7417,4351,5127,4969,6716,7254,2772,0,0,0,0,7417,0,-1,0
7418,-1,-1,7418,4351,5128,4970,6717,7255,2772,0,0,0,0,7418,0,-1,0
7419,-1,-1,7419,-1,5129,4971,6718,7256,2772,0,0,0,0,7419,0,-1,0
7420,-1,-1,7420,-1,5130,-1,6719,7257,2772,0,0,0,0,7420,0,-1,0
7421,-1,-1,7421,4352,5130,4971,6720,7258,2772,0,0,0,0,7421,0,-1,0
7422,-1,-1,7422,4353,5130,4972,6721,7259,2772,0,0,0,0,7422,0,-1,0
7423,-1,-1,7423,4354,-1,-1,6722,7260,2772,0,0,0,0,7423,0,-1,0
7424,-1,-1,7424,4355,5131,4973,6723,7261,2773,0,0,0,0,7424,0,-1,0
7425,-1,-1,7425,4356,5132,-1,6724,7262,2774,0,0,0,0,7425,0,-1,0
7426,-1,-1,7426,-1,-1,-1,6725,7263,2775,0,0,0,0,7426,0,-1,0
7427,-1,-1,7427,4357,5133,4974,6726,7264,2775,0,0,0,0,7427,0,-1,0
7428,-1,-1,7428,4358,5134,4975,6727,7265,2776,0,0,0,0,7428,0,-1,0
7429,-1,-1,7429,-1,5135,4976,6728,7266,2777,0,0,0,0,7429,0,-1,0
7430,-1,-1,7430,-1,5136,4977,6729,7267,2777,0,0,0,0,7430,0,-1,0
7431,-1,-1,7431,4359,5137,4978,6730,7268,2777,0,0,0,0,7431,0,-1,0
7432,-1,-1,7432,-1,5138,4979,6731,7269,2777,0,0,0,0,7432,0,-1,0
7433,-1,-1,7433,4360,5139,4980,6732,7270,2777,0,0,0,0,7433,0,-1,0
7434,-1,-1,7434,4361,5140,4981,6733,7271,2777,0,0,0,0,7434,0,-1,0
7435,-1,-1,7435,4362,5141,4982,6734,7272,-1,0,0,0,0,7435,0,-1,0
7436,-1,-1,7436,4363,5142,4983,6735,7273,-1,0,0,0,0,7436,0,-1,0
7437,-1,-1,7437,4363,5143,4984,-1,7274,2778,0,0,0,0,7437,0,-1,0
7438,-1,-1,7438,-1,-1,4985,6736,7275,2779,0,0,0,0,7438,0,-1,0
7439,-1,-1,7439,4364,5144,4986,6737,7276,2780,0,0,0,0,7439,0,-1,0
7440,-1,-1,7440,4365,5145,-1,6738,7277,2781,0,0,0,0,7440,0,-1,0
7441,-1,-1,7441,4366,5146,4987,6739,7278,2781,0,0,0,0,7441,0,-1,0
7442,-1,-1,7442,-1,5147,4988,6740,7279,2781,0,0,0,0,7442,0,-1,0
7443,-1,-1,7443,-1,5148,4989,6741,7280,2781,0,0,0,0,7443,0,-1,0
7444,-1,-1,7444,4367,5149,4990,6742,7281,-1,0,0,0,0,7444,0,-1,0
7445,-1,-1,7445,-1,-1,-1,-1,7282,2782,0,0,0,0,7445,0,-1,0
7446,-1,-1,7446,-1,-1,-1,6743,7283,2783,0,0,0,0,7446,0,-1,0
7447,-1,-1,7447,4368,5150,4991,6744,7284,2784,0,0,0,0,7447,0,-1,0
7448,-1,-1,7448,-1,-1,-1,6745,7285,2785,0,0,0,0,7448,0,-1,0
7449,-1,-1,7449,4369,5151,-1,6746,7286,2785,0,0,0,0,7449,0,-1,0
7450,-1,-1,7450,-1,5151,4992,6747,7287,-1,0,0,0,0,7450,0,-1,0
7451,-1,-1,7451,4370,-1,-1,6748,7288,2785,0,0,0,0,7451,0,-1,0
7452,-1,-1,7452,4371,5152,-1,6749,7289,-1,0,0,0,0,7452,0,-1,0
7453,-1,-1,7453,-1,-1,-1,6750,7290,-1,0,0,0,0,7453,0,-1,0
7454,-1,-1,7454,4372,5153,4993,6751,7291,-1,0,0,0,0,7454,0,-1,0
7455,-1,-1,7455,4372,5154,4994,6752,7292,2786,0,0,0,0,7455,0,-1,0
7456,-1,-1,7456,4372,5154,4995,6753,7293,-1,0,0,0,0,7456,0,-1,0
7457,-1,-1,7457,4373,5155,4996,6754,7294,2787,0,0,0,0,7457,0,-1,0
7458,-1,-1,7458,4374,5156,4997,6755,7295,2787,0,0,0,0,7458,0,-1,0
7459,-1,-1,7459,-1,5157,4997,6756,7296,2787,0,0,0,0,7459,0,-1,0
7460,-1,-1,7460,-1,5158,4998,6757,7297,-1,0,0,0,0,7460,0,-1,0
7461,-1,-1,7461,4375,5159,4999,6758,7298,2787,0,0,0,0,7461,0,-1,0
7462,-1,-1,7462,4376,-1,5000,6759,7299,-1,0,0,0,0,7462,0,-1,0
7463,-1,-1,7463,-1,5159,5001,6760,7300,2788,0,0,0,0,7463,0,-1,0
7464,-1,-1,7464,4377,5160,5002,6760,7301,2789,0,0,0,0,7464,0,-1,0
7465,-1,-1,7465,4378,5160,5003,6761,7302,2789,0,0,0,0,7465,0,-1,0
7466,-1,-1,7466,-1,5161,-1,6762,7303,-1,0,0,0,0,7466,0,-1,0
7467,-1,-1,7467,-1,5161,5004,6763,7304,2789,0,0,0,0,7467,0,-1,0
7468,-1,-1,7468,4379,5162,5004,6764,7305,-1,0,0,0,0,7468,0,-1,0
7469,-1,-1,7469,4380,5163,5004,6764,7306,2789,0,0,0,0,7469,0,-1,0
7470,-1,-1,7470,-1,-1,-1,-1,7307,2790,0,0,0,0,7470,0,-1,0
7471,-1,-1,7471,4381,5164,5005,6765,7308,2791,0,0,0,0,7471,0,-1,0
7472,-1,-1,7472,4382,5165,5006,6766,7309,2792,0,0,0,0,7472,0,-1,0
7473,-1,-1,7473,-1,5166,5007,6767,7310,-1,0,0,0,0,7473,0,-1,0
7474,-1,-1,7474,4383,5167,5008,6768,7311,-1,0,0,0,0,7474,0,-1,0
7475,-1,-1,7475,4384,5168,5008,6769,7312,-1,0,0,0,0,7475,0,-1,0
7476,-1,-1,7476,-1,-1,-1,6770,7313,2793,0,0,0,0,7476,0,-1,0
7477,-1,-1,7477,4385,-1,-1,6771,7314,-1,0,0,0,0,7477,0,-1,0
7478,-1,-1,7478,-1,5169,-1,6772,7315,2794,0,0,0,0,7478,0,-1,0
7479,-1,-1,7479,4386,5170,5009,6773,7316,-1,0,0,0,0,7479,0,-1,0
7480,-1,-1,7480,4387,5171,5010,6774,7317,2795,0,0,0,0,7480,0,-1,0
7481,-1,-1,7481,4388,5172,-1,6775,7318,2796,0,0,0,0,7481,0,-1,0
7482,-1,52,7482,-1,5173,-1,6776,7319,2797,0,0,0,0,7482,0,-1,0
7483,-1,-1,7483,-1,5174,5011,6777,7320,2797,0,0,0,0,7483,0,-1,0
7484,-1,-1,7484,4388,-1,-1,6778,7321,-1,0,0,0,0,7484,0,-1,0
7485,-1,-1,7485,-1,5175,-1,6779,7322,2798,0,0,0,0,7485,0,-1,0
7486,-1,-1,7486,-1,-1,-1,6780,7323,2799,0,0,0,0,7486,0,-1,0
7487,-1,-1,7487,-1,5175,5012,6781,7324,2800,0,0,0,0,7487,0,-1,0
7488,-1,-1,7488,4389,5175,-1,6781,7325,2801,0,0,0,0,7488,0,-1,0
7489,-1,-1,7489,-1,-1,-1,6782,7326,-1,0,0,0,0,7489,0,-1,0
7490,-1,-1,7490,4390,5176,5013,6783,7327,2802,0,0,0,0,7490,0,-1,0
7491,-1,-1,7491,4391,-1,-1,6783,7328,-1,0,0,0,0,7491,0,-1,0
7492,-1,-1,7492,-1,5177,5014,6784,7329,2803,0,0,0,0,7492,0,-1,0
7493,-1,-1,7493,-1,5178,5015,6785,7330,2804,0,0,0,0,7493,0,-1,0
7494,-1,-1,7494,-1,-1,-1,6786,7331,-1,0,0,0,0,7494,0,-1,0
7495,-1,-1,7495,4391,5179,5016,6786,7332,2804,0,0,0,0,7495,0,-1,0
7496,-1,-1,7496,4392,5180,5017,6787,7333,2804,0,0,0,0,7496,0,-1,0
7497,-1,-1,7497,-1,-1,-1,6788,7334,-1,0,0,0,0,7497,0,-1,0
7498,-1,-1,7498,4393,5181,5018,6789,7335,2805,0,0,0,0,7498,0,-1,0
7499,-1,-1,7499,4393,5182,5018,6790,7336,2806,0,0,0,0,7499,0,-1,0
7500,-1,-1,7500,4394,5183,5019,6791,7337,-1,0,0,0,0,7500,0,-1,0
7501,-1,-1,7501,-1,-1,-1,6792,7338,-1,0,0,0,0,7501,0,-1,0
7502,-1,-1,7502,4395,5184,-1,6793,7339,2807,0,0,0,0,7502,0,-1,0
7503,-1,-1,7503,-1,5184,5020,6794,7340,2808,0,0,0,0,7503,0,-1,0
7504,-1,-1,7504,4396,5185,-1,6795,7341,-1,0,0,0,0,7504,0,-1,0
7505,-1,-1,7505,4397,5185,5021,6796,7342,2808,0,0,0,0,7505,0,-1,0
7506,-1,-1,7506,-1,-1,-1,6797,7343,-1,0,0,0,0,7506,0,-1,0
7507,-1,-1,7507,4398,5186,5022,6798,7344,2808,0,0,0,0,7507,0,-1,0
7508,-1,-1,7508,-1,5187,-1,6799,7345,-1,0,0,0,0,7508,0,-1,0
7509,-1,-1,7509,-1,-1,-1,6800,7346,-1,0,0,0,0,7509,0,-1,0
7510,-1,-1,7510,4398,5188,5023,6801,7347,2809,0,0,0,0,7510,0,-1,0
7511,-1,-1,7511,-1,-1,-1,6802,7348,-1,0,0,0,0,7511,0,-1,0
7512,-1,-1,7512,4399,5189,5024,6803,7349,2810,0,0,0,0,7512,0,-1,0
7513,-1,-1,7513,4399,5190,5025,6804,7350,-1,0,0,0,0,7513,0,-1,0
7514,-1,-1,7514,-1,5191,5026,6805,7351,2810,0,0,0,0,7514,0,-1,0
7515,-1,-1,7515,4400,5192,5027,6806,7352,2811,0,0,0,0,7515,0,-1,0
7516,-1,-1,7516,4401,5193,5028,6807,7353,2812,0,0,0,0,7516,0,-1,0
7517,-1,-1,7517,-1,-1,-1,6808,7354,2813,0,0,0,0,7517,0,-1,0
7518,-1,-1,7518,4402,5194,5029,6809,7355,2814,0,0,0,0,7518,0,-1,0
7519,-1,-1,7519,4403,5195,-1,6809,7356,2814,0,0,0,0,7519,0,-1,0
7520,-1,-1,7520,4404,5196,5030,6810,7357,2814,0,0,0,0,7520,0,-1,0
7521,-1,-1,7521,-1,5197,5031,6811,7358,2814,0,0,0,0,7521,0,-1,0
7522,-1,-1,7522,-1,-1,-1,6812,7359,2814,0,0,0,0,7522,0,-1,0
7523,-1,-1,7523,4404,5198,-1,6813,7360,2814,0,0,0,0,7523,0,-1,0
7524,-1,-1,7524,4405,-1,-1,6814,7361,2814,0,0,0,0,7524,0,-1,0
7525,-1,-1,7525,4406,5199,5032,6815,7362,2814,0,0,0,0,7525,0,-1,0
7526,-1,-1,7526,4407,5200,5033,6816,7363,2814,0,0,0,0,7526,0,-1,0
7527,-1,-1,7527,-1,-1,-1,6817,7364,-1,0,0,0,0,7527,0,-1,0
7528,-1,-1,7528,4408,5201,5034,6818,7365,-1,0,0,0,0,7528,0,-1,0
7529,-1,-1,7529,4409,5202,5035,6819,7366,2814,0,0,0,0,7529,0,-1,0
7530,-1,-1,7530,4410,5203,5036,6820,7367,2815,0,0,0,0,7530,0,-1,0
7531,-1,-1,7531,4410,-1,-1,6820,7368,2816,0,0,0,0,7531,0,-1,0
7532,-1,-1,7532,4411,5203,5037,6821,7369,2816,0,0,0,0,7532,0,-1,0
7533,-1,-1,7533,4411,5204,5038,6822,7370,2817,0,0,0,0,7533,0,-1,0
7534,-1,-1,7534,-1,5205,5039,6823,7371,-1,0,0,0,0,7534,0,-1,0
7535,-1,-1,7535,4412,5205,-1,6824,7372,2818,0,0,0,0,7535,0,-1,0
7536,-1,-1,7536,4412,5205,5040,6825,7373,2819,0,0,0,0,7536,0,-1,0
7537,-1,-1,7537,4413,5206,5041,6826,7374,2820,0,0,0,0,7537,0,-1,0
7538,-1,-1,7538,4414,-1,-1,6827,7375,2821,0,0,0,0,7538,0,-1,0
7539,-1,-1,7539,4415,5207,-1,6828,7376,2822,0,0,0,0,7539,0,-1,0
7540,-1,-1,7540,4416,5208,5042,6829,7377,2823,0,0,0,0,7540,0,-1,0
7541,-1,-1,7541,4416,5209,5042,6830,7378,2824,0,0,0,0,7541,0,-1,0
7542,-1,-1,7542,4417,5210,5043,6831,7379,-1,0,0,0,0,7542,0,-1,0
7543,-1,-1,7543,-1,5211,5044,6832,7380,2825,0,0,0,0,7543,0,-1,0
7544,-1,-1,7544,-1,5212,5045,6832,7381,-1,0,0,0,0,7544,0,-1,0
7545,-1,-1,7545,4418,5213,5046,6833,7382,-1,0,0,0,0,7545,0,-1,0
7546,-1,-1,7546,4419,5213,5047,6834,7383,-1,0,0,0,0,7546,0,-1,0
7547,-1,-1,7547,4420,5214,5048,6835,7384,-1,0,0,0,0,7547,0,-1,0
7548,-1,-1,7548,4421,5214,-1,6836,7385,2825,0,0,0,0,7548,0,-1,0
7549,-1,-1,7549,4422,5215,5049,6837,7386,2825,0,0,0,0,7549,0,-1,0
7550,-1,-1,7550,4423,-1,-1,6838,7387,-1,0,0,0,0,7550,0,-1,0
7551,-1,-1,7551,-1,-1,-1,6839,7388,-1,0,0,0,0,7551,0,-1,0
7552,-1,-1,7552,4424,5216,5050,6840,7389,2825,0,0,0,0,7552,0,-1,0
7553,-1,-1,7553,4424,5217,5051,6841,7390,-1,0,0,0,0,7553,0,-1,0
7554,-1,-1,7554,-1,-1,-1,6842,7391,2826,0,0,0,0,7554,0,-1,0
7555,-1,-1,7555,4424,5218,5052,6843,7392,2827,0,0,0,0,7555,0,-1,0
7556,-1,-1,7556,4425,5219,5053,6844,7393,-1,0,0,0,0,7556,0,-1,0
7557,-1,-1,7557,4426,-1,5054,6845,7394,-1,0,0,0,0,7557,0,-1,0
7558,-1,-1,7558,4427,5220,5055,6846,7395,2828,0,0,0,0,7558,0,-1,0
7559,-1,-1,7559,4428,5221,5056,6847,7396,-1,0,0,0,0,7559,0,-1,0
7560,-1,-1,7560,4428,5222,5057,6848,7397,2829,0,0,0,0,7560,0,-1,0
7561,-1,-1,7561,4429,5223,-1,6849,7398,-1,0,0,0,0,7561,0,-1,0
7562,-1,-1,7562,4430,5224,5058,6850,7399,2829,0,0,0,0,7562,0,-1,0
7563,-1,-1,7563,-1,5225,5059,6851,7400,-1,0,0,0,0,7563,0,-1,0
7564,-1,-1,7564,4431,5226,5060,6852,7401,2829,0,0,0,0,7564,0,-1,0
7565,-1,-1,7565,4432,5226,5061,6853,7402,-1,0,0,0,0,7565,0,-1,0
7566,-1,-1,7566,4433,5227,5062,6854,7403,2830,0,0,0,0,7566,0,-1,0
7567,-1,-1,7567,4434,5228,-1,6855,7404,-1,0,0,0,0,7567,0,-1,0
7568,-1,-1,7568,4435,5229,-1,6856,7405,2831,0,0,0,0,7568,0,-1,0
7569,-1,-1,7569,-1,5230,5063,6857,7406,2832,0,0,0,0,7569,0,-1,0
7570,-1,-1,7570,4436,5231,5064,6858,7407,2833,0,0,0,0,7570,0,-1,0
7571,-1,-1,7571,4437,5232,5065,6859,7408,2834,0,0,0,0,7571,0,-1,0
7572,-1,-1,7572,4438,5233,5065,6860,7409,-1,0,0,0,0,7572,0,-1,0
7573,-1,-1,7573,4439,-1,-1,6861,7410,2835,0,0,0,0,7573,0,-1,0
7574,-1,-1,7574,4440,5234,5066,6862,7411,2835,0,0,0,0,7574,0,-1,0
7575,-1,-1,7575,4440,5234,-1,6863,7412,2835,0,0,0,0,7575,0,-1,0
7576,-1,-1,7576,-1,5234,5067,6864,7413,-1,0,0,0,0,7576,0,-1,0
7577,-1,-1,7577,4441,5235,5068,6865,7414,2835,0,0,0,0,7577,0,-1,0
7578,-1,-1,7578,4442,5236,5069,6866,7415,-1,0,0,0,0,7578,0,-1,0
7579,-1,-1,7579,-1,-1,-1,6867,7416,-1,0,0,0,0,7579,0,-1,0
7580,-1,-1,7580,4443,5236,5070,6868,7417,2835,0,0,0,0,7580,0,-1,0
7581,-1,-1,7581,4444,5237,5071,6868,7418,2836,0,0,0,0,7581,0,-1,0
7582,-1,-1,7582,4445,5238,5072,6868,7419,2837,0,0,0,0,7582,0,-1,0
7583,-1,-1,7583,4446,5239,5073,6869,7420,-1,0,0,0,0,7583,0,-1,0
7584,-1,-1,7584,4446,-1,-1,6870,7421,2837,0,0,0,0,7584,0,-1,0
7585,-1,-1,7585,4446,5240,5074,6870,7422,-1,0,0,0,0,7585,0,-1,0
7586,-1,53,7586,-1,5241,5074,6871,7423,2837,0,0,0,0,7586,0,-1,0
7587,-1,-1,7587,4446,5242,5075,6872,7424,2837,0,0,0,0,7587,0,-1,0
7588,-1,-1,7588,-1,5243,-1,6873,7425,-1,0,0,0,0,7588,0,-1,0
7589,-1,-1,7589,4446,5244,5076,6873,7425,-1,0,0,0,0,7589,0,-1,0
7590,-1,-1,7590,-1,5245,5077,6874,7426,-1,0,0,0,0,7590,0,-1,0
7591,-1,-1,7591,4446,-1,-1,6875,7427,-1,0,0,0,0,7591,0,-1,0
7592,-1,-1,7592,4447,5246,5077,6876,7428,2838,0,0,0,0,7592,0,-1,0
7593,-1,-1,7593,4448,5247,5078,6877,7429,2839,0,0,0,0,7593,0,-1,0
7594,-1,-1,7594,4449,5248,5079,6878,7430,-1,0,0,0,0,7594,0,-1,0
7595,-1,-1,7595,4450,5249,5080,6879,7431,-1,0,0,0,0,7595,0,-1,0
7596,-1,-1,7596,4450,5250,5081,6880,7432,2839,0,0,0,0,7596,0,-1,0
7597,-1,-1,7597,4451,5251,5082,6881,7433,-1,0,0,0,0,7597,0,-1,0
7598,-1,-1,7598,4452,5252,-1,6882,7434,2839,0,0,0,0,7598,0,-1,0
7599,-1,-1,7599,-1,5253,5083,6883,7435,2839,0,0,0,0,7599,0,-1,0
7600,-1,-1,7600,4453,5253,-1,6884,7436,-1,0,0,0,0,7600,0,-1,0
7601,-1,-1,7601,4454,-1,5084,6885,7437,2839,0,0,0,0,7601,0,-1,0
7602,-1,-1,7602,4454,5254,5085,6886,7438,2839,0,0,0,0,7602,0,-1,0
7603,-1,-1,7603,-1,-1,-1,6887,7439,2839,0,0,0,0,7603,0,-1,0
7604,-1,-1,7604,4455,5254,5086,6888,7440,-1,0,0,0,0,7604,0,-1,0
7605,-1,-1,7605,4456,5255,5087,6889,7441,2839,0,0,0,0,7605,0,-1,0
7606,-1,-1,7606,4457,-1,-1,6890,7442,-1,0,0,0,0,7606,0,-1,0
7607,-1,-1,7607,-1,-1,5087,6891,7443,2839,0,0,0,0,7607,0,-1,0
7608,-1,-1,7608,4458,5256,-1,6892,7444,2839,0,0,0,0,7608,0,-1,0
7609,-1,-1,7609,4459,5257,5088,6893,7445,-1,0,0,0,0,7609,0,-1,0
7610,-1,-1,7610,-1,-1,-1,6894,7446,-1,0,0,0,0,7610,0,-1,0
7611,-1,-1,7611,4460,5258,5089,6895,7447,-1,0,0,0,0,7611,0,-1,0
7612,-1,-1,7612,-1,-1,-1,6896,7448,-1,0,0,0,0,7612,0,-1,0
7613,-1,-1,7613,-1,5259,5090,6897,7449,-1,0,0,0,0,7613,0,-1,0
7614,-1,-1,7614,4461,-1,-1,6898,7450,-1,0,0,0,0,7614,0,-1,0
7615,-1,-1,7615,4462,5260,5091,6899,7451,2839,0,0,0,0,7615,0,-1,0
7616,-1,-1,7616,4463,5261,5092,6900,7452,2839,0,0,0,0,7616,0,-1,0
7617,-1,-1,7617,4463,5262,5093,6900,7452,2839,0,0,0,0,7617,0,-1,0
7618,-1,-1,7618,-1,5263,5094,6900,7452,2839,0,0,0,0,7618,0,-1,0
7619,-1,-1,7619,-1,5264,5095,6901,7453,-1,0,0,0,0,7619,0,-1,0
7620,-1,-1,7620,-1,-1,-1,6902,7454,-1,0,0,0,0,7620,0,-1,0
7621,-1,-1,7621,4464,5265,-1,6903,7455,2839,0,0,0,0,7621,0,-1,0
7622,-1,-1,7622,4465,5265,5096,6904,7456,2840,0,0,0,0,7622,0,-1,0
7623,-1,-1,7623,4466,5266,5096,6904,7456,2840,0,0,0,0,7623,0,-1,0
7624,-1,-1,7624,4467,5266,5097,6905,7457,2841,0,0,0,0,7624,0,-1,0
7625,-1,-1,7625,-1,-1,5098,6906,7458,2842,0,0,0,0,7625,0,-1,0
7626,-1,-1,7626,4468,5267,-1,6907,7459,-1,0,0,0,0,7626,0,-1,0
7627,-1,-1,7627,-1,-1,-1,6908,7460,-1,0,0,0,0,7627,0,-1,0
7628,-1,-1,7628,-1,5268,5099,6909,7461,2843,0,0,0,0,7628,0,-1,0
7629,-1,-1,7629,4469,5269,5100,6910,7462,2844,0,0,0,0,7629,0,-1,0
7630,-1,-1,7630,-1,5270,5101,6911,7463,2845,0,0,0,0,7630,0,-1,0
7631,-1,-1,7631,4470,5271,5102,6912,7464,2845,0,0,0,0,7631,0,-1,0
7632,-1,-1,7632,-1,5272,5103,6913,7465,2845,0,0,0,0,7632,0,-1,0
7633,-1,-1,7633,-1,-1,-1,6914,7466,-1,0,0,0,0,7633,0,-1,0
7634,-1,-1,7634,-1,5273,5104,6915,7467,2845,0,0,0,0,7634,0,-1,0
7635,-1,-1,7635,-1,-1,-1,6916,7468,2845,0,0,0,0,7635,0,-1,0
7636,-1,-1,7636,4471,5274,5105,6917,7469,2845,0,0,0,0,7636,0,-1,0
7637,-1,-1,7637,4472,5275,5106,6918,7470,2845,0,0,0,0,7637,0,-1,0
7638,-1,-1,7638,4473,-1,5106,6919,7471,2845,0,0,0,0,7638,0,-1,0
7639,-1,-1,7639,4474,5276,5107,6920,7472,2846,0,0,0,0,7639,0,-1,0
7640,-1,-1,7640,4475,5277,5108,6921,7473,2847,0,0,0,0,7640,0,-1,0
7641,-1,-1,7641,4475,5278,5109,6922,7474,2848,0,0,0,0,7641,0,-1,0
7642,-1,-1,7642,4475,5279,5110,6923,7475,2849,0,0,0,0,7642,0,-1,0
7643,-1,-1,7643,-1,5280,5111,6924,7476,2850,0,0,0,0,7643,0,-1,0
7644,-1,-1,7644,-1,-1,-1,6925,7477,2851,0,0,0,0,7644,0,-1,0
7645,-1,-1,7645,-1,5281,5112,6926,7478,2851,0,0,0,0,7645,0,-1,0
7646,-1,-1,7646,4476,5282,5113,6927,7479,2852,0,0,0,0,7646,0,-1,0
7647,-1,-1,7647,4477,5283,5114,6928,7480,2853,0,0,0,0,7647,0,-1,0
7648,-1,-1,7648,4478,5283,5115,6929,7481,2854,0,0,0,0,7648,0,-1,0
7649,-1,-1,7649,-1,-1,-1,-1,7482,-1,0,0,0,0,7649,0,-1,0
7650,-1,-1,7650,4479,5284,5116,6930,7483,-1,0,0,0,0,7650,0,-1,0
7651,-1,-1,7651,-1,-1,-1,6931,7484,-1,0,0,0,0,7651,0,-1,0
7652,-1,-1,7652,-1,-1,-1,-1,7485,-1,0,0,0,0,7652,0,-1,0
7653,-1,-1,7653,-1,5285,5117,6932,7486,2854,0,0,0,0,7653,0,-1,0
7654,-1,-1,7654,4480,5286,5117,6933,7487,2854,0,0,0,0,7654,0,-1,0
7655,-1,-1,7655,4480,5287,5118,6934,7488,2854,0,0,0,0,7655,0,-1,0
7656,-1,-1,7656,4480,5288,5119,6935,7489,2854,0,0,0,0,7656,0,-1,0
7657,-1,-1,7657,4481,5289,5120,6936,7490,2855,0,0,0,0,7657,0,-1,0
7658,-1,-1,7658,-1,-1,-1,-1,7491,-1,0,0,0,0,7658,0,-1,0
7659,-1,-1,7659,4481,-1,-1,6937,7492,2856,0,0,0,0,7659,0,-1,0
7660,-1,-1,7660,4482,5290,5121,6938,7493,-1,0,0,0,0,7660,0,-1,0
7661,-1,-1,7661,-1,5291,5122,6939,7494,-1,0,0,0,0,7661,0,-1,0
7662,-1,-1,7662,4483,5292,5123,6939,7494,-1,0,0,0,0,7662,0,-1,0
7663,-1,-1,7663,4484,5292,5124,6939,7494,-1,0,0,0,0,7663,0,-1,0
7664,-1,-1,7664,4485,5293,5125,6939,7494,-1,0,0,0,0,7664,0,-1,0
7665,-1,-1,7665,4486,5294,-1,6940,7495,2856,0,0,0,0,7665,0,-1,0
7666,-1,-1,7666,4487,5294,5126,6941,7496,-1,0,0,0,0,7666,0,-1,0
7667,-1,-1,7667,4488,5294,5127,6942,7497,2856,0,0,0,0,7667,0,-1,0
7668,-1,-1,7668,4489,5295,5128,6942,7498,2857,0,0,0,0,7668,0,-1,0
7669,-1,-1,7669,4489,5296,5129,6943,7499,-1,0,0,0,0,7669,0,-1,0
7670,-1,-1,7670,4490,5297,-1,6944,7500,2858,0,0,0,0,7670,0,-1,0
7671,-1,-1,7671,4491,5298,5130,6945,7501,2858,0,0,0,0,7671,0,-1,0
7672,-1,-1,7672,4492,-1,-1,6946,7502,-1,0,0,0,0,7672,0,-1,0
7673,-1,-1,7673,-1,-1,-1,6947,7503,-1,0,0,0,0,7673,0,-1,0
7674,-1,-1,7674,4493,5299,5131,6948,7504,-1,0,0,0,0,7674,0,-1,0
7675,-1,-1,7675,-1,-1,-1,6949,7505,-1,0,0,0,0,7675,0,-1,0
7676,-1,-1,7676,-1,5300,5132,6950,7506,-1,0,0,0,0,7676,0,-1,0
7677,-1,-1,7677,-1,5301,5133,6951,7507,2858,0,0,0,0,7677,0,-1,0
7678,-1,-1,7678,4493,5302,5133,6952,7508,2859,0,0,0,0,7678,0,-1,0
7679,-1,-1,7679,-1,5302,5134,6953,7509,-1,0,0,0,0,7679,0,-1,0
7680,-1,-1,7680,4494,-1,-1,6954,7510,2860,0,0,0,0,7680,0,-1,0
7681,-1,-1,7681,4495,5302,5135,6955,7511,2861,0,0,0,0,7681,0,-1,0
7682,-1,-1,7682,4496,5303,5136,6956,7512,2862,0,0,0,0,7682,0,-1,0
7683,-1,-1,7683,4496,-1,-1,6957,7513,2862,0,0,0,0,7683,0,-1,0
7684,-1,-1,7684,-1,5304,-1,6958,7514,2863,0,0,0,0,7684,0,-1,0
7685,-1,-1,7685,4497,5305,5137,6959,7515,2864,0,0,0,0,7685,0,-1,0
7686,-1,-1,7686,4498,5306,5138,6960,7516,2865,0,0,0,0,7686,0,-1,0
7687,-1,-1,7687,4499,5306,5138,6961,7517,2865,0,0,0,0,7687,0,-1,0
7688,-1,-1,7688,4500,5307,-1,6962,7518,2865,0,0,0,0,7688,0,-1,0
7689,-1,-1,7689,-1,5307,5139,6963,7519,2866,0,0,0,0,7689,0,-1,0
7690,-1,-1,7690,4501,5308,5140,6964,7520,-1,0,0,0,0,7690,0,-1,0
7691,-1,-1,7691,4502,5309,5141,6965,7521,2867,0,0,0,0,7691,0,-1,0
7692,-1,-1,7692,4502,5310,5142,6966,7522,2868,0,0,0,0,7692,0,-1,0
7693,-1,-1,7693,4503,5311,-1,6967,7523,2868,0,0,0,0,7693,0,-1,0
7694,-1,-1,7694,-1,-1,-1,6967,7524,-1,0,0,0,0,7694,0,-1,0
7695,-1,-1,7695,4504,5311,5143,6968,7525,2869,0,0,0,0,7695,0,-1,0
7696,-1,-1,7696,4505,5312,-1,-1,7526,-1,0,0,0,0,7696,0,-1,0
7697,-1,-1,7697,4506,5313,5143,6969,7527,2870,0,0,0,0,7697,0,-1,0
7698,-1,-1,7698,4507,5314,-1,6970,7528,2870,0,0,0,0,7698,0,-1,0
7699,-1,-1,7699,4508,5315,5144,6971,7529,2870,0,0,0,0,7699,0,-1,0
7700,-1,-1,7700,4509,5316,5145,6972,7530,2871,0,0,0,0,7700,0,-1,0
7701,-1,-1,7701,4510,5317,5146,6973,7531,2872,0,0,0,0,7701,0,-1,0
7702,-1,-1,7702,4511,-1,5147,6974,7532,-1,0,0,0,0,7702,0,-1,0
7703,-1,-1,7703,-1,-1,-1,6975,7533,-1,0,0,0,0,7703,0,-1,0
7704,-1,-1,7704,-1,-1,5148,6975,7533,-1,0,0,0,0,7704,0,-1,0
7705,-1,-1,7705,4512,5318,5149,-1,7534,2873,0,0,0,0,7705,0,-1,0
7706,-1,-1,7706,4513,5319,-1,6976,7535,-1,0,0,0,0,7706,0,-1,0
7707,-1,-1,7707,4514,5320,5150,6977,7536,2874,0,0,0,0,7707,0,-1,0
7708,-1,-1,7708,4515,5321,-1,6978,7537,-1,0,0,0,0,7708,0,-1,0
7709,-1,-1,7709,4516,5322,5151,6979,7538,2875,0,0,0,0,7709,0,-1,0
7710,-1,-1,7710,4517,5323,5152,6980,7539,2876,0,0,0,0,7710,0,-1,0
7711,-1,-1,7711,4517,-1,-1,6981,7540,2876,0,0,0,0,7711,0,-1,0
7712,-1,-1,7712,4517,5324,5153,6982,7541,2876,0,0,0,0,7712,0,-1,0
7713,-1,-1,7713,-1,5324,-1,6983,7542,2877,0,0,0,0,7713,0,-1,0
7714,-1,-1,7714,-1,5324,5154,6984,7543,2878,0,0,0,0,7714,0,-1,0
7715,-1,-1,7715,4518,5325,5155,6985,7544,2879,0,0,0,0,7715,0,-1,0
7716,-1,-1,7716,4519,5326,5156,6986,7545,-1,0,0,0,0,7716,0,-1,0
7717,-1,-1,7717,4520,5327,5156,6987,7546,2879,0,0,0,0,7717,0,-1,0
7718,-1,-1,7718,4521,5328,5157,6988,7547,-1,0,0,0,0,7718,0,-1,0
7719,-1,-1,7719,4521,5329,5158,6989,7548,2879,0,0,0,0,7719,0,-1,0
7720,-1,-1,7720,4522,5330,5159,6990,7549,2880,0,0,0,0,7720,0,-1,0
7721,-1,-1,7721,4523,5330,5160,6991,7550,2881,0,0,0,0,7721,0,-1,0
7722,-1,-1,7722,4524,5331,5161,6992,7551,-1,0,0,0,0,7722,0,-1,0
7723,-1,-1,7723,4525,5332,5162,6993,7552,2882,0,0,0,0,7723,0,-1,0
7724,-1,-1,7724,4526,5333,-1,6994,7553,2883,0,0,0,0,7724,0,-1,0
7725,-1,-1,7725,4527,5334,5163,6995,7554,2884,0,0,0,0,7725,0,-1,0
7726,-1,-1,7726,4528,5335,-1,6996,7555,2884,0,0,0,0,7726,0,-1,0
7727,-1,-1,7727,-1,-1,-1,6997,7556,2884,0,0,0,0,7727,0,-1,0
7728,-1,-1,7728,4529,5336,5164,6998,7557,2884,0,0,0,0,7728,0,-1,0
7729,-1,-1,7729,-1,-1,-1,6999,7558,2884,0,0,0,0,7729,0,-1,0
7730,-1,-1,7730,-1,-1,-1,7000,7559,2885,0,0,0,0,7730,0,-1,0
7731,-1,-1,7731,4530,5337,5165,7001,7560,-1,0,0,0,0,7731,0,-1,0
7732,-1,-1,7732,4531,5338,-1,7002,7561,2886,0,0,0,0,7732,0,-1,0
7733,-1,-1,7733,-1,-1,-1,7003,7562,-1,0,0,0,0,7733,0,-1,0
7734,-1,-1,7734,4532,-1,-1,7004,7563,2887,0,0,0,0,7734,0,-1,0
7735,-1,-1,7735,4532,5339,5166,7005,7564,2888,0,0,0,0,7735,0,-1,0
7736,-1,-1,7736,4533,5340,-1,7006,7565,2888,0,0,0,0,7736,0,-1,0
7737,-1,-1,7737,4534,5341,5167,7007,7566,2888,0,0,0,0,7737,0,-1,0
7738,-1,-1,7738,4535,5342,-1,7008,7567,2889,0,0,0,0,7738,0,-1,0
7739,-1,-1,7739,-1,5342,-1,7009,7568,2890,0,0,0,0,7739,0,-1,0
7740,-1,-1,7740,4536,5343,5168,7010,7569,2890,0,0,0,0,7740,0,-1,0
7741,-1,-1,7741,4537,-1,-1,-1,7570,-1,0,0,0,0,7741,0,-1,0
7742,-1,-1,7742,-1,5344,-1,7011,7571,-1,0,0,0,0,7742,0,-1,0
7743,-1,-1,7743,4538,5345,5169,7012,7572,2890,0,0,0,0,7743,0,-1,0
7744,-1,-1,7744,4538,5346,5170,7013,7573,-1,0,0,0,0,7744,0,-1,0
7745,-1,-1,7745,-1,5346,-1,7014,7574,2890,0,0,0,0,7745,0,-1,0
7746,-1,-1,7746,4539,5347,5171,7015,7575,2891,0,0,0,0,7746,0,-1,0
7747,-1,-1,7747,4540,5348,5172,7016,7576,2892,0,0,0,0,7747,0,-1,0
7748,-1,-1,7748,-1,-1,-1,7017,7577,-1,0,0,0,0,7748,0,-1,0
7749,-1,-1,7749,-1,-1,5173,7018,7578,-1,0,0,0,0,7749,0,-1,0
7750,-1,-1,7750,4541,5349,-1,7019,7579,2892,0,0,0,0,7750,0,-1,0
7751,-1,-1,7751,4542,-1,-1,7020,7580,2892,0,0,0,0,7751,0,-1,0
7752,-1,-1,7752,4543,5350,5174,7021,7581,2893,0,0,0,0,7752,0,-1,0
7753,-1,-1,7753,4544,5351,-1,7022,7582,2894,0,0,0,0,7753,0,-1,0
7754,-1,-1,7754,-1,5352,5175,7023,7583,2894,0,0,0,0,7754,0,-1,0
7755,-1,-1,7755,-1,-1,5176,7024,7584,2894,0,0,0,0,7755,0,-1,0
7756,-1,-1,7756,4545,5353,-1,7025,7585,-1,0,0,0,0,7756,0,-1,0
7757,-1,-1,7757,4546,5354,5177,7026,7586,-1,0,0,0,0,7757,0,-1,0
7758,-1,-1,7758,-1,-1,-1,7027,7587,2894,0,0,0,0,7758,0,-1,0
7759,-1,-1,7759,-1,-1,-1,7028,7588,2894,0,0,0,0,7759,0,-1,0
7760,-1,-1,7760,4547,5354,5178,7028,7589,-1,0,0,0,0,7760,0,-1,0
7761,-1,-1,7761,4547,-1,-1,7028,7589,-1,0,0,0,0,7761,0,-1,0
7762,-1,-1,7762,-1,-1,-1,7029,7590,-1,0,0,0,0,7762,0,-1,0
7763,-1,-1,7763,4548,5355,5179,7029,7590,-1,0,0,0,0,7763,0,-1,0
7764,-1,-1,7764,4549,5356,5180,7030,7591,2895,0,0,0,0,7764,0,-1,0
7765,-1,-1,7765,4550,5357,5181,7030,7592,-1,0,0,0,0,7765,0,-1,0
7766,-1,-1,7766,4551,-1,-1,7031,7593,-1,0,0,0,0,7766,0,-1,0
7767,-1,-1,7767,4551,5358,5182,7032,7594,-1,0,0,0,0,7767,0,-1,0
7768,-1,-1,7768,4552,5359,5183,7033,7595,-1,0,0,0,0,7768,0,-1,0
7769,-1,-1,7769,4553,5360,-1,7034,7596,-1,0,0,0,0,7769,0,-1,0
7770,-1,-1,7770,4554,5361,-1,7034,7597,2896,0,0,0,0,7770,0,-1,0
7771,-1,-1,7771,4555,5362,5184,7035,7598,2896,0,0,0,0,7771,0,-1,0
7772,-1,-1,7772,4556,5363,5185,7036,7599,2897,0,0,0,0,7772,0,-1,0
7773,-1,-1,7773,4557,5364,5186,7037,7600,2898,0,0,0,0,7773,0,-1,0
7774,-1,-1,7774,4558,5365,5187,7038,7601,2899,0,0,0,0,7774,0,-1,0
7775,-1,-1,7775,-1,5366,5188,7039,7602,2900,0,0,0,0,7775,0,-1,0
7776,-1,-1,7776,4559,5366,5189,7040,7603,-1,0,0,0,0,7776,0,-1,0
7777,-1,-1,7777,-1,-1,5190,7041,7604,2900,0,0,0,0,7777,0,-1,0
7778,-1,-1,7778,-1,5367,5191,7042,7605,-1,0,0,0,0,7778,0,-1,0
7779,-1,-1,7779,-1,5368,-1,7043,7606,2900,0,0,0,0,7779,0,-1,0
7780,-1,-1,7780,-1,5369,5192,7044,7607,2901,0,0,0,0,7780,0,-1,0
7781,-1,-1,7781,4559,5370,5193,7045,7608,2902,0,0,0,0,7781,0,-1,0
7782,-1,-1,7782,-1,5371,5194,7046,7609,2902,0,0,0,0,7782,0,-1,0
7783,-1,-1,7783,-1,5372,5195,7047,7610,2902,0,0,0,0,7783,0,-1,0
7784,-1,-1,7784,4560,5373,5196,7048,7611,2902,0,0,0,0,7784,0,-1,0
7785,-1,-1,7785,-1,-1,-1,7049,7612,-1,0,0,0,0,7785,0,-1,0
7786,-1,-1,7786,-1,5374,5196,7049,7613,2902,0,0,0,0,7786,0,-1,0
7787,-1,-1,7787,4561,5375,5196,7050,7614,2902,0,0,0,0,7787,0,-1,0
7788,-1,-1,7788,-1,-1,-1,7051,7615,-1,0,0,0,0,7788,0,-1,0
7789,-1,-1,7789,-1,5376,5197,7052,7616,2902,0,0,0,0,7789,0,-1,0
7790,-1,-1,7790,4562,5377,5198,7053,7617,2903,0,0,0,0,7790,0,-1,0
7791,-1,-1,7791,-1,-1,-1,7054,7618,2904,0,0,0,0,7791,0,-1,0
7792,-1,-1,7792,-1,5378,5199,7055,7619,-1,0,0,0,0,7792,0,-1,0
7793,-1,-1,7793,-1,-1,-1,7056,7620,-1,0,0,0,0,7793,0,-1,0
7794,-1,-1,7794,4563,5379,5200,7057,7621,2904,0,0,0,0,7794,0,-1,0
7795,-1,-1,7795,4564,5380,5201,7058,7622,-1,0,0,0,0,7795,0,-1,0
7796,-1,-1,7796,-1,5381,5202,7059,7623,-1,0,0,0,0,7796,0,-1,0
7797,-1,-1,7797,4565,5382,5203,7060,7624,2904,0,0,0,0,7797,0,-1,0
7798,-1,-1,7798,4566,5383,5203,7061,7625,2904,0,0,0,0,7798,0,-1,0
7799,-1,-1,7799,4567,-1,-1,7062,7626,2905,0,0,0,0,7799,0,-1,0
7800,-1,-1,7800,-1,-1,-1,-1,7627,-1,0,0,0,0,7800,0,-1,0
7801,-1,-1,7801,4568,5384,5204,7063,7628,2906,0,0,0,0,7801,0,-1,0
7802,-1,-1,7802,4569,-1,-1,7064,7629,2907,0,0,0,0,7802,0,-1,0
7803,-1,-1,7803,-1,5385,5205,7065,7630,2907,0,0,0,0,7803,0,-1,0
7804,-1,-1,7804,4570,-1,-1,7066,7631,2908,0,0,0,0,7804,0,-1,0
7805,-1,-1,7805,4571,5386,5206,7067,7632,2909,0,0,0,0,7805,0,-1,0
7806,-1,-1,7806,4572,5387,5206,7068,7633,2909,0,0,0,0,7806,0,-1,0
7807,-1,-1,7807,-1,-1,-1,7069,7634,-1,0,0,0,0,7807,0,-1,0
7808,-1,-1,7808,-1,-1,-1,7070,7635,2909,0,0,0,0,7808,0,-1,0
7809,-1,-1,7809,-1,-1,5207,7071,7636,2909,0,0,0,0,7809,0,-1,0
7810,-1,-1,7810,4573,-1,-1,7072,7637,-1,0,0,0,0,7810,0,-1,0
7811,-1,-1,7811,-1,-1,-1,7073,7638,2910,0,0,0,0,7811,0,-1,0
7812,-1,-1,7812,4574,-1,5208,7074,7639,-1,0,0,0,0,7812,0,-1,0
7813,-1,-1,7813,4574,5388,5209,7075,7640,2911,0,0,0,0,7813,0,-1,0
7814,-1,-1,7814,4574,5388,5210,7076,7641,2911,0,0,0,0,7814,0,-1,0
7815,-1,-1,7815,4575,5389,-1,7077,7642,-1,0,0,0,0,7815,0,-1,0
7816,-1,-1,7816,4576,5390,5211,7078,7643,2911,0,0,0,0,7816,0,-1,0
7817,-1,-1,7817,4577,5391,5212,7079,7644,-1,0,0,0,0,7817,0,-1,0
7818,-1,-1,7818,4578,-1,-1,7080,7645,2911,0,0,0,0,7818,0,-1,0
7819,-1,-1,7819,4579,-1,-1,7081,7646,2912,0,0,0,0,7819,0,-1,0
7820,-1,-1,7820,4580,5391,5213,7082,7647,2913,0,0,0,0,7820,0,-1,0
7821,-1,-1,7821,4581,5392,5214,7083,7648,2913,0,0,0,0,7821,0,-1,0
7822,-1,-1,7822,-1,-1,-1,7084,7649,-1,0,0,0,0,7822,0,-1,0
7823,-1,-1,7823,4581,5393,5214,7085,7650,-1,0,0,0,0,7823,0,-1,0
7824,-1,-1,7824,-1,5394,5215,7086,7651,2913,0,0,0,0,7824,0,-1,0
7825,-1,-1,7825,4582,5395,5216,7087,7652,-1,0,0,0,0,7825,0,-1,0
7826,-1,-1,7826,4583,5396,5217,7088,7653,2914,0,0,0,0,7826,0,-1,0
7827,-1,-1,7827,4584,5397,5218,7089,7654,2915,0,0,0,0,7827,0,-1,0
7828,-1,-1,7828,-1,-1,5219,7090,7655,2916,0,0,0,0,7828,0,-1,0
7829,-1,-1,7829,4585,5397,5220,7091,7656,2917,0,0,0,0,7829,0,-1,0
7830,-1,-1,7830,4586,5398,-1,7092,7657,2918,0,0,0,0,7830,0,-1,0
7831,-1,-1,7831,-1,5399,5221,7093,7658,2919,0,0,0,0,7831,0,-1,0
7832,-1,-1,7832,4587,5400,5222,7094,7659,2919,0,0,0,0,7832,0,-1,0
7833,-1,-1,7833,4588,5401,5223,7095,7660,2920,0,0,0,0,7833,0,-1,0
7834,-1,-1,7834,4588,5402,5224,7096,7661,-1,0,0,0,0,7834,0,-1,0
7835,-1,-1,7835,4588,5402,5225,7097,7662,-1,0,0,0,0,7835,0,-1,0
7836,-1,-1,7836,-1,-1,5226,7098,7663,2921,0,0,0,0,7836,0,-1,0
7837,-1,-1,7837,4589,5403,-1,7099,7664,-1,0,0,0,0,7837,0,-1,0
7838,-1,-1,7838,-1,5404,-1,7100,7665,2922,0,0,0,0,7838,0,-1,0
7839,-1,-1,7839,4590,5405,5227,7101,7666,2923,0,0,0,0,7839,0,-1,0
7840,-1,-1,7840,4591,5406,5228,7102,7667,-1,0,0,0,0,7840,0,-1,0
7841,-1,-1,7841,-1,-1,-1,7103,7668,-1,0,0,0,0,7841,0,-1,0
7842,-1,-1,7842,-1,5406,5229,7104,7669,-1,0,0,0,0,7842,0,-1,0
7843,-1,-1,7843,4592,-1,-1,7105,7670,2924,0,0,0,0,7843,0,-1,0
7844,-1,-1,7844,4593,5407,5230,7106,7671,-1,0,0,0,0,7844,0,-1,0
7845,-1,-1,7845,-1,-1,-1,-1,7672,-1,0,0,0,0,7845,0,-1,0
7846,-1,-1,7846,-1,5408,5231,7107,7673,2925,0,0,0,0,7846,0,-1,0
7847,-1,-1,7847,4594,5409,5232,7108,7674,2926,0,0,0,0,7847,0,-1,0
7848,-1,-1,7848,4595,5410,-1,7109,7675,-1,0,0,0,0,7848,0,-1,0
7849,-1,-1,7849,-1,-1,-1,7110,7676,2926,0,0,0,0,7849,0,-1,0
7850,-1,-1,7850,4596,-1,-1,7111,7677,2926,0,0,0,0,7850,0,-1,0
7851,-1,-1,7851,4597,5411,5233,7112,7678,-1,0,0,0,0,7851,0,-1,0
7852,-1,-1,7852,-1,-1,-1,7113,7679,-1,0,0,0,0,7852,0,-1,0
7853,-1,-1,7853,4598,-1,5234,7114,7680,2926,0,0,0,0,7853,0,-1,0
7854,-1,-1,7854,4599,5412,5234,7115,7681,2926,0,0,0,0,7854,0,-1,0
7855,-1,-1,7855,4600,5412,-1,7116,7682,2927,0,0,0,0,7855,0,-1,0
7856,-1,-1,7856,-1,-1,-1,7117,7683,-1,0,0,0,0,7856,0,-1,0
7857,-1,-1,7857,-1,5413,5235,7118,7684,2928,0,0,0,0,7857,0,-1,0
7858,-1,-1,7858,4601,5414,5235,7119,7685,2929,0,0,0,0,7858,0,-1,0
7859,-1,-1,7859,4602,5415,5235,7119,7685,2929,0,0,0,0,7859,0,-1,0
7860,-1,-1,7860,-1,5416,5236,7119,7686,-1,0,0,0,0,7860,0,-1,0
7861,-1,-1,7861,-1,5417,5237,7120,7687,2929,0,0,0,0,7861,0,-1,0
7862,-1,-1,7862,4603,5418,5238,-1,7688,2930,0,0,0,0,7862,0,-1,0
7863,-1,-1,7863,4604,5419,5239,7121,7689,2931,0,0,0,0,7863,0,-1,0
7864,-1,-1,7864,4604,5420,5240,7122,7690,-1,0,0,0,0,7864,0,-1,0
7865,-1,-1,7865,4605,5421,-1,7123,7691,2932,0,0,0,0,7865,0,-1,0
7866,-1,-1,7866,4606,5422,5240,7124,7692,2932,0,0,0,0,7866,0,-1,0
7867,-1,-1,7867,4607,5423,5240,7125,7693,2932,0,0,0,0,7867,0,-1,0
7868,-1,-1,7868,4608,5424,5241,7126,7694,-1,0,0,0,0,7868,0,-1,0
7869,-1,-1,7869,-1,-1,5242,7126,7694,-1,0,0,0,0,7869,0,-1,0
7870,-1,-1,7870,4609,5424,5243,7127,7695,2933,0,0,0,0,7870,0,-1,0
7871,-1,-1,7871,-1,5424,-1,7128,7696,2934,0,0,0,0,7871,0,-1,0
7872,-1,-1,7872,4610,5425,5244,7129,7697,-1,0,0,0,0,7872,0,-1,0
7873,-1,-1,7873,-1,5426,5245,7130,7698,2934,0,0,0,0,7873,0,-1,0
7874,-1,-1,7874,4611,5427,5246,7131,7699,-1,0,0,0,0,7874,0,-1,0
7875,-1,-1,7875,4612,5428,5246,7132,7700,2935,0,0,0,0,7875,0,-1,0
7876,-1,-1,7876,4613,5429,5247,7133,7701,2936,0,0,0,0,7876,0,-1,0
7877,-1,-1,7877,4613,5430,5248,7133,7702,2937,0,0,0,0,7877,0,-1,0
7878,-1,-1,7878,-1,-1,-1,7133,7703,-1,0,0,0,0,7878,0,-1,0
7879,-1,-1,7879,-1,5431,-1,7134,7704,2938,0,0,0,0,7879,0,-1,0
7880,-1,-1,7880,4614,5432,-1,7135,7705,-1,0,0,0,0,7880,0,-1,0
7881,-1,-1,7881,4614,5432,5249,7136,7706,2938,0,0,0,0,7881,0,-1,0
7882,-1,-1,7882,4615,5433,5250,7136,7707,2938,0,0,0,0,7882,0,-1,0
7883,-1,-1,7883,4616,5433,5251,7136,7708,2938,0,0,0,0,7883,0,-1,0
7884,-1,-1,7884,4617,5433,-1,7137,7709,-1,0,0,0,0,7884,0,-1,0
7885,-1,-1,7885,4618,5434,5252,7138,7710,2938,0,0,0,0,7885,0,-1,0
7886,-1,-1,7886,-1,5435,5253,7139,7711,2938,0,0,0,0,7886,0,-1,0
7887,-1,-1,7887,4618,5435,5254,7140,7712,2938,0,0,0,0,7887,0,-1,0
7888,-1,-1,7888,4619,5436,-1,7141,7713,2938,0,0,0,0,7888,0,-1,0
7889,-1,-1,7889,4620,5436,5255,7142,7714,2938,0,0,0,0,7889,0,-1,0
7890,-1,-1,7890,4620,5437,5256,7143,7715,2938,0,0,0,0,7890,0,-1,0
7891,-1,-1,7891,4621,5438,5257,7144,7716,2938,0,0,0,0,7891,0,-1,0
7892,-1,-1,7892,4622,5439,5258,7145,7717,2938,0,0,0,0,7892,0,-1,0
7893,-1,-1,7893,4623,5440,5259,7146,7718,2938,0,0,0,0,7893,0,-1,0
7894,-1,-1,7894,-1,5441,5260,7147,7719,-1,0,0,0,0,7894,0,-1,0
7895,-1,-1,7895,4624,5442,5261,7148,7720,-1,0,0,0,0,7895,0,-1,0
7896,-1,-1,7896,4624,5443,5262,7149,7721,2939,0,0,0,0,7896,0,-1,0
7897,-1,-1,7897,4625,5444,5263,7150,7722,2940,0,0,0,0,7897,0,-1,0
7898,-1,-1,7898,4626,5445,5264,7151,7723,2940,0,0,0,0,7898,0,-1,0
7899,-1,-1,7899,4627,5446,5264,7152,7724,2941,0,0,0,0,7899,0,-1,0
7900,-1,-1,7900,4628,5446,5265,7153,7725,2942,0,0,0,0,7900,0,-1,0
7901,-1,-1,7901,4629,5447,5266,7154,7726,2942,0,0,0,0,7901,0,-1,0
7902,-1,-1,7902,4630,5448,5267,7155,7727,-1,0,0,0,0,7902,0,-1,0
7903,-1,-1,7903,4631,5449,5268,7156,7728,-1,0,0,0,0,7903,0,-1,0
7904,-1,-1,7904,4632,5450,5269,7157,7729,2942,0,0,0,0,7904,0,-1,0
7905,-1,-1,7905,4633,5451,5270,7158,7730,2942,0,0,0,0,7905,0,-1,0
7906,-1,-1,7906,4634,5452,5271,7159,7731,2942,0,0,0,0,7906,0,-1,0
7907,-1,-1,7907,-1,-1,-1,7160,7732,-1,0,0,0,0,7907,0,-1,0
7908,-1,-1,7908,-1,-1,-1,-1,7733,-1,0,0,0,0,7908,0,-1,0
7909,-1,-1,7909,4635,5453,-1,7161,7734,2942,0,0,0,0,7909,0,-1,0
7910,-1,-1,7910,4636,5453,5272,7162,7735,2942,0,0,0,0,7910,0,-1,0
7911,-1,-1,7911,-1,5454,-1,7163,7736,2943,0,0,0,0,7911,0,-1,0
7912,-1,-1,7912,-1,5455,5273,7164,7737,2944,0,0,0,0,7912,0,-1,0
7913,-1,-1,7913,4637,5456,5274,7165,7738,2945,0,0,0,0,7913,0,-1,0
7914,-1,-1,7914,-1,5457,5275,7166,7739,2945,0,0,0,0,7914,0,-1,0
7915,-1,-1,7915,4638,5458,-1,7167,7740,2946,0,0,0,0,7915,0,-1,0
7916,-1,-1,7916,4639,5459,5276,7168,7741,2947,0,0,0,0,7916,0,-1,0
7917,-1,-1,7917,4640,5459,5277,7169,7742,2947,0,0,0,0,7917,0,-1,0
7918,-1,-1,7918,4641,5460,5278,7170,7743,2947,0,0,0,0,7918,0,-1,0
7919,-1,-1,7919,4642,5461,5279,7171,7744,2948,0,0,0,0,7919,0,-1,0
7920,-1,-1,7920,4643,5461,5280,7172,7745,2949,0,0,0,0,7920,0,-1,0
7921,-1,-1,7921,-1,5462,5281,7173,7746,2949,0,0,0,0,7921,0,-1,0
7922,-1,-1,7922,-1,5463,5282,7174,7747,2949,0,0,0,0,7922,0,-1,0
7923,-1,-1,7923,4644,5463,5283,7175,7748,2949,0,0,0,0,7923,0,-1,0
7924,-1,-1,7924,4645,5464,5283,7176,7749,2949,0,0,0,0,7924,0,-1,0
7925,-1,-1,7925,4646,5465,-1,7177,7750,-1,0,0,0,0,7925,0,-1,0
7926,-1,-1,7926,-1,-1,-1,7178,7751,2950,0,0,0,0,7926,0,-1,0
7927,-1,-1,7927,4647,5466,5284,7179,7752,2950,0,0,0,0,7927,0,-1,0
7928,-1,-1,7928,-1,-1,-1,7180,7753,2951,0,0,0,0,7928,0,-1,0
7929,-1,-1,7929,4648,5466,5285,7181,7754,2951,0,0,0,0,7929,0,-1,0
7930,-1,-1,7930,4649,5467,5286,7182,7755,2952,0,0,0,0,7930,0,-1,0
7931,-1,-1,7931,-1,5468,5287,7183,7756,2953,0,0,0,0,7931,0,-1,0
7932,-1,-1,7932,4650,5469,-1,7184,7757,2954,0,0,0,0,7932,0,-1,0
7933,-1,-1,7933,4650,5469,5288,7185,7758,-1,0,0,0,0,7933,0,-1,0
7934,-1,-1,7934,4650,5470,5289,7186,7759,2955,0,0,0,0,7934,0,-1,0
7935,-1,-1,7935,4650,5471,5290,7187,7760,2955,0,0,0,0,7935,0,-1,0
7936,-1,-1,7936,-1,5472,5291,7188,7761,2956,0,0,0,0,7936,0,-1,0
7937,-1,-1,7937,4651,5473,5292,7189,7762,-1,0,0,0,0,7937,0,-1,0
7938,-1,-1,7938,4652,5474,5292,7190,7763,2956,0,0,0,0,7938,0,-1,0
7939,-1,-1,7939,4653,5475,5292,7191,7764,2956,0,0,0,0,7939,0,-1,0
7940,-1,-1,7940,-1,5476,5293,7192,7765,-1,0,0,0,0,7940,0,-1,0
7941,-1,-1,7941,-1,5477,5294,7193,7766,-1,0,0,0,0,7941,0,-1,0
7942,-1,-1,7942,-1,5478,5295,7194,7767,2956,0,0,0,0,7942,0,-1,0
7943,-1,-1,7943,4654,5478,5296,7195,7768,-1,0,0,0,0,7943,0,-1,0
7944,-1,-1,7944,4655,5479,5297,7196,7769,2957,0,0,0,0,7944,0,-1,0
7945,-1,-1,7945,4656,5479,5298,7197,7770,2958,0,0,0,0,7945,0,-1,0
7946,-1,-1,7946,-1,-1,-1,-1,7771,-1,0,0,0,0,7946,0,-1,0
7947,-1,-1,7947,4657,5479,5299,7198,7772,2959,0,0,0,0,7947,0,-1,0
7948,-1,-1,7948,4658,5480,5300,7199,7773,2960,0,0,0,0,7948,0,-1,0
7949,-1,-1,7949,-1,5481,-1,7200,7774,2960,0,0,0,0,7949,0,-1,0
7950,-1,-1,7950,-1,5482,5300,7201,7775,-1,0,0,0,0,7950,0,-1,0
7951,-1,-1,7951,4659,5483,5301,7202,7776,2960,0,0,0,0,7951,0,-1,0
7952,-1,-1,7952,4660,5484,5302,-1,7777,-1,0,0,0,0,7952,0,-1,0
7953,-1,-1,7953,-1,-1,5303,7203,7778,2960,0,0,0,0,7953,0,-1,0
7954,-1,-1,7954,-1,-1,-1,7204,7779,2960,0,0,0,0,7954,0,-1,0
7955,-1,-1,7955,-1,5484,5304,7205,7780,2960,0,0,0,0,7955,0,-1,0
7956,-1,-1,7956,4661,5485,5305,7206,7781,-1,0,0,0,0,7956,0,-1,0
7957,-1,-1,7957,-1,5486,5306,7207,7782,2961,0,0,0,0,7957,0,-1,0
7958,-1,-1,7958,-1,5486,5307,7208,7783,2962,0,0,0,0,7958,0,-1,0
7959,-1,-1,7959,4662,5487,5308,7209,7784,2962,0,0,0,0,7959,0,-1,0
7960,-1,-1,7960,4663,5488,-1,7210,7785,-1,0,0,0,0,7960,0,-1,0
7961,-1,-1,7961,4664,5488,5309,7211,7786,2963,0,0,0,0,7961,0,-1,0
7962,-1,-1,7962,4665,5489,5310,7212,7787,-1,0,0,0,0,7962,0,-1,0
7963,-1,-1,7963,4666,5489,5311,7212,7788,2964,0,0,0,0,7963,0,-1,0
7964,-1,-1,7964,4667,5490,-1,7213,7789,-1,0,0,0,0,7964,0,-1,0
7965,-1,-1,7965,-1,-1,-1,7214,7790,2964,0,0,0,0,7965,0,-1,0
7966,-1,-1,7966,4668,5490,5312,7215,7791,2965,0,0,0,0,7966,0,-1,0
7967,-1,-1,7967,-1,5491,5313,7216,7792,2966,0,0,0,0,7967,0,-1,0
7968,-1,-1,7968,4669,5492,5314,7217,7793,2967,0,0,0,0,7968,0,-1,0
7969,-1,-1,7969,4670,5492,5315,7218,7794,-1,0,0,0,0,7969,0,-1,0
7970,-1,-1,7970,4670,5492,-1,7219,7795,-1,0,0,0,0,7970,0,-1,0
7971,-1,-1,7971,4671,5493,-1,7220,7796,-1,0,0,0,0,7971,0,-1,0
7972,-1,-1,7972,-1,5494,-1,7221,7797,-1,0,0,0,0,7972,0,-1,0
7973,-1,-1,7973,4671,5495,5316,7221,7797,-1,0,0,0,0,7973,0,-1,0
7974,-1,-1,7974,-1,-1,-1,7222,7798,-1,0,0,0,0,7974,0,-1,0
7975,-1,-1,7975,4672,5496,5317,7223,7799,2967,0,0,0,0,7975,0,-1,0
7976,-1,-1,7976,4672,5497,5318,7224,7800,2967,0,0,0,0,7976,0,-1,0
7977,-1,-1,7977,4673,5498,5319,7225,7801,2967,0,0,0,0,7977,0,-1,0
7978,-1,-1,7978,4674,5499,5320,7226,7802,-1,0,0,0,0,7978,0,-1,0
7979,-1,-1,7979,4675,5500,5321,7227,7803,2967,0,0,0,0,7979,0,-1,0
7980,-1,-1,7980,4675,5500,5322,7228,7804,2967,0,0,0,0,7980,0,-1,0
7981,-1,-1,7981,-1,5500,5323,7229,7805,2967,0,0,0,0,7981,0,-1,0
7982,-1,-1,7982,-1,5501,5324,7230,7806,-1,0,0,0,0,7982,0,-1,0
7983,-1,-1,7983,4676,5502,5325,7231,7807,2967,0,0,0,0,7983,0,-1,0
7984,-1,-1,7984,4676,-1,-1,7232,7808,2967,0,0,0,0,7984,0,-1,0
7985,-1,-1,7985,4677,-1,-1,7233,7809,2967,0,0,0,0,7985,0,-1,0
7986,-1,-1,7986,4678,5503,5326,7234,7810,-1,0,0,0,0,7986,0,-1,0
7987,-1,-1,7987,4679,5504,5327,7235,7811,2967,0,0,0,0,7987,0,-1,0
7988,-1,-1,7988,4680,5505,5328,7236,7812,-1,0,0,0,0,7988,0,-1,0
7989,-1,-1,7989,4680,-1,5329,7237,7813,-1,0,0,0,0,7989,0,-1,0
7990,-1,-1,7990,4681,5506,5330,7237,7814,2968,0,0,0,0,7990,0,-1,0
7991,-1,-1,7991,-1,-1,-1,7238,7815,2969,0,0,0,0,7991,0,-1,0
7992,-1,-1,7992,4682,5507,5331,7239,7816,2970,0,0,0,0,7992,0,-1,0
7993,-1,-1,7993,-1,5508,5332,7240,7817,-1,0,0,0,0,7993,0,-1,0
7994,-1,-1,7994,4683,-1,-1,7241,7818,2971,0,0,0,0,7994,0,-1,0
7995,-1,-1,7995,4684,5509,5333,7242,7819,2971,0,0,0,0,7995,0,-1,0
7996,-1,-1,7996,4685,5510,5334,7243,7820,2972,0,0,0,0,7996,0,-1,0
7997,-1,-1,7997,-1,5511,-1,7244,7821,-1,0,0,0,0,7997,0,-1,0
7998,-1,-1,7998,-1,5512,5335,7245,7822,2973,0,0,0,0,7998,0,-1,0
7999,-1,-1,7999,4686,5513,5336,7246,7823,2974,0,0,0,0,7999,0,-1,0
8000,-1,-1,8000,4687,5513,5337,7247,7824,-1,0,0,0,0,8000,0,-1,0
8001,-1,-1,8001,-1,-1,-1,7248,7825,2974,0,0,0,0,8001,0,-1,0
8002,-1,-1,8002,4688,5514,5338,7249,7826,2975,0,0,0,0,8002,0,-1,0
8003,-1,-1,8003,4689,5515,5339,7250,7827,2976,0,0,0,0,8003,0,-1,0
8004,-1,-1,8004,-1,5516,5340,7251,7828,2977,0,0,0,0,8004,0,-1,0
8005,-1,-1,8005,-1,5517,5341,7252,7829,-1,0,0,0,0,8005,0,-1,0
8006,-1,-1,8006,4689,5518,5342,7253,7830,2977,0,0,0,0,8006,0,-1,0
8007,-1,-1,8007,4690,5518,5343,7254,7831,-1,0,0,0,0,8007,0,-1,0
8008,-1,-1,8008,4691,5519,5344,7255,7832,-1,0,0,0,0,8008,0,-1,0
8009,-1,-1,8009,-1,5520,5345,7256,7833,2977,0,0,0,0,8009,0,-1,0
8010,-1,-1,8010,4691,5521,5346,7257,7834,2977,0,0,0,0,8010,0,-1,0
8011,-1,-1,8011,4691,5522,5347,7258,7835,2977,0,0,0,0,8011,0,-1,0
8012,-1,-1,8012,4692,5523,5348,7259,7836,2977,0,0,0,0,8012,0,-1,0
8013,-1,-1,8013,4693,5524,5349,7260,7837,2978,0,0,0,0,8013,0,-1,0
8014,-1,-1,8014,4694,5525,5350,7261,7838,2979,0,0,0,0,8014,0,-1,0
8015,-1,-1,8015,4695,-1,5351,7262,7839,2979,0,0,0,0,8015,0,-1,0
8016,-1,-1,8016,-1,5526,5352,7263,7840,2980,0,0,0,0,8016,0,-1,0
8017,-1,-1,8017,4696,5527,-1,7264,7841,2980,0,0,0,0,8017,0,-1,0
8018,-1,-1,8018,4697,5527,5353,7265,7842,-1,0,0,0,0,8018,0,-1,0
8019,-1,-1,8019,4698,5527,5354,7266,7843,2980,0,0,0,0,8019,0,-1,0
8020,-1,-1,8020,4698,5528,5355,7267,7844,2980,0,0,0,0,8020,0,-1,0
8021,-1,-1,8021,-1,-1,-1,7268,7845,2980,0,0,0,0,8021,0,-1,0
8022,-1,-1,8022,4699,5529,5356,7269,7846,2980,0,0,0,0,8022,0,-1,0
8023,-1,-1,8023,-1,-1,-1,7269,7847,-1,0,0,0,0,8023,0,-1,0
8024,-1,-1,8024,4699,5530,5357,7270,7848,2980,0,0,0,0,8024,0,-1,0
8025,-1,-1,8025,4700,5531,-1,7271,7849,2980,0,0,0,0,8025,0,-1,0
8026,-1,-1,8026,4701,5532,-1,7271,7850,2980,0,0,0,0,8026,0,-1,0
8027,-1,-1,8027,4702,5533,5358,7272,7851,2980,0,0,0,0,8027,0,-1,0
8028,-1,-1,8028,-1,5533,5359,7273,7852,-1,0,0,0,0,8028,0,-1,0
8029,-1,-1,8029,-1,-1,-1,7273,7853,2980,0,0,0,0,8029,0,-1,0
8030,-1,-1,8030,4703,5534,5360,7274,7854,2981,0,0,0,0,8030,0,-1,0
8031,-1,-1,8031,4704,5535,5361,7275,7855,2981,0,0,0,0,8031,0,-1,0
8032,-1,-1,8032,-1,5535,5362,7276,7856,2982,0,0,0,0,8032,0,-1,0
8033,-1,-1,8033,4705,5535,5363,7276,7857,2983,0,0,0,0,8033,0,-1,0
8034,-1,-1,8034,4706,5536,5364,7277,7858,-1,0,0,0,0,8034,0,-1,0
8035,-1,-1,8035,-1,-1,-1,7278,7859,2984,0,0,0,0,8035,0,-1,0
8036,-1,-1,8036,4707,5537,5365,7279,7860,2985,0,0,0,0,8036,0,-1,0
8037,-1,-1,8037,-1,5537,5366,7280,7861,2986,0,0,0,0,8037,0,-1,0
8038,-1,-1,8038,-1,5538,5366,7281,7862,2987,0,0,0,0,8038,0,-1,0
8039,-1,-1,8039,4708,-1,-1,7282,7863,-1,0,0,0,0,8039,0,-1,0
8040,-1,-1,8040,-1,5539,5367,7283,7864,-1,0,0,0,0,8040,0,-1,0
8041,-1,-1,8041,-1,-1,-1,7284,7865,-1,0,0,0,0,8041,0,-1,0
8042,-1,-1,8042,-1,5540,5368,7285,7866,2988,0,0,0,0,8042,0,-1,0
8043,-1,-1,8043,4709,5541,5369,7286,7867,2988,0,0,0,0,8043,0,-1,0
8044,-1,-1,8044,4710,5542,5370,7287,7868,2988,0,0,0,0,8044,0,-1,0
8045,-1,-1,8045,4710,5543,5371,7288,7869,2988,0,0,0,0,8045,0,-1,0
8046,-1,-1,8046,4710,5544,5372,7289,7870,2988,0,0,0,0,8046,0,-1,0
8047,-1,-1,8047,4711,5545,5373,7290,7871,2988,0,0,0,0,8047,0,-1,0
8048,-1,-1,8048,-1,-1,-1,7291,7872,2988,0,0,0,0,8048,0,-1,0
8049,-1,-1,8049,-1,5546,5374,7291,7873,2988,0,0,0,0,8049,0,-1,0
8050,-1,-1,8050,4712,5547,5375,7291,7874,2988,0,0,0,0,8050,0,-1,0
8051,-1,-1,8051,4713,5548,5376,7292,7875,2988,0,0,0,0,8051,0,-1,0
8052,-1,-1,8052,4714,5548,5377,7293,7876,-1,0,0,0,0,8052,0,-1,0
8053,-1,-1,8053,4715,5549,5377,7293,7876,-1,0,0,0,0,8053,0,-1,0
8054,-1,-1,8054,4716,5549,-1,7294,7877,-1,0,0,0,0,8054,0,-1,0
8055,-1,-1,8055,-1,5549,5378,7295,7878,2989,0,0,0,0,8055,0,-1,0
8056,-1,-1,8056,-1,5550,5379,7296,7879,2990,0,0,0,0,8056,0,-1,0
8057,-1,-1,8057,4717,5551,5379,7296,7880,-1,0,0,0,0,8057,0,-1,0
8058,-1,-1,8058,4717,-1,-1,7297,7881,-1,0,0,0,0,8058,0,-1,0
8059,-1,-1,8059,4718,5552,5380,7298,7882,2990,0,0,0,0,8059,0,-1,0
8060,-1,-1,8060,4718,5553,5381,7299,7883,-1,0,0,0,0,8060,0,-1,0
8061,-1,-1,8061,4719,-1,-1,7300,7884,2990,0,0,0,0,8061,0,-1,0
8062,-1,-1,8062,4720,5554,-1,7301,7885,2990,0,0,0,0,8062,0,-1,0
8063,-1,-1,8063,4720,5555,5382,7302,7886,2990,0,0,0,0,8063,0,-1,0
8064,-1,-1,8064,4721,5556,5383,7303,7887,-1,0,0,0,0,8064,0,-1,0
8065,-1,-1,8065,-1,-1,-1,7304,7888,-1,0,0,0,0,8065,0,-1,0
8066,-1,-1,8066,4722,5557,5384,7305,7889,2991,0,0,0,0,8066,0,-1,0
8067,-1,-1,8067,-1,5558,-1,7306,7890,-1,0,0,0,0,8067,0,-1,0
8068,-1,-1,8068,-1,-1,-1,7306,7890,-1,0,0,0,0,8068,0,-1,0
8069,-1,-1,8069,-1,-1,-1,7307,7891,2992,0,0,0,0,8069,0,-1,0
8070,-1,-1,8070,4723,5558,5385,7308,7892,-1,0,0,0,0,8070,0,-1,0
8071,-1,-1,8071,4724,5559,-1,7309,7893,2993,0,0,0,0,8071,0,-1,0
8072,-1,-1,8072,4725,5560,5386,7310,7894,2994,0,0,0,0,8072,0,-1,0
8073,-1,-1,8073,-1,5560,5387,7310,7895,2994,0,0,0,0,8073,0,-1,0
8074,-1,-1,8074,4726,5561,-1,7311,7896,2994,0,0,0,0,8074,0,-1,0
8075,-1,-1,8075,4727,5562,5388,7312,7897,-1,0,0,0,0,8075,0,-1,0
8076,-1,-1,8076,4728,5563,5389,7312,7898,2994,0,0,0,0,8076,0,-1,0
8077,-1,-1,8077,4729,-1,-1,7313,7899,2994,0,0,0,0,8077,0,-1,0
8078,-1,-1,8078,4730,5563,5390,7314,7900,2995,0,0,0,0,8078,0,-1,0
8079,-1,-1,8079,4730,5564,5391,7315,7901,-1,0,0,0,0,8079,0,-1,0
8080,-1,-1,8080,4731,5565,5392,7315,7902,2996,0,0,0,0,8080,0,-1,0
8081,-1,-1,8081,4731,5566,5393,7316,7903,2997,0,0,0,0,8081,0,-1,0
8082,-1,-1,8082,-1,-1,-1,7317,7904,2998,0,0,0,0,8082,0,-1,0
8083,-1,-1,8083,4732,5567,5394,7318,7905,2998,0,0,0,0,8083,0,-1,0
8084,-1,-1,8084,4733,5568,5395,7319,7906,2999,0,0,0,0,8084,0,-1,0
8085,-1,-1,8085,4734,5569,-1,7320,7907,3000,0,0,0,0,8085,0,-1,0
8086,-1,-1,8086,4735,5570,-1,7321,7908,-1,0,0,0,0,8086,0,-1,0
8087,-1,-1,8087,4736,5571,-1,7322,7909,3000,0,0,0,0,8087,0,-1,0
8088,-1,-1,8088,4737,5572,5396,7323,7910,-1,0,0,0,0,8088,0,-1,0
8089,-1,-1,8089,4738,5573,5397,7324,7911,-1,0,0,0,0,8089,0,-1,0
8090,-1,-1,8090,4738,5574,5398,7325,7912,-1,0,0,0,0,8090,0,-1,0
8091,-1,-1,8091,-1,5575,5399,7326,7913,3001,0,0,0,0,8091,0,-1,0
8092,-1,-1,8092,-1,5575,5400,7326,7914,3002,0,0,0,0,8092,0,-1,0
8093,-1,-1,8093,4738,5576,5401,7327,7915,3003,0,0,0,0,8093,0,-1,0
8094,-1,-1,8094,4738,5577,5401,7328,7916,3003,0,0,0,0,8094,0,-1,0
8095,-1,-1,8095,-1,5578,5402,7329,7917,3003,0,0,0,0,8095,0,-1,0
8096,-1,-1,8096,-1,-1,-1,7330,7918,-1,0,0,0,0,8096,0,-1,0
8097,-1,-1,8097,4739,5579,-1,7331,7919,3004,0,0,0,0,8097,0,-1,0
8098,-1,-1,8098,4739,5580,5403,7332,7920,-1,0,0,0,0,8098,0,-1,0
8099,-1,-1,8099,4740,5581,5404,7333,7921,3005,0,0,0,0,8099,0,-1,0
8100,-1,-1,8100,-1,-1,-1,7334,7922,3006,0,0,0,0,8100,0,-1,0
8101,-1,-1,8101,-1,5582,5405,7335,7923,-1,0,0,0,0,8101,0,-1,0
8102,-1,-1,8102,-1,-1,-1,7335,7923,-1,0,0,0,0,8102,0,-1,0
8103,-1,-1,8103,4741,5583,-1,7336,7924,-1,0,0,0,0,8103,0,-1,0
8104,-1,-1,8104,4742,-1,-1,7337,7925,3007,0,0,0,0,8104,0,-1,0
8105,-1,-1,8105,-1,5584,5406,7338,7926,-1,0,0,0,0,8105,0,-1,0
8106,-1,-1,8106,-1,-1,-1,7339,7927,-1,0,0,0,0,8106,0,-1,0
8107,-1,-1,8107,4743,5585,5407,7339,7928,3008,0,0,0,0,8107,0,-1,0
8108,-1,-1,8108,-1,5586,5408,7340,7929,-1,0,0,0,0,8108,0,-1,0
8109,-1,-1,8109,4744,5587,5409,7341,7930,3009,0,0,0,0,8109,0,-1,0
8110,-1,-1,8110,-1,-1,-1,7342,7931,3009,0,0,0,0,8110,0,-1,0
8111,-1,-1,8111,-1,5588,5410,7343,7932,3009,0,0,0,0,8111,0,-1,0
8112,-1,-1,8112,-1,5589,5411,7344,7933,-1,0,0,0,0,8112,0,-1,0
8113,-1,-1,8113,4744,5589,5411,7345,7934,-1,0,0,0,0,8113,0,-1,0
8114,-1,-1,8114,4745,5589,5412,7346,7935,3010,0,0,0,0,8114,0,-1,0
8115,-1,-1,8115,4746,5590,5413,7347,7936,3011,0,0,0,0,8115,0,-1,0
8116,-1,-1,8116,4747,5591,5414,7348,7937,3011,0,0,0,0,8116,0,-1,0
8117,-1,-1,8117,-1,5592,5415,7349,7938,3011,0,0,0,0,8117,0,-1,0
8118,-1,-1,8118,-1,5592,-1,7350,7939,-1,0,0,0,0,8118,0,-1,0
8119,-1,-1,8119,4748,-1,-1,7351,7940,-1,0,0,0,0,8119,0,-1,0
8120,-1,-1,8120,4749,5593,5416,7352,7941,3011,0,0,0,0,8120,0,-1,0
8121,-1,-1,8121,4750,5594,-1,7353,7942,3011,0,0,0,0,8121,0,-1,0
8122,-1,-1,8122,4751,5595,5417,7354,7943,3011,0,0,0,0,8122,0,-1,0
8123,-1,-1,8123,4751,5596,5417,7355,7944,-1,0,0,0,0,8123,0,-1,0
8124,-1,-1,8124,4752,5597,5418,7356,7945,-1,0,0,0,0,8124,0,-1,0
8125,-1,-1,8125,4753,5598,-1,7356,7946,3011,0,0,0,0,8125,0,-1,0
8126,-1,-1,8126,-1,5599,5418,7357,7947,-1,0,0,0,0,8126,0,-1,0
8127,-1,-1,8127,-1,-1,-1,7357,7947,-1,0,0,0,0,8127,0,-1,0
8128,-1,-1,8128,-1,5600,5419,7358,7948,3011,0,0,0,0,8128,0,-1,0
8129,-1,-1,8129,4754,5601,-1,7359,7949,3012,0,0,0,0,8129,0,-1,0
8130,-1,-1,8130,4755,5602,-1,7360,7950,-1,0,0,0,0,8130,0,-1,0
8131,-1,-1,8131,-1,5603,5420,7361,7951,-1,0,0,0,0,8131,0,-1,0
8132,-1,-1,8132,4755,5604,5421,7361,7951,-1,0,0,0,0,8132,0,-1,0
8133,-1,-1,8133,4755,5605,5422,7361,7952,3013,0,0,0,0,8133,0,-1,0
8134,-1,-1,8134,4756,5606,5423,7362,7953,3014,0,0,0,0,8134,0,-1,0
8135,-1,-1,8135,-1,-1,5424,7363,7954,3015,0,0,0,0,8135,0,-1,0
8136,-1,-1,8136,4757,5607,5425,7364,7955,-1,0,0,0,0,8136,0,-1,0
8137,-1,-1,8137,-1,-1,-1,7365,7956,-1,0,0,0,0,8137,0,-1,0
8138,-1,-1,8138,-1,5608,5426,7366,7957,-1,0,0,0,0,8138,0,-1,0
8139,-1,-1,8139,4757,5609,5427,7367,7958,3016,0,0,0,0,8139,0,-1,0
8140,-1,-1,8140,-1,5610,-1,7368,7959,-1,0,0,0,0,8140,0,-1,0
8141,-1,-1,8141,-1,5610,-1,7369,7960,3017,0,0,0,0,8141,0,-1,0
8142,-1,-1,8142,4758,5610,-1,7370,7961,3017,0,0,0,0,8142,0,-1,0
8143,-1,-1,8143,4759,5611,5428,7371,7962,3018,0,0,0,0,8143,0,-1,0
8144,-1,-1,8144,-1,5612,5429,7372,7963,3019,0,0,0,0,8144,0,-1,0
8145,-1,-1,8145,-1,5613,5430,7373,7964,3019,0,0,0,0,8145,0,-1,0
8146,-1,-1,8146,4760,5614,5431,7374,7965,-1,0,0,0,0,8146,0,-1,0
8147,-1,-1,8147,-1,5615,5432,7375,7966,-1,0,0,0,0,8147,0,-1,0
8148,-1,-1,8148,4761,5616,5433,7376,7967,3019,0,0,0,0,8148,0,-1,0
8149,-1,-1,8149,-1,5617,5434,7376,7968,-1,0,0,0,0,8149,0,-1,0
8150,-1,-1,8150,-1,5617,5435,7376,7969,3019,0,0,0,0,8150,0,-1,0
8151,-1,-1,8151,4762,5618,5436,7377,7970,3019,0,0,0,0,8151,0,-1,0
8152,-1,-1,8152,4763,5619,5437,7378,7971,3019,0,0,0,0,8152,0,-1,0
8153,-1,-1,8153,4764,5620,5438,7379,7972,3019,0,0,0,0,8153,0,-1,0
8154,-1,-1,8154,-1,-1,-1,7380,7973,-1,0,0,0,0,8154,0,-1,0
8155,-1,-1,8155,4765,5621,5439,7381,7974,3020,0,0,0,0,8155,0,-1,0
8156,-1,-1,8156,4766,-1,-1,7382,7975,-1,0,0,0,0,8156,0,-1,0
8157,-1,-1,8157,-1,-1,-1,7383,7976,-1,0,0,0,0,8157,0,-1,0
8158,-1,-1,8158,4767,5621,5440,7384,7977,3021,0,0,0,0,8158,0,-1,0
8159,-1,-1,8159,-1,-1,-1,7385,7978,-1,0,0,0,0,8159,0,-1,0
8160,-1,-1,8160,-1,5622,5441,7386,7979,3021,0,0,0,0,8160,0,-1,0
8161,-1,-1,8161,4767,5623,5442,7387,7980,3021,0,0,0,0,8161,0,-1,0
8162,-1,-1,8162,-1,5624,5443,7388,7981,-1,0,0,0,0,8162,0,-1,0
8163,-1,-1,8163,4768,5624,5444,7389,7982,-1,0,0,0,0,8163,0,-1,0
8164,-1,-1,8164,4769,5625,5445,7390,7983,3021,0,0,0,0,8164,0,-1,0
8165,-1,-1,8165,4769,5626,5445,7391,7984,3021,0,0,0,0,8165,0,-1,0
8166,-1,-1,8166,4770,5627,5445,7392,7985,-1,0,0,0,0,8166,0,-1,0
8167,-1,-1,8167,4771,5627,5446,7393,7986,3021,0,0,0,0,8167,0,-1,0
8168,-1,-1,8168,-1,5628,5447,7394,7987,3021,0,0,0,0,8168,0,-1,0
8169,-1,-1,8169,4772,5629,5448,7395,7988,3021,0,0,0,0,8169,0,-1,0
8170,-1,-1,8170,4773,5630,5449,7395,7989,-1,0,0,0,0,8170,0,-1,0
8171,-1,-1,8171,4773,5631,5450,7396,7990,-1,0,0,0,0,8171,0,-1,0
8172,-1,-1,8172,4774,5632,5451,7397,7991,-1,0,0,0,0,8172,0,-1,0
8173,-1,-1,8173,4775,5632,5452,7398,7992,3021,0,0,0,0,8173,0,-1,0
8174,-1,-1,8174,4776,-1,-1,7399,7993,3021,0,0,0,0,8174,0,-1,0
8175,-1,54,8175,-1,-1,-1,7400,7994,-1,0,0,0,0,8175,0,-1,0
8176,-1,-1,8176,4777,5633,-1,7401,7995,-1,0,0,0,0,8176,0,-1,0
8177,-1,-1,8177,4778,5634,-1,7402,7996,-1,0,0,0,0,8177,0,-1,0
8178,-1,-1,8178,4779,5635,5453,7403,7997,-1,0,0,0,0,8178,0,-1,0
8179,-1,-1,8179,-1,5636,-1,7404,7998,3021,0,0,0,0,8179,0,-1,0
8180,-1,-1,8180,-1,5637,5454,7405,7999,3022,0,0,0,0,8180,0,-1,0
8181,-1,-1,8181,4780,5638,5455,7406,8000,3023,0,0,0,0,8181,0,-1,0
8182,-1,-1,8182,-1,5639,5456,7407,8001,-1,0,0,0,0,8182,0,-1,0
8183,-1,-1,8183,4781,5640,5457,7408,8002,3023,0,0,0,0,8183,0,-1,0
8184,-1,-1,8184,4782,5640,5458,7409,8003,3023,0,0,0,0,8184,0,-1,0
8185,-1,-1,8185,4783,5641,5459,7409,8004,3023,0,0,0,0,8185,0,-1,0
8186,-1,-1,8186,-1,-1,-1,-1,8005,-1,0,0,0,0,8186,0,-1,0
8187,-1,-1,8187,4784,5642,5459,7410,8006,3024,0,0,0,0,8187,0,-1,0
8188,-1,-1,8188,-1,5643,5460,7411,8007,3025,0,0,0,0,8188,0,-1,0
8189,-1,-1,8189,4785,5644,5461,7412,8008,3025,0,0,0,0,8189,0,-1,0
8190,-1,-1,8190,4786,5645,5462,-1,8009,-1,0,0,0,0,8190,0,-1,0
8191,-1,-1,8191,4787,5646,5463,7413,8010,-1,0,0,0,0,8191,0,-1,0
8192,-1,-1,8192,4788,5647,5464,7414,8011,3026,0,0,0,0,8192,0,-1,0
8193,-1,-1,8193,4788,5648,5465,7415,8012,3027,0,0,0,0,8193,0,-1,0
8194,-1,-1,8194,4789,5649,5466,7416,8013,3028,0,0,0,0,8194,0,-1,0
8195,-1,-1,8195,4790,5650,5467,7417,8014,3028,0,0,0,0,8195,0,-1,0
8196,-1,-1,8196,4791,5651,5468,7418,8015,3029,0,0,0,0,8196,0,-1,0
8197,-1,-1,8197,4792,-1,-1,7419,8016,3030,0,0,0,0,8197,0,-1,0
8198,-1,-1,8198,-1,5652,5469,7420,8017,-1,0,0,0,0,8198,0,-1,0
8199,-1,-1,8199,4793,5652,5470,7421,8018,3031,0,0,0,0,8199,0,-1,0
8200,-1,-1,8200,4794,5653,-1,7422,8019,3032,0,0,0,0,8200,0,-1,0
8201,-1,-1,8201,4795,5654,5471,7423,8020,3033,0,0,0,0,8201,0,-1,0
8202,-1,-1,8202,-1,-1,-1,7424,8021,3033,0,0,0,0,8202,0,-1,0
8203,-1,-1,8203,-1,-1,5472,7425,8022,3033,0,0,0,0,8203,0,-1,0
8204,-1,-1,8204,4796,5655,5472,7426,8023,3033,0,0,0,0,8204,0,-1,0
8205,-1,-1,8205,4797,5656,5473,7427,8024,3034,0,0,0,0,8205,0,-1,0
8206,-1,-1,8206,4798,5657,-1,7428,8025,3035,0,0,0,0,8206,0,-1,0
8207,-1,-1,8207,-1,5657,5474,7429,8026,-1,0,0,0,0,8207,0,-1,0
8208,-1,-1,8208,-1,-1,-1,7430,8027,3035,0,0,0,0,8208,0,-1,0
8209,-1,-1,8209,4799,5658,5475,7431,8028,3036,0,0,0,0,8209,0,-1,0
8210,-1,-1,8210,4799,5659,5476,7432,8029,3037,0,0,0,0,8210,0,-1,0
8211,-1,-1,8211,4800,5660,5476,7433,8030,-1,0,0,0,0,8211,0,-1,0
8212,-1,-1,8212,4801,5661,5477,7434,8031,3038,0,0,0,0,8212,0,-1,0
8213,-1,-1,8213,-1,5662,-1,7434,8032,3039,0,0,0,0,8213,0,-1,0
8214,-1,-1,8214,-1,-1,-1,7435,8033,3040,0,0,0,0,8214,0,-1,0
8215,-1,-1,8215,4802,5663,5478,7435,8033,3040,0,0,0,0,8215,0,-1,0
8216,-1,-1,8216,-1,5664,5479,7436,8034,-1,0,0,0,0,8216,0,-1,0
8217,-1,-1,8217,-1,-1,-1,7437,8035,3040,0,0,0,0,8217,0,-1,0
8218,-1,-1,8218,-1,-1,-1,7438,8036,-1,0,0,0,0,8218,0,-1,0
8219,-1,-1,8219,-1,-1,-1,7439,8037,-1,0,0,0,0,8219,0,-1,0
8220,-1,-1,8220,4803,-1,5480,7440,8038,3041,0,0,0,0,8220,0,-1,0
8221,-1,-1,8221,4804,-1,5481,7441,8039,3042,0,0,0,0,8221,0,-1,0
8222,-1,-1,8222,4805,5665,5482,7442,8040,3043,0,0,0,0,8222,0,-1,0
8223,-1,-1,8223,-1,-1,-1,7443,8041,3044,0,0,0,0,8223,0,-1,0
8224,-1,-1,8224,-1,5666,-1,7444,8042,-1,0,0,0,0,8224,0,-1,0
8225,-1,-1,8225,4806,5667,5483,7445,8043,-1,0,0,0,0,8225,0,-1,0
8226,-1,-1,8226,4807,5668,5484,7446,8044,3045,0,0,0,0,8226,0,-1,0
8227,-1,-1,8227,4808,-1,-1,7447,8045,-1,0,0,0,0,8227,0,-1,0
8228,-1,-1,8228,4809,5669,5485,7448,8046,3045,0,0,0,0,8228,0,-1,0
8229,-1,-1,8229,4810,5670,5486,7449,8047,3045,0,0,0,0,8229,0,-1,0
8230,-1,-1,8230,4811,5671,-1,7450,8048,-1,0,0,0,0,8230,0,-1,0
8231,-1,-1,8231,-1,5672,5487,7451,8049,-1,0,0,0,0,8231,0,-1,0
8232,-1,-1,8232,4812,5673,5488,7452,8050,3045,0,0,0,0,8232,0,-1,0
8233,-1,-1,8233,-1,5673,5489,7453,8051,-1,0,0,0,0,8233,0,-1,0
8234,-1,-1,8234,4813,5674,5490,7454,8052,3045,0,0,0,0,8234,0,-1,0
8235,-1,-1,8235,-1,5675,5491,7455,8053,3046,0,0,0,0,8235,0,-1,0
8236,-1,-1,8236,-1,5676,-1,7456,8054,3047,0,0,0,0,8236,0,-1,0
8237,-1,-1,8237,4814,5677,5492,7457,8055,3048,0,0,0,0,8237,0,-1,0
8238,-1,-1,8238,4815,5678,5493,7458,8056,3049,0,0,0,0,8238,0,-1,0
8239,-1,-1,8239,4815,5679,5494,7459,8057,3050,0,0,0,0,8239,0,-1,0
8240,-1,-1,8240,4816,5680,5495,7460,8058,3051,0,0,0,0,8240,0,-1,0
8241,-1,-1,8241,4817,5681,5496,7461,8059,3052,0,0,0,0,8241,0,-1,0
8242,-1,-1,8242,4818,5682,5497,7462,8060,3053,0,0,0,0,8242,0,-1,0
8243,-1,-1,8243,-1,5683,5498,7463,8061,3054,0,0,0,0,8243,0,-1,0
8244,-1,-1,8244,4819,5683,5499,7464,8062,-1,0,0,0,0,8244,0,-1,0
8245,-1,-1,8245,-1,5684,5500,7465,8063,-1,0,0,0,0,8245,0,-1,0
8246,-1,-1,8246,4820,5685,5501,7466,8064,3054,0,0,0,0,8246,0,-1,0
8247,-1,-1,8247,4821,5686,5502,7467,8065,3055,0,0,0,0,8247,0,-1,0
8248,-1,-1,8248,-1,5687,5503,7467,8066,3055,0,0,0,0,8248,0,-1,0
8249,-1,-1,8249,-1,5688,-1,7468,8067,3055,0,0,0,0,8249,0,-1,0
8250,-1,-1,8250,4822,5689,-1,7469,8068,3055,0,0,0,0,8250,0,-1,0
8251,-1,-1,8251,4823,5690,5504,7470,8069,3056,0,0,0,0,8251,0,-1,0
8252,-1,-1,8252,4824,5690,5505,7471,8070,-1,0,0,0,0,8252,0,-1,0
8253,-1,-1,8253,-1,5690,-1,7472,8071,-1,0,0,0,0,8253,0,-1,0
8254,-1,-1,8254,4825,-1,5505,7473,8072,-1,0,0,0,0,8254,0,-1,0
8255,-1,-1,8255,4826,5691,5506,7474,8073,3057,0,0,0,0,8255,0,-1,0
8256,-1,-1,8256,4827,5692,5507,7475,8074,-1,0,0,0,0,8256,0,-1,0
8257,-1,-1,8257,4828,5693,5508,7476,8075,3058,0,0,0,0,8257,0,-1,0
8258,-1,-1,8258,4829,-1,5509,7477,8076,3059,0,0,0,0,8258,0,-1,0
8259,-1,-1,8259,-1,-1,-1,7478,8077,3059,0,0,0,0,8259,0,-1,0
8260,-1,-1,8260,-1,5694,-1,7479,8078,3060,0,0,0,0,8260,0,-1,0
8261,-1,-1,8261,4829,5694,5510,7480,8079,-1,0,0,0,0,8261,0,-1,0
8262,-1,-1,8262,-1,-1,-1,7481,8080,3061,0,0,0,0,8262,0,-1,0
8263,-1,-1,8263,4829,5695,5511,7482,8081,3061,0,0,0,0,8263,0,-1,0
8264,-1,-1,8264,4829,5695,5512,7483,8082,3061,0,0,0,0,8264,0,-1,0
8265,-1,-1,8265,-1,-1,-1,7484,8083,-1,0,0,0,0,8265,0,-1,0
8266,-1,-1,8266,4829,5696,5512,7485,8084,3061,0,0,0,0,8266,0,-1,0
8267,-1,-1,8267,4830,5696,-1,7486,8085,-1,0,0,0,0,8267,0,-1,0
8268,-1,-1,8268,4831,5696,-1,7487,8086,-1,0,0,0,0,8268,0,-1,0
8269,-1,-1,8269,-1,-1,-1,7488,8087,-1,0,0,0,0,8269,0,-1,0
8270,-1,-1,8270,4832,5697,5513,7489,8088,-1,0,0,0,0,8270,0,-1,0
8271,-1,-1,8271,-1,-1,-1,7490,8089,-1,0,0,0,0,8271,0,-1,0
8272,-1,-1,8272,-1,5698,5514,7491,8090,-1,0,0,0,0,8272,0,-1,0
8273,-1,-1,8273,4833,5699,5515,7492,8091,-1,0,0,0,0,8273,0,-1,0
8274,-1,-1,8274,4834,5700,5516,7493,8092,3061,0,0,0,0,8274,0,-1,0
8275,-1,-1,8275,-1,5701,5517,7494,8093,3061,0,0,0,0,8275,0,-1,0
8276,-1,-1,8276,-1,5702,5518,7495,8094,3061,0,0,0,0,8276,0,-1,0
8277,-1,-1,8277,4835,5703,5519,7496,8095,3061,0,0,0,0,8277,0,-1,0
8278,-1,-1,8278,4836,5704,5520,7497,8096,3061,0,0,0,0,8278,0,-1,0
8279,-1,-1,8279,4836,5705,-1,7498,8097,-1,0,0,0,0,8279,0,-1,0
8280,-1,-1,8280,-1,-1,-1,7499,8098,-1,0,0,0,0,8280,0,-1,0
8281,-1,-1,8281,4837,5705,5521,7500,8099,3062,0,0,0,0,8281,0,-1,0
8282,-1,-1,8282,4838,-1,-1,7501,8100,3063,0,0,0,0,8282,0,-1,0
8283,-1,-1,8283,4839,5705,5522,7502,8101,3064,0,0,0,0,8283,0,-1,0
8284,-1,-1,8284,4840,5706,5523,7503,8102,3064,0,0,0,0,8284,0,-1,0
8285,-1,-1,8285,4841,5706,-1,7504,8103,3064,0,0,0,0,8285,0,-1,0
8286,-1,-1,8286,-1,-1,-1,7505,8104,-1,0,0,0,0,8286,0,-1,0
8287,-1,-1,8287,4841,5707,5524,7506,8105,-1,0,0,0,0,8287,0,-1,0
8288,-1,-1,8288,-1,5707,5525,-1,8106,3065,0,0,0,0,8288,0,-1,0
8289,-1,-1,8289,4842,5708,5526,7507,8107,3066,0,0,0,0,8289,0,-1,0
8290,-1,-1,8290,-1,5709,5527,7508,8108,3066,0,0,0,0,8290,0,-1,0
8291,-1,-1,8291,4843,5710,5528,7509,8109,3066,0,0,0,0,8291,0,-1,0
8292,-1,-1,8292,4844,5711,5529,7510,8110,3066,0,0,0,0,8292,0,-1,0
8293,-1,-1,8293,4845,5712,5530,7511,8111,3066,0,0,0,0,8293,0,-1,0
8294,-1,-1,8294,4846,5713,5531,-1,8112,-1,0,0,0,0,8294,0,-1,0
8295,-1,-1,8295,4846,5714,5532,7512,8113,3066,0,0,0,0,8295,0,-1,0
8296,-1,-1,8296,4847,5715,5533,7513,8114,3066,0,0,0,0,8296,0,-1,0
8297,-1,-1,8297,4848,5716,5534,7514,8115,3066,0,0,0,0,8297,0,-1,0
8298,-1,-1,8298,-1,5717,5535,7515,8116,3067,0,0,0,0,8298,0,-1,0
8299,-1,-1,8299,4849,5718,5536,7516,8117,-1,0,0,0,0,8299,0,-1,0
8300,-1,-1,8300,4850,5719,5537,7517,8118,3068,0,0,0,0,8300,0,-1,0
8301,-1,-1,8301,-1,5720,5538,7518,8119,-1,0,0,0,0,8301,0,-1,0
8302,-1,-1,8302,4851,-1,5539,7519,8120,3068,0,0,0,0,8302,0,-1,0
8303,-1,-1,8303,4852,5721,5540,7520,8121,3068,0,0,0,0,8303,0,-1,0
8304,-1,-1,8304,4853,5722,5541,7521,8122,3068,0,0,0,0,8304,0,-1,0
8305,-1,-1,8305,-1,-1,-1,7522,8123,3068,0,0,0,0,8305,0,-1,0
8306,-1,-1,8306,-1,-1,5542,7523,8124,3068,0,0,0,0,8306,0,-1,0
8307,-1,-1,8307,-1,5723,5542,7524,8125,-1,0,0,0,0,8307,0,-1,0
8308,-1,-1,8308,4854,5724,-1,7525,8126,3068,0,0,0,0,8308,0,-1,0
8309,-1,-1,8309,4855,5725,5543,7526,8127,-1,0,0,0,0,8309,0,-1,0
8310,-1,-1,8310,-1,-1,-1,7527,8128,-1,0,0,0,0,8310,0,-1,0
8311,-1,-1,8311,-1,-1,-1,7528,8129,3069,0,0,0,0,8311,0,-1,0
8312,-1,-1,8312,4856,5726,5544,7529,8130,3069,0,0,0,0,8312,0,-1,0
8313,-1,-1,8313,4857,-1,-1,7530,8131,3070,0,0,0,0,8313,0,-1,0
8314,-1,-1,8314,4858,5727,5545,7531,8132,-1,0,0,0,0,8314,0,-1,0
8315,-1,-1,8315,-1,-1,-1,7532,8133,-1,0,0,0,0,8315,0,-1,0
8316,-1,-1,8316,4859,5728,5546,7533,8134,3071,0,0,0,0,8316,0,-1,0
8317,-1,-1,8317,-1,5729,5547,7534,8135,3072,0,0,0,0,8317,0,-1,0
8318,-1,-1,8318,4860,5730,5548,7535,8136,-1,0,0,0,0,8318,0,-1,0
8319,-1,-1,8319,-1,-1,-1,7536,8137,3072,0,0,0,0,8319,0,-1,0
8320,-1,-1,8320,4861,5731,5549,7537,8138,3072,0,0,0,0,8320,0,-1,0
8321,-1,-1,8321,4862,-1,-1,7538,8139,-1,0,0,0,0,8321,0,-1,0
8322,-1,-1,8322,4863,5732,5549,7539,8140,3073,0,0,0,0,8322,0,-1,0
8323,-1,-1,8323,-1,5733,5550,7540,8141,3074,0,0,0,0,8323,0,-1,0
8324,-1,55,8324,-1,-1,-1,7541,8142,3075,0,0,0,0,8324,0,-1,0
8325,-1,-1,8325,4864,5734,5551,7542,8143,-1,0,0,0,0,8325,0,-1,0
8326,-1,-1,8326,4865,5735,-1,7543,8144,-1,0,0,0,0,8326,0,-1,0
8327,-1,-1,8327,4866,5736,5552,7544,8145,3075,0,0,0,0,8327,0,-1,0
8328,-1,-1,8328,4867,5736,5553,7545,8146,3075,0,0,0,0,8328,0,-1,0
8329,-1,-1,8329,4868,5737,5554,7546,8147,3075,0,0,0,0,8329,0,-1,0
8330,-1,-1,8330,4869,5738,5555,7547,8148,3075,0,0,0,0,8330,0,-1,0
8331,-1,-1,8331,4870,5739,5556,7548,8149,3075,0,0,0,0,8331,0,-1,0
8332,-1,-1,8332,-1,-1,-1,7549,8150,3075,0,0,0,0,8332,0,-1,0
8333,-1,-1,8333,4871,5740,5557,7550,8151,3076,0,0,0,0,8333,0,-1,0
8334,-1,-1,8334,4872,5741,5558,7551,8152,3077,0,0,0,0,8334,0,-1,0
8335,-1,-1,8335,-1,-1,5559,7552,8153,-1,0,0,0,0,8335,0,-1,0
8336,-1,-1,8336,-1,-1,-1,7553,8154,-1,0,0,0,0,8336,0,-1,0
8337,-1,-1,8337,-1,5742,5560,7554,8155,-1,0,0,0,0,8337,0,-1,0
8338,-1,-1,8338,-1,5743,5561,7555,8156,3077,0,0,0,0,8338,0,-1,0
8339,-1,-1,8339,4873,5744,5562,7556,8157,3078,0,0,0,0,8339,0,-1,0
8340,-1,-1,8340,4874,5745,5563,7556,8158,3079,0,0,0,0,8340,0,-1,0
8341,-1,-1,8341,4875,5746,5564,7557,8159,-1,0,0,0,0,8341,0,-1,0
8342,-1,-1,8342,-1,-1,-1,7558,8160,-1,0,0,0,0,8342,0,-1,0
8343,-1,-1,8343,4876,5747,5565,7559,8161,3079,0,0,0,0,8343,0,-1,0
8344,-1,-1,8344,4876,5748,5566,7560,8162,-1,0,0,0,0,8344,0,-1,0
8345,-1,-1,8345,-1,-1,-1,7561,8163,3079,0,0,0,0,8345,0,-1,0
8346,-1,-1,8346,4877,5749,-1,7562,8164,-1,0,0,0,0,8346,0,-1,0
8347,-1,-1,8347,4878,5750,5567,7563,8165,3080,0,0,0,0,8347,0,-1,0
8348,-1,-1,8348,-1,5751,5568,7564,8166,3080,0,0,0,0,8348,0,-1,0
8349,-1,-1,8349,4879,5752,5569,7565,8167,-1,0,0,0,0,8349,0,-1,0
8350,-1,-1,8350,-1,5753,5570,7566,8168,-1,0,0,0,0,8350,0,-1,0
8351,-1,-1,8351,-1,5754,5571,7567,8169,3081,0,0,0,0,8351,0,-1,0
8352,-1,-1,8352,4880,5755,5572,7568,8170,-1,0,0,0,0,8352,0,-1,0
8353,-1,-1,8353,4881,5756,5572,7569,8171,3081,0,0,0,0,8353,0,-1,0
8354,-1,-1,8354,4882,5757,5573,7570,8172,3081,0,0,0,0,8354,0,-1,0
8355,-1,-1,8355,4883,5758,-1,7571,8173,-1,0,0,0,0,8355,0,-1,0
8356,-1,-1,8356,4884,5759,5574,7572,8174,3081,0,0,0,0,8356,0,-1,0
8357,-1,-1,8357,-1,5760,-1,7573,8175,3081,0,0,0,0,8357,0,-1,0
8358,-1,-1,8358,4885,-1,5575,7574,8176,3081,0,0,0,0,8358,0,-1,0
8359,-1,-1,8359,4886,5760,5576,7575,8177,-1,0,0,0,0,8359,0,-1,0
8360,-1,-1,8360,4887,5761,5576,7576,8178,-1,0,0,0,0,8360,0,-1,0
8361,-1,-1,8361,4888,-1,-1,7577,8179,-1,0,0,0,0,8361,0,-1,0
8362,-1,-1,8362,4889,5762,5577,7578,8180,3081,0,0,0,0,8362,0,-1,0
8363,-1,-1,8363,4890,5762,5578,7579,8181,3081,0,0,0,0,8363,0,-1,0
8364,-1,-1,8364,-1,5763,5579,7580,8182,-1,0,0,0,0,8364,0,-1,0
8365,-1,-1,8365,-1,5764,-1,7581,8183,3082,0,0,0,0,8365,0,-1,0
8366,-1,-1,8366,-1,5764,5580,7582,8184,3083,0,0,0,0,8366,0,-1,0
8367,-1,-1,8367,4891,5764,5581,7583,8185,3083,0,0,0,0,8367,0,-1,0
8368,-1,-1,8368,-1,5765,5582,7584,8186,3083,0,0,0,0,8368,0,-1,0
8369,-1,-1,8369,-1,-1,-1,7585,8187,-1,0,0,0,0,8369,0,-1,0
8370,-1,-1,8370,4892,5766,5583,7586,8188,3084,0,0,0,0,8370,0,-1,0
8371,-1,-1,8371,4892,5767,5584,7587,8189,3085,0,0,0,0,8371,0,-1,0
8372,-1,-1,8372,4893,5768,5585,7588,8190,-1,0,0,0,0,8372,0,-1,0
8373,-1,-1,8373,4894,-1,-1,7589,8191,3086,0,0,0,0,8373,0,-1,0
8374,-1,-1,8374,4895,5769,5586,7590,8192,3087,0,0,0,0,8374,0,-1,0
8375,-1,-1,8375,4896,5770,5587,7591,8193,3088,0,0,0,0,8375,0,-1,0
8376,-1,-1,8376,4897,5771,5588,7592,8194,3089,0,0,0,0,8376,0,-1,0
8377,-1,-1,8377,4898,5772,5589,7593,8195,3090,0,0,0,0,8377,0,-1,0
8378,-1,-1,8378,-1,5773,5590,7594,8196,3091,0,0,0,0,8378,0,-1,0
8379,-1,-1,8379,-1,-1,-1,7594,8197,3092,0,0,0,0,8379,0,-1,0
8380,-1,-1,8380,-1,5774,5590,7594,8198,3093,0,0,0,0,8380,0,-1,0
8381,-1,-1,8381,4899,5775,5591,7595,8199,3094,0,0,0,0,8381,0,-1,0
8382,-1,-1,8382,4900,-1,-1,7596,8200,-1,0,0,0,0,8382,0,-1,0
8383,-1,-1,8383,4901,-1,5592,7596,8201,3095,0,0,0,0,8383,0,-1,0
8384,-1,-1,8384,-1,-1,-1,7597,8202,-1,0,0,0,0,8384,0,-1,0
8385,-1,-1,8385,4902,5776,5593,7598,8203,-1,0,0,0,0,8385,0,-1,0
8386,-1,-1,8386,-1,-1,-1,7599,8204,3096,0,0,0,0,8386,0,-1,0
8387,-1,-1,8387,4903,5777,5594,7599,8205,3097,0,0,0,0,8387,0,-1,0
8388,-1,-1,8388,4904,5778,5594,7600,8206,3098,0,0,0,0,8388,0,-1,0
8389,-1,-1,8389,4905,5778,5595,7601,8207,3098,0,0,0,0,8389,0,-1,0
8390,-1,-1,8390,4906,5779,-1,7602,8208,-1,0,0,0,0,8390,0,-1,0
8391,-1,-1,8391,-1,5780,-1,7603,8209,3099,0,0,0,0,8391,0,-1,0
8392,-1,-1,8392,-1,5781,5596,7604,8210,-1,0,0,0,0,8392,0,-1,0
8393,-1,-1,8393,4907,5782,5597,7605,8211,3100,0,0,0,0,8393,0,-1,0
8394,-1,-1,8394,-1,5783,5598,7606,8212,3100,0,0,0,0,8394,0,-1,0
8395,-1,-1,8395,-1,5784,5599,7607,8213,3100,0,0,0,0,8395,0,-1,0
8396,-1,-1,8396,-1,5784,5600,7608,8214,-1,0,0,0,0,8396,0,-1,0
8397,-1,56,8397,-1,-1,-1,7609,8215,-1,0,0,0,0,8397,0,-1,0
8398,-1,-1,8398,-1,5785,-1,7610,8216,3100,0,0,0,0,8398,0,-1,0
8399,-1,-1,8399,4908,5786,-1,7611,8217,3100,0,0,0,0,8399,0,-1,0
8400,-1,-1,8400,-1,5787,5601,7612,8218,-1,0,0,0,0,8400,0,-1,0
8401,-1,-1,8401,4909,5788,-1,7613,8219,-1,0,0,0,0,8401,0,-1,0
8402,-1,-1,8402,-1,-1,-1,7614,8220,3100,0,0,0,0,8402,0,-1,0
8403,-1,-1,8403,-1,-1,-1,7614,8221,-1,0,0,0,0,8403,0,-1,0
8404,-1,-1,8404,-1,5789,5601,7614,8221,-1,0,0,0,0,8404,0,-1,0
8405,-1,-1,8405,4910,5790,-1,7615,8222,3100,0,0,0,0,8405,0,-1,0
8406,-1,-1,8406,4911,5791,-1,7616,8223,-1,0,0,0,0,8406,0,-1,0
8407,-1,-1,8407,-1,5792,5602,7617,8224,3100,0,0,0,0,8407,0,-1,0
8408,-1,-1,8408,4912,5793,5603,7617,8225,3101,0,0,0,0,8408,0,-1,0
8409,-1,-1,8409,4912,5794,-1,7618,8226,3102,0,0,0,0,8409,0,-1,0
8410,-1,-1,8410,-1,5795,-1,7619,8227,3102,0,0,0,0,8410,0,-1,0
8411,-1,-1,8411,4913,5796,5604,7620,8228,3103,0,0,0,0,8411,0,-1,0
8412,-1,-1,8412,4913,5797,5605,7621,8229,3104,0,0,0,0,8412,0,-1,0
8413,-1,-1,8413,4914,5798,5606,7622,8230,3105,0,0,0,0,8413,0,-1,0
8414,-1,-1,8414,4915,5799,5607,7622,8231,3106,0,0,0,0,8414,0,-1,0
8415,-1,-1,8415,4915,5799,5608,7622,8232,3107,0,0,0,0,8415,0,-1,0
8416,-1,-1,8416,4916,5800,5609,7623,8233,3107,0,0,0,0,8416,0,-1,0
8417,-1,-1,8417,4917,5800,5610,7624,8234,3107,0,0,0,0,8417,0,-1,0
8418,-1,-1,8418,4918,5801,5611,7625,8235,3107,0,0,0,0,8418,0,-1,0
8419,-1,-1,8419,-1,5802,5612,7626,8236,3108,0,0,0,0,8419,0,-1,0
8420,-1,-1,8420,-1,-1,-1,7627,8237,-1,0,0,0,0,8420,0,-1,0
8421,-1,-1,8421,-1,5803,5612,7627,8238,3109,0,0,0,0,8421,0,-1,0
8422,-1,-1,8422,4919,5803,5613,7628,8239,-1,0,0,0,0,8422,0,-1,0
8423,-1,-1,8423,4920,5803,5614,7629,8240,-1,0,0,0,0,8423,0,-1,0
8424,-1,-1,8424,4921,-1,-1,7630,8241,-1,0,0,0,0,8424,0,-1,0
8425,-1,-1,8425,4921,5804,5615,7631,8242,3110,0,0,0,0,8425,0,-1,0
8426,-1,-1,8426,-1,-1,-1,7632,8243,-1,0,0,0,0,8426,0,-1,0
8427,-1,-1,8427,-1,-1,-1,7633,8244,3111,0,0,0,0,8427,0,-1,0
8428,-1,-1,8428,4922,-1,-1,7634,8245,-1,0,0,0,0,8428,0,-1,0
8429,-1,-1,8429,-1,-1,-1,7635,8246,3111,0,0,0,0,8429,0,-1,0
8430,-1,-1,8430,4923,-1,5616,7636,8247,-1,0,0,0,0,8430,0,-1,0
8431,-1,-1,8431,4924,5805,5617,7637,8248,3112,0,0,0,0,8431,0,-1,0
8432,-1,-1,8432,4925,5806,-1,7638,8249,3113,0,0,0,0,8432,0,-1,0
8433,-1,-1,8433,-1,-1,-1,7639,8250,-1,0,0,0,0,8433,0,-1,0
8434,-1,-1,8434,4926,5807,5618,7639,8251,3113,0,0,0,0,8434,0,-1,0
8435,-1,-1,8435,4927,5808,5619,7640,8252,3113,0,0,0,0,8435,0,-1,0
8436,-1,-1,8436,4928,5809,5620,7641,8253,3113,0,0,0,0,8436,0,-1,0
8437,-1,-1,8437,-1,-1,5621,7642,8254,-1,0,0,0,0,8437,0,-1,0
8438,-1,-1,8438,4929,5809,5622,7643,8255,3113,0,0,0,0,8438,0,-1,0
8439,-1,-1,8439,4929,5809,5623,7644,8256,3114,0,0,0,0,8439,0,-1,0
8440,-1,-1,8440,4930,5810,5624,7645,8257,3115,0,0,0,0,8440,0,-1,0
8441,-1,-1,8441,4931,5811,5625,7645,8258,-1,0,0,0,0,8441,0,-1,0
8442,-1,-1,8442,4932,5812,5626,7646,8259,3116,0,0,0,0,8442,0,-1,0
8443,-1,-1,8443,4933,5813,5627,7647,8260,3117,0,0,0,0,8443,0,-1,0
8444,-1,-1,8444,-1,5814,5628,7648,8261,3117,0,0,0,0,8444,0,-1,0
8445,-1,-1,8445,-1,-1,-1,7649,8262,3118,0,0,0,0,8445,0,-1,0
8446,-1,-1,8446,-1,-1,5628,7650,8263,3119,0,0,0,0,8446,0,-1,0
8447,-1,-1,8447,-1,5815,5629,7651,8264,3119,0,0,0,0,8447,0,-1,0
8448,-1,-1,8448,-1,-1,-1,-1,8265,-1,0,0,0,0,8448,0,-1,0
8449,-1,-1,8449,4934,5816,5630,7652,8266,3119,0,0,0,0,8449,0,-1,0
8450,-1,-1,8450,-1,5817,5631,7652,8267,3120,0,0,0,0,8450,0,-1,0
8451,-1,-1,8451,4935,5818,5632,7653,8268,-1,0,0,0,0,8451,0,-1,0
8452,-1,-1,8452,-1,5819,5633,7654,8269,-1,0,0,0,0,8452,0,-1,0
8453,-1,-1,8453,-1,-1,-1,7655,8270,-1,0,0,0,0,8453,0,-1,0
8454,-1,-1,8454,-1,5820,-1,7656,8271,3121,0,0,0,0,8454,0,-1,0
8455,-1,-1,8455,4936,5821,5634,7657,8272,3121,0,0,0,0,8455,0,-1,0
8456,-1,-1,8456,-1,-1,-1,7658,8273,3121,0,0,0,0,8456,0,-1,0
8457,-1,-1,8457,-1,5822,5635,7659,8274,3122,0,0,0,0,8457,0,-1,0
8458,-1,-1,8458,4936,5823,5636,7660,8275,3123,0,0,0,0,8458,0,-1,0
8459,-1,-1,8459,4937,5824,5637,7661,8276,3123,0,0,0,0,8459,0,-1,0
8460,-1,-1,8460,4938,5825,-1,7662,8277,-1,0,0,0,0,8460,0,-1,0
8461,-1,-1,8461,4939,5826,5638,7663,8278,3123,0,0,0,0,8461,0,-1,0
8462,-1,-1,8462,-1,-1,-1,7664,8279,-1,0,0,0,0,8462,0,-1,0
8463,-1,-1,8463,4940,5826,5638,7665,8280,3124,0,0,0,0,8463,0,-1,0
8464,-1,-1,8464,4941,5827,5639,7666,8281,3125,0,0,0,0,8464,0,-1,0
8465,-1,-1,8465,4942,5828,5640,7667,8282,3126,0,0,0,0,8465,0,-1,0
8466,-1,-1,8466,4943,5829,5641,7668,8283,-1,0,0,0,0,8466,0,-1,0
8467,-1,-1,8467,4944,-1,5642,7669,8284,-1,0,0,0,0,8467,0,-1,0
8468,-1,-1,8468,4945,5830,5643,7670,8285,3126,0,0,0,0,8468,0,-1,0
8469,-1,-1,8469,-1,-1,-1,7671,8286,3127,0,0,0,0,8469,0,-1,0
8470,-1,-1,8470,4946,5831,5644,7672,8287,3127,0,0,0,0,8470,0,-1,0
8471,-1,-1,8471,4947,5832,5645,7673,8288,-1,0,0,0,0,8471,0,-1,0
8472,-1,-1,8472,4948,5833,5646,7674,8289,3128,0,0,0,0,8472,0,-1,0
8473,-1,-1,8473,4949,5834,5647,7675,8290,3129,0,0,0,0,8473,0,-1,0
8474,-1,-1,8474,-1,5835,5648,7676,8291,-1,0,0,0,0,8474,0,-1,0
8475,-1,-1,8475,4950,5836,5649,7677,8292,-1,0,0,0,0,8475,0,-1,0
8476,-1,-1,8476,4951,5836,5650,7677,8293,3130,0,0,0,0,8476,0,-1,0
8477,-1,-1,8477,4952,5836,5651,7677,8294,3131,0,0,0,0,8477,0,-1,0
8478,-1,-1,8478,4953,5837,5652,7678,8295,3132,0,0,0,0,8478,0,-1,0
8479,-1,-1,8479,4954,5837,5653,7679,8296,3132,0,0,0,0,8479,0,-1,0
8480,-1,-1,8480,4955,5837,5654,7680,8297,3133,0,0,0,0,8480,0,-1,0
8481,-1,-1,8481,4955,5837,5655,7681,8298,3134,0,0,0,0,8481,0,-1,0
8482,-1,-1,8482,-1,-1,-1,7681,8299,-1,0,0,0,0,8482,0,-1,0
8483,-1,-1,8483,4956,-1,-1,7682,8300,-1,0,0,0,0,8483,0,-1,0
8484,-1,-1,8484,4957,5837,5655,7683,8301,-1,0,0,0,0,8484,0,-1,0
8485,-1,-1,8485,-1,5838,-1,7684,8302,-1,0,0,0,0,8485,0,-1,0
8486,-1,-1,8486,-1,-1,-1,7685,8303,-1,0,0,0,0,8486,0,-1,0
8487,-1,-1,8487,4957,5839,5656,7686,8304,3135,0,0,0,0,8487,0,-1,0
8488,-1,-1,8488,4958,5840,5657,7686,8305,3136,0,0,0,0,8488,0,-1,0
8489,-1,-1,8489,4959,-1,-1,7687,8306,-1,0,0,0,0,8489,0,-1,0
8490,-1,-1,8490,4960,-1,5658,7688,8307,-1,0,0,0,0,8490,0,-1,0
8491,-1,-1,8491,4961,5841,5659,7689,8308,-1,0,0,0,0,8491,0,-1,0
8492,-1,-1,8492,4962,5842,5660,7690,8309,-1,0,0,0,0,8492,0,-1,0
8493,-1,-1,8493,4962,-1,-1,7691,8310,3136,0,0,0,0,8493,0,-1,0
8494,-1,-1,8494,4963,5843,5661,7692,8311,-1,0,0,0,0,8494,0,-1,0
8495,-1,-1,8495,-1,-1,-1,7693,8312,3136,0,0,0,0,8495,0,-1,0
8496,-1,-1,8496,-1,-1,-1,7694,8313,3137,0,0,0,0,8496,0,-1,0
8497,-1,-1,8497,4964,5844,5662,7695,8314,-1,0,0,0,0,8497,0,-1,0
8498,-1,-1,8498,-1,5845,5663,7696,8315,3138,0,0,0,0,8498,0,-1,0
8499,-1,-1,8499,4965,5846,-1,7697,8316,3138,0,0,0,0,8499,0,-1,0
8500,-1,-1,8500,4966,5846,5664,7698,8317,3138,0,0,0,0,8500,0,-1,0
8501,-1,-1,8501,4967,-1,-1,7699,8318,3138,0,0,0,0,8501,0,-1,0
8502,-1,-1,8502,4968,5846,5665,7700,8319,3138,0,0,0,0,8502,0,-1,0
8503,-1,-1,8503,-1,-1,5666,7700,8319,3138,0,0,0,0,8503,0,-1,0
8504,-1,-1,8504,4969,5847,5667,7701,8320,-1,0,0,0,0,8504,0,-1,0
8505,-1,-1,8505,4970,-1,-1,7702,8321,3139,0,0,0,0,8505,0,-1,0
8506,-1,-1,8506,4971,5848,5668,7703,8322,-1,0,0,0,0,8506,0,-1,0
8507,-1,-1,8507,-1,5849,5669,7704,8323,3140,0,0,0,0,8507,0,-1,0
8508,-1,-1,8508,4972,5850,5670,7705,8324,3140,0,0,0,0,8508,0,-1,0
8509,-1,-1,8509,-1,-1,-1,7706,8325,-1,0,0,0,0,8509,0,-1,0
8510,-1,-1,8510,-1,5851,-1,7707,8326,-1,0,0,0,0,8510,0,-1,0
8511,-1,-1,8511,-1,5852,5671,7708,8327,3140,0,0,0,0,8511,0,-1,0
8512,-1,-1,8512,-1,-1,5672,7709,8328,3140,0,0,0,0,8512,0,-1,0
8513,-1,-1,8513,4973,5853,-1,7710,8329,3140,0,0,0,0,8513,0,-1,0
8514,-1,-1,8514,4974,5854,-1,7711,8330,3140,0,0,0,0,8514,0,-1,0
8515,-1,-1,8515,4974,5855,5672,7712,8331,-1,0,0,0,0,8515,0,-1,0
8516,-1,-1,8516,-1,5856,5673,7712,8331,-1,0,0,0,0,8516,0,-1,0
8517,-1,-1,8517,4975,5857,5674,7712,8332,3140,0,0,0,0,8517,0,-1,0
8518,-1,-1,8518,4975,5858,5675,7713,8333,3141,0,0,0,0,8518,0,-1,0
8519,-1,-1,8519,4976,-1,-1,7714,8334,3142,0,0,0,0,8519,0,-1,0
8520,-1,-1,8520,-1,-1,-1,7715,8335,3142,0,0,0,0,8520,0,-1,0
8521,-1,-1,8521,4977,5859,-1,7716,8336,-1,0,0,0,0,8521,0,-1,0
8522,-1,-1,8522,4978,5860,5676,7717,8337,-1,0,0,0,0,8522,0,-1,0
8523,-1,-1,8523,4979,-1,-1,7718,8338,3143,0,0,0,0,8523,0,-1,0
8524,-1,-1,8524,4980,5860,5677,7719,8339,3144,0,0,0,0,8524,0,-1,0
8525,-1,-1,8525,4981,5861,5678,7719,8340,3145,0,0,0,0,8525,0,-1,0
8526,-1,-1,8526,4982,5862,5679,7719,8341,3146,0,0,0,0,8526,0,-1,0
8527,-1,57,8527,-1,-1,-1,7720,8342,-1,0,0,0,0,8527,0,-1,0
8528,-1,-1,8528,4982,5862,5679,7721,8343,-1,0,0,0,0,8528,0,-1,0
8529,-1,-1,8529,4983,5862,5680,7722,8344,3146,0,0,0,0,8529,0,-1,0
8530,-1,-1,8530,4984,5863,5681,7723,8345,3147,0,0,0,0,8530,0,-1,0
8531,-1,-1,8531,-1,5864,5682,7724,8346,-1,0,0,0,0,8531,0,-1,0
8532,-1,-1,8532,4985,5865,5683,7725,8347,3148,0,0,0,0,8532,0,-1,0
8533,-1,-1,8533,4985,5865,5684,7726,8348,3149,0,0,0,0,8533,0,-1,0
8534,-1,-1,8534,4985,5866,5685,7727,8349,3150,0,0,0,0,8534,0,-1,0
8535,-1,-1,8535,-1,5867,5686,7728,8350,-1,0,0,0,0,8535,0,-1,0
8536,-1,-1,8536,4986,5868,5687,7729,8351,3151,0,0,0,0,8536,0,-1,0
8537,-1,-1,8537,4987,5869,5688,7730,8352,3152,0,0,0,0,8537,0,-1,0
8538,-1,-1,8538,4987,5870,5689,7731,8353,3153,0,0,0,0,8538,0,-1,0
8539,-1,-1,8539,-1,5871,5690,7732,8354,3153,0,0,0,0,8539,0,-1,0
8540,-1,-1,8540,4988,-1,5691,7733,8355,3153,0,0,0,0,8540,0,-1,0
8541,-1,-1,8541,4989,5872,5692,7734,8356,3154,0,0,0,0,8541,0,-1,0
8542,-1,-1,8542,4990,5873,5693,7735,8357,3155,0,0,0,0,8542,0,-1,0
8543,-1,-1,8543,4991,5874,5694,7736,8358,3156,0,0,0,0,8543,0,-1,0
8544,-1,-1,8544,4992,-1,-1,7737,8359,-1,0,0,0,0,8544,0,-1,0
8545,-1,-1,8545,4993,-1,5695,7738,8360,3157,0,0,0,0,8545,0,-1,0
8546,-1,-1,8546,4994,5874,5696,7739,8361,3158,0,0,0,0,8546,0,-1,0
8547,-1,-1,8547,-1,5874,5697,7740,8362,-1,0,0,0,0,8547,0,-1,0
8548,-1,-1,8548,4995,5875,5698,7741,8363,3159,0,0,0,0,8548,0,-1,0
8549,-1,-1,8549,4996,5876,5699,7742,8364,-1,0,0,0,0,8549,0,-1,0
8550,-1,-1,8550,-1,-1,-1,7743,8365,3160,0,0,0,0,8550,0,-1,0
8551,-1,-1,8551,4997,5877,5700,7744,8366,3161,0,0,0,0,8551,0,-1,0
8552,-1,-1,8552,4998,5877,5701,7745,8367,3161,0,0,0,0,8552,0,-1,0
8553,-1,-1,8553,4999,-1,-1,7746,8368,-1,0,0,0,0,8553,0,-1,0
8554,-1,-1,8554,4999,5878,5702,7746,8368,-1,0,0,0,0,8554,0,-1,0
8555,-1,-1,8555,-1,5879,5703,7746,8369,3162,0,0,0,0,8555,0,-1,0
8556,-1,-1,8556,5000,5880,-1,7747,8370,-1,0,0,0,0,8556,0,-1,0
8557,-1,-1,8557,5001,5881,5704,7748,8371,3163,0,0,0,0,8557,0,-1,0
8558,-1,-1,8558,5002,5882,5705,7748,8372,-1,0,0,0,0,8558,0,-1,0
8559,-1,-1,8559,5003,5883,5706,7749,8373,3163,0,0,0,0,8559,0,-1,0
8560,-1,-1,8560,5004,5884,5707,7750,8374,-1,0,0,0,0,8560,0,-1,0
8561,-1,-1,8561,5005,5885,5708,7751,8375,3163,0,0,0,0,8561,0,-1,0
8562,-1,-1,8562,-1,-1,5709,7752,8376,-1,0,0,0,0,8562,0,-1,0
8563,-1,-1,8563,5006,5886,5710,7753,8377,3164,0,0,0,0,8563,0,-1,0
8564,-1,-1,8564,5006,5886,5711,7754,8378,-1,0,0,0,0,8564,0,-1,0
8565,-1,-1,8565,-1,-1,-1,7755,8379,-1,0,0,0,0,8565,0,-1,0
8566,-1,-1,8566,5006,5887,5712,7756,8380,-1,0,0,0,0,8566,0,-1,0
8567,-1,-1,8567,5006,5888,-1,7757,8381,-1,0,0,0,0,8567,0,-1,0
8568,-1,-1,8568,5007,5888,5713,7758,8382,3165,0,0,0,0,8568,0,-1,0
8569,-1,-1,8569,-1,-1,-1,7759,8383,3166,0,0,0,0,8569,0,-1,0
8570,-1,-1,8570,5008,5888,5714,7760,8384,3167,0,0,0,0,8570,0,-1,0
8571,-1,-1,8571,5009,5889,5715,7761,8385,3167,0,0,0,0,8571,0,-1,0
8572,-1,-1,8572,5010,5890,5716,7762,8386,3168,0,0,0,0,8572,0,-1,0
8573,-1,-1,8573,5011,5891,5717,7763,8387,3169,0,0,0,0,8573,0,-1,0
8574,-1,-1,8574,-1,-1,-1,7764,8388,-1,0,0,0,0,8574,0,-1,0
8575,-1,-1,8575,-1,-1,-1,7765,8389,3169,0,0,0,0,8575,0,-1,0
8576,-1,-1,8576,5011,5892,5718,7766,8390,-1,0,0,0,0,8576,0,-1,0
8577,-1,-1,8577,5012,5893,-1,7767,8391,-1,0,0,0,0,8577,0,-1,0
8578,-1,-1,8578,5013,5894,5719,7768,8392,-1,0,0,0,0,8578,0,-1,0
8579,-1,-1,8579,5014,5895,5720,7769,8393,3169,0,0,0,0,8579,0,-1,0
8580,-1,-1,8580,5015,5896,-1,7770,8394,3169,0,0,0,0,8580,0,-1,0
8581,-1,-1,8581,5016,5897,5721,7770,8395,3170,0,0,0,0,8581,0,-1,0
8582,-1,-1,8582,5017,5898,5722,7771,8396,3171,0,0,0,0,8582,0,-1,0
8583,-1,-1,8583,5017,5899,5723,7772,8397,3172,0,0,0,0,8583,0,-1,0
8584,-1,-1,8584,5017,-1,-1,7773,8398,-1,0,0,0,0,8584,0,-1,0
8585,-1,-1,8585,5018,5899,5724,7774,8399,3172,0,0,0,0,8585,0,-1,0
8586,-1,-1,8586,-1,-1,-1,7775,8400,-1,0,0,0,0,8586,0,-1,0
8587,-1,-1,8587,-1,-1,-1,7776,8401,-1,0,0,0,0,8587,0,-1,0
8588,-1,-1,8588,5019,-1,-1,7777,8402,3173,0,0,0,0,8588,0,-1,0
8589,-1,-1,8589,-1,5900,5725,7778,8403,-1,0,0,0,0,8589,0,-1,0
8590,-1,-1,8590,5020,5901,5726,7779,8404,3174,0,0,0,0,8590,0,-1,0
8591,-1,-1,8591,5021,5902,5727,7780,8405,3175,0,0,0,0,8591,0,-1,0
8592,-1,-1,8592,5022,5902,5728,7780,8406,-1,0,0,0,0,8592,0,-1,0
8593,-1,-1,8593,5023,5902,5729,7781,8407,3176,0,0,0,0,8593,0,-1,0
8594,-1,-1,8594,-1,-1,-1,7782,8408,-1,0,0,0,0,8594,0,-1,0
8595,-1,-1,8595,-1,5902,-1,7783,8409,-1,0,0,0,0,8595,0,-1,0
8596,-1,-1,8596,-1,-1,-1,7784,8410,-1,0,0,0,0,8596,0,-1,0
8597,-1,-1,8597,5023,5903,5730,7785,8411,3176,0,0,0,0,8597,0,-1,0
8598,-1,-1,8598,-1,5904,5731,7786,8412,3176,0,0,0,0,8598,0,-1,0
8599,-1,-1,8599,-1,5905,-1,7787,8413,-1,0,0,0,0,8599,0,-1,0
8600,-1,-1,8600,-1,-1,-1,7788,8414,-1,0,0,0,0,8600,0,-1,0
8601,-1,-1,8601,-1,5906,5732,7789,8415,-1,0,0,0,0,8601,0,-1,0
8602,-1,-1,8602,5024,5907,-1,7790,8416,3176,0,0,0,0,8602,0,-1,0
8603,-1,-1,8603,5025,5907,5733,-1,8417,3177,0,0,0,0,8603,0,-1,0
8604,-1,-1,8604,5026,5908,-1,7791,8418,3178,0,0,0,0,8604,0,-1,0
8605,-1,-1,8605,5027,5909,-1,7792,8419,3178,0,0,0,0,8605,0,-1,0
8606,-1,-1,8606,5028,5910,5733,7793,8420,3178,0,0,0,0,8606,0,-1,0
8607,-1,-1,8607,5029,5911,5734,7794,8421,-1,0,0,0,0,8607,0,-1,0
8608,-1,-1,8608,5030,5912,5735,7795,8422,3178,0,0,0,0,8608,0,-1,0
8609,-1,-1,8609,-1,5913,5736,7796,8423,-1,0,0,0,0,8609,0,-1,0
8610,-1,-1,8610,5031,5914,5737,7797,8424,3178,0,0,0,0,8610,0,-1,0
8611,-1,-1,8611,-1,5914,5738,7798,8425,-1,0,0,0,0,8611,0,-1,0
8612,-1,-1,8612,-1,5915,5739,7798,8425,-1,0,0,0,0,8612,0,-1,0
8613,-1,-1,8613,5031,-1,-1,7799,8426,-1,0,0,0,0,8613,0,-1,0
8614,-1,-1,8614,-1,-1,-1,7799,8426,-1,0,0,0,0,8614,0,-1,0
8615,-1,-1,8615,5032,5916,5740,7800,8427,3179,0,0,0,0,8615,0,-1,0
8616,-1,-1,8616,5033,5917,5741,7801,8428,3180,0,0,0,0,8616,0,-1,0
8617,-1,-1,8617,-1,5918,-1,7801,8429,3180,0,0,0,0,8617,0,-1,0
8618,-1,58,8618,5034,5918,5742,7802,8430,-1,0,0,0,0,8618,0,-1,0
8619,-1,-1,8619,5035,-1,5743,7803,8431,3180,0,0,0,0,8619,0,-1,0
8620,-1,-1,8620,5036,5919,5744,7804,8432,3181,0,0,0,0,8620,0,-1,0
8621,-1,-1,8621,5036,5920,-1,7805,8433,3182,0,0,0,0,8621,0,-1,0
8622,-1,-1,8622,5037,5920,5745,7806,8434,3183,0,0,0,0,8622,0,-1,0
8623,-1,-1,8623,-1,5921,5746,7807,8435,-1,0,0,0,0,8623,0,-1,0
8624,-1,-1,8624,-1,5922,5747,7808,8436,3184,0,0,0,0,8624,0,-1,0
8625,-1,-1,8625,-1,-1,-1,7809,8437,-1,0,0,0,0,8625,0,-1,0
8626,-1,-1,8626,-1,5923,5748,7810,8438,3185,0,0,0,0,8626,0,-1,0
8627,-1,-1,8627,5038,5924,5749,7811,8439,3186,0,0,0,0,8627,0,-1,0
8628,-1,-1,8628,5039,5925,5750,7812,8440,-1,0,0,0,0,8628,0,-1,0
8629,-1,-1,8629,-1,5926,5751,7813,8441,-1,0,0,0,0,8629,0,-1,0
8630,-1,-1,8630,5040,5927,-1,7814,8442,3187,0,0,0,0,8630,0,-1,0
8631,-1,-1,8631,-1,5927,5752,7815,8443,3187,0,0,0,0,8631,0,-1,0
8632,-1,-1,8632,5041,5927,5753,7816,8444,-1,0,0,0,0,8632,0,-1,0
8633,-1,-1,8633,-1,5928,5753,7816,8445,3187,0,0,0,0,8633,0,-1,0
8634,-1,-1,8634,-1,5929,5754,7817,8446,-1,0,0,0,0,8634,0,-1,0
8635,-1,-1,8635,-1,5930,-1,7818,8447,-1,0,0,0,0,8635,0,-1,0
8636,-1,-1,8636,5042,5931,5755,7819,8448,3187,0,0,0,0,8636,0,-1,0
8637,-1,-1,8637,-1,5932,5756,7819,8449,-1,0,0,0,0,8637,0,-1,0
8638,-1,-1,8638,-1,5933,5757,7820,8450,3187,0,0,0,0,8638,0,-1,0
8639,-1,59,8639,-1,-1,-1,7821,8451,3187,0,0,0,0,8639,0,-1,0
8640,-1,-1,8640,-1,5934,5758,7822,8452,3187,0,0,0,0,8640,0,-1,0
8641,-1,-1,8641,5043,5935,5759,7823,8453,3187,0,0,0,0,8641,0,-1,0
8642,-1,-1,8642,5044,5936,-1,7824,8454,3187,0,0,0,0,8642,0,-1,0
8643,-1,-1,8643,-1,5937,-1,7825,8455,3187,0,0,0,0,8643,0,-1,0
8644,-1,-1,8644,5044,5938,-1,7826,8456,3187,0,0,0,0,8644,0,-1,0
8645,-1,-1,8645,5045,5939,5760,7827,8457,3188,0,0,0,0,8645,0,-1,0
8646,-1,-1,8646,-1,5940,5761,7828,8458,-1,0,0,0,0,8646,0,-1,0
8647,-1,-1,8647,5046,5940,-1,7829,8459,3189,0,0,0,0,8647,0,-1,0
8648,-1,-1,8648,-1,5941,-1,7830,8460,-1,0,0,0,0,8648,0,-1,0
8649,-1,-1,8649,5046,5942,5762,7831,8461,3189,0,0,0,0,8649,0,-1,0
8650,-1,-1,8650,5047,5943,5763,7832,8462,3190,0,0,0,0,8650,0,-1,0
8651,-1,-1,8651,5048,5943,5764,7833,8463,3191,0,0,0,0,8651,0,-1,0
8652,-1,-1,8652,5049,5944,5765,7834,8464,3191,0,0,0,0,8652,0,-1,0
8653,-1,-1,8653,5050,5945,5766,7834,8465,3191,0,0,0,0,8653,0,-1,0
8654,-1,-1,8654,5051,5946,5767,7835,8466,3191,0,0,0,0,8654,0,-1,0
8655,-1,-1,8655,5052,5947,-1,7836,8467,-1,0,0,0,0,8655,0,-1,0
8656,-1,-1,8656,5053,5948,5768,7837,8468,3192,0,0,0,0,8656,0,-1,0
8657,-1,-1,8657,-1,-1,-1,7838,8469,-1,0,0,0,0,8657,0,-1,0
8658,-1,-1,8658,-1,5949,5769,7839,8470,-1,0,0,0,0,8658,0,-1,0
8659,-1,-1,8659,5054,5949,5770,7840,8471,3193,0,0,0,0,8659,0,-1,0
8660,-1,-1,8660,-1,5950,5771,7841,8472,-1,0,0,0,0,8660,0,-1,0
8661,-1,-1,8661,5054,5951,5772,7842,8473,3194,0,0,0,0,8661,0,-1,0
8662,-1,-1,8662,5054,5952,5773,7843,8474,3195,0,0,0,0,8662,0,-1,0
8663,-1,-1,8663,-1,5953,5773,7844,8475,3196,0,0,0,0,8663,0,-1,0
8664,-1,-1,8664,5055,5953,5774,7845,8476,-1,0,0,0,0,8664,0,-1,0
8665,-1,-1,8665,-1,5954,5775,7846,8477,3197,0,0,0,0,8665,0,-1,0
8666,-1,-1,8666,5056,5955,5776,7847,8478,-1,0,0,0,0,8666,0,-1,0
8667,-1,-1,8667,5057,5956,5777,7848,8479,3198,0,0,0,0,8667,0,-1,0
8668,-1,-1,8668,5058,5957,5778,7849,8480,-1,0,0,0,0,8668,0,-1,0
8669,-1,-1,8669,5059,5958,5778,7850,8481,-1,0,0,0,0,8669,0,-1,0
8670,-1,-1,8670,5060,-1,-1,7851,8482,-1,0,0,0,0,8670,0,-1,0
8671,-1,-1,8671,-1,-1,5779,7852,8483,-1,0,0,0,0,8671,0,-1,0
8672,-1,-1,8672,5061,-1,5780,7852,8484,-1,0,0,0,0,8672,0,-1,0
8673,-1,-1,8673,-1,-1,-1,7852,8484,-1,0,0,0,0,8673,0,-1,0
8674,-1,-1,8674,5062,5959,-1,7853,8485,-1,0,0,0,0,8674,0,-1,0
8675,-1,-1,8675,5063,5960,5781,7854,8486,3199,0,0,0,0,8675,0,-1,0
8676,-1,-1,8676,-1,5960,5782,7854,8486,3199,0,0,0,0,8676,0,-1,0
8677,-1,-1,8677,-1,-1,-1,7855,8487,3199,0,0,0,0,8677,0,-1,0
8678,-1,-1,8678,-1,5960,5783,7856,8488,3199,0,0,0,0,8678,0,-1,0
8679,-1,-1,8679,5064,5961,-1,7857,8489,3199,0,0,0,0,8679,0,-1,0
8680,-1,-1,8680,5065,5962,-1,7858,8490,3200,0,0,0,0,8680,0,-1,0
8681,-1,-1,8681,5066,5963,5784,7859,8491,-1,0,0,0,0,8681,0,-1,0
8682,-1,-1,8682,-1,5963,5785,7859,8491,-1,0,0,0,0,8682,0,-1,0
8683,-1,-1,8683,-1,5964,5786,7860,8492,-1,0,0,0,0,8683,0,-1,0
8684,-1,-1,8684,5067,5965,5787,7860,8493,3201,0,0,0,0,8684,0,-1,0
8685,-1,-1,8685,5068,5966,5788,7861,8494,3202,0,0,0,0,8685,0,-1,0
8686,-1,-1,8686,5068,5967,5789,7862,8495,3203,0,0,0,0,8686,0,-1,0
8687,-1,-1,8687,-1,-1,-1,7863,8496,-1,0,0,0,0,8687,0,-1,0
8688,-1,-1,8688,-1,-1,-1,7864,8497,-1,0,0,0,0,8688,0,-1,0
8689,-1,-1,8689,5069,5968,5790,7865,8498,-1,0,0,0,0,8689,0,-1,0
8690,-1,-1,8690,5070,5969,-1,7866,8499,3203,0,0,0,0,8690,0,-1,0
8691,-1,-1,8691,-1,-1,-1,7867,8500,3204,0,0,0,0,8691,0,-1,0
8692,-1,-1,8692,5071,5969,-1,7868,8501,3205,0,0,0,0,8692,0,-1,0
8693,-1,-1,8693,5072,5969,5791,7869,8502,-1,0,0,0,0,8693,0,-1,0
8694,-1,-1,8694,-1,-1,-1,7870,8503,-1,0,0,0,0,8694,0,-1,0
8695,-1,-1,8695,5073,5969,5792,7871,8504,-1,0,0,0,0,8695,0,-1,0
8696,-1,-1,8696,5074,5969,5793,7872,8505,-1,0,0,0,0,8696,0,-1,0
8697,-1,-1,8697,-1,-1,-1,7873,8506,-1,0,0,0,0,8697,0,-1,0
8698,-1,-1,8698,5075,5969,-1,7874,8507,-1,0,0,0,0,8698,0,-1,0
8699,-1,-1,8699,-1,5970,5794,7875,8508,3205,0,0,0,0,8699,0,-1,0
8700,-1,-1,8700,5076,5971,5795,7876,8509,3206,0,0,0,0,8700,0,-1,0
8701,-1,-1,8701,5077,5972,5796,7877,8510,3207,0,0,0,0,8701,0,-1,0
8702,-1,-1,8702,5078,5973,5797,7878,8511,3207,0,0,0,0,8702,0,-1,0
8703,-1,-1,8703,5079,5974,5798,7879,8512,3207,0,0,0,0,8703,0,-1,0
8704,-1,-1,8704,-1,5975,5798,7880,8513,3207,0,0,0,0,8704,0,-1,0
8705,-1,-1,8705,5080,5976,5799,7881,8514,3207,0,0,0,0,8705,0,-1,0
8706,-1,-1,8706,5081,5977,5800,7882,8515,3207,0,0,0,0,8706,0,-1,0
8707,-1,-1,8707,5081,5978,5801,7883,8516,-1,0,0,0,0,8707,0,-1,0
8708,-1,-1,8708,5082,5978,5802,7884,8517,3207,0,0,0,0,8708,0,-1,0
8709,-1,-1,8709,-1,5979,5803,7885,8518,-1,0,0,0,0,8709,0,-1,0
8710,-1,-1,8710,-1,5979,5804,7886,8519,3207,0,0,0,0,8710,0,-1,0
8711,-1,-1,8711,-1,-1,-1,7887,8520,3207,0,0,0,0,8711,0,-1,0
8712,-1,-1,8712,5083,5980,-1,7888,8521,3207,0,0,0,0,8712,0,-1,0
8713,-1,-1,8713,-1,5981,5805,7889,8522,3207,0,0,0,0,8713,0,-1,0
8714,-1,-1,8714,5084,5982,-1,7890,8523,3207,0,0,0,0,8714,0,-1,0
8715,-1,-1,8715,5085,5982,5805,7891,8524,-1,0,0,0,0,8715,0,-1,0
8716,-1,-1,8716,5086,5983,5806,7891,8524,-1,0,0,0,0,8716,0,-1,0
8717,-1,-1,8717,5087,5984,5807,7891,8524,-1,0,0,0,0,8717,0,-1,0
8718,-1,-1,8718,5088,5985,5808,7891,8525,3207,0,0,0,0,8718,0,-1,0
8719,-1,-1,8719,5088,5986,5809,7891,8526,-1,0,0,0,0,8719,0,-1,0
8720,-1,-1,8720,5089,5987,5810,7892,8527,3207,0,0,0,0,8720,0,-1,0
8721,-1,-1,8721,5090,5988,5811,7893,8528,3207,0,0,0,0,8721,0,-1,0
8722,-1,-1,8722,5091,5989,5812,7893,8529,-1,0,0,0,0,8722,0,-1,0
8723,-1,-1,8723,-1,5990,5813,7894,8530,-1,0,0,0,0,8723,0,-1,0
8724,-1,-1,8724,-1,5991,-1,7895,8531,-1,0,0,0,0,8724,0,-1,0
8725,-1,-1,8725,5092,5992,5814,7895,8532,3207,0,0,0,0,8725,0,-1,0
8726,-1,-1,8726,-1,5993,-1,7896,8533,3207,0,0,0,0,8726,0,-1,0
8727,-1,-1,8727,5093,5994,-1,7897,8534,-1,0,0,0,0,8727,0,-1,0
8728,-1,-1,8728,5094,5995,5815,7898,8535,-1,0,0,0,0,8728,0,-1,0
8729,-1,-1,8729,5095,5996,5816,7899,8536,3207,0,0,0,0,8729,0,-1,0
8730,-1,-1,8730,5095,5996,5817,7900,8537,-1,0,0,0,0,8730,0,-1,0
8731,-1,-1,8731,-1,-1,5817,7900,8538,3207,0,0,0,0,8731,0,-1,0
8732,-1,-1,8732,-1,5997,5818,7900,8539,3208,0,0,0,0,8732,0,-1,0
8733,-1,-1,8733,-1,-1,-1,7900,8540,-1,0,0,0,0,8733,0,-1,0
8734,-1,-1,8734,5096,5998,5819,7901,8541,3209,0,0,0,0,8734,0,-1,0
8735,-1,-1,8735,5097,5999,5820,7902,8542,3209,0,0,0,0,8735,0,-1,0
8736,-1,-1,8736,5097,6000,5821,7902,8543,3210,0,0,0,0,8736,0,-1,0
8737,-1,-1,8737,-1,6001,-1,7903,8544,-1,0,0,0,0,8737,0,-1,0
8738,-1,-1,8738,-1,6002,-1,7903,8544,-1,0,0,0,0,8738,0,-1,0
8739,-1,-1,8739,5098,6003,5822,7904,8545,3211,0,0,0,0,8739,0,-1,0
8740,-1,-1,8740,5099,6004,-1,7905,8546,3211,0,0,0,0,8740,0,-1,0
8741,-1,-1,8741,-1,-1,-1,7906,8547,-1,0,0,0,0,8741,0,-1,0
8742,-1,-1,8742,5100,6005,5822,7907,8548,3211,0,0,0,0,8742,0,-1,0
8743,-1,-1,8743,5101,6006,5823,7908,8549,-1,0,0,0,0,8743,0,-1,0
8744,-1,-1,8744,-1,-1,-1,7909,8550,-1,0,0,0,0,8744,0,-1,0
8745,-1,-1,8745,-1,6007,5823,7910,8551,3211,0,0,0,0,8745,0,-1,0
8746,-1,-1,8746,5101,6008,5823,7911,8552,3212,0,0,0,0,8746,0,-1,0
8747,-1,-1,8747,5102,6009,5824,7912,8553,3213,0,0,0,0,8747,0,-1,0
8748,-1,-1,8748,5103,6009,-1,7912,8554,3213,0,0,0,0,8748,0,-1,0
8749,-1,-1,8749,5103,6010,5825,7912,8555,-1,0,0,0,0,8749,0,-1,0
8750,-1,-1,8750,-1,6011,5826,7913,8556,-1,0,0,0,0,8750,0,-1,0
8751,-1,-1,8751,5104,6011,5827,7914,8557,3213,0,0,0,0,8751,0,-1,0
8752,-1,-1,8752,-1,-1,-1,7915,8558,-1,0,0,0,0,8752,0,-1,0
8753,-1,-1,8753,5105,6011,5828,7916,8559,3214,0,0,0,0,8753,0,-1,0
8754,-1,-1,8754,5106,6012,5829,7917,8560,-1,0,0,0,0,8754,0,-1,0
8755,-1,-1,8755,-1,-1,-1,7918,8561,-1,0,0,0,0,8755,0,-1,0
8756,-1,-1,8756,5106,6013,5830,7919,8562,3215,0,0,0,0,8756,0,-1,0
8757,-1,-1,8757,-1,-1,-1,7920,8563,3216,0,0,0,0,8757,0,-1,0
8758,-1,-1,8758,5107,6014,5830,7921,8564,3216,0,0,0,0,8758,0,-1,0
8759,-1,-1,8759,-1,-1,-1,7922,8565,3216,0,0,0,0,8759,0,-1,0
8760,-1,-1,8760,5108,6015,5831,7923,8566,-1,0,0,0,0,8760,0,-1,0
8761,-1,-1,8761,5108,6015,5832,7924,8567,-1,0,0,0,0,8761,0,-1,0
8762,-1,-1,8762,5109,6016,5833,7925,8568,-1,0,0,0,0,8762,0,-1,0
8763,-1,-1,8763,5110,6017,5834,7926,8569,3216,0,0,0,0,8763,0,-1,0
8764,-1,-1,8764,5111,6018,5835,7927,8570,3216,0,0,0,0,8764,0,-1,0
8765,-1,-1,8765,5112,6018,5836,7928,8571,3216,0,0,0,0,8765,0,-1,0
8766,-1,60,8766,-1,-1,-1,7929,8572,-1,0,0,0,0,8766,0,-1,0
8767,-1,-1,8767,-1,-1,5837,7930,8573,-1,0,0,0,0,8767,0,-1,0
8768,-1,-1,8768,-1,6019,5838,7931,8574,-1,0,0,0,0,8768,0,-1,0
8769,-1,-1,8769,-1,-1,5839,7932,8575,-1,0,0,0,0,8769,0,-1,0
8770,-1,-1,8770,-1,6020,-1,7932,8575,-1,0,0,0,0,8770,0,-1,0
8771,-1,-1,8771,-1,6021,-1,7933,8576,-1,0,0,0,0,8771,0,-1,0
8772,-1,-1,8772,-1,6022,-1,7934,8577,3216,0,0,0,0,8772,0,-1,0
8773,-1,-1,8773,-1,-1,-1,7935,8578,3217,0,0,0,0,8773,0,-1,0
8774,-1,-1,8774,5113,6023,5840,7936,8579,3218,0,0,0,0,8774,0,-1,0
8775,-1,-1,8775,5114,6024,5841,7937,8580,3219,0,0,0,0,8775,0,-1,0
8776,-1,-1,8776,-1,6024,5842,7938,8581,-1,0,0,0,0,8776,0,-1,0
8777,-1,-1,8777,5115,6025,-1,7939,8582,-1,0,0,0,0,8777,0,-1,0
8778,-1,61,8778,-1,-1,-1,7940,8583,-1,0,0,0,0,8778,0,-1,0
8779,-1,62,8779,-1,-1,-1,7941,8584,-1,0,0,0,0,8779,0,-1,0
8780,-1,-1,8780,-1,6026,-1,7942,8585,3220,0,0,0,0,8780,0,-1,0
8781,-1,-1,8781,5116,6026,5842,7943,8586,-1,0,0,0,0,8781,0,-1,0
8782,-1,-1,8782,-1,-1,5843,7944,8587,-1,0,0,0,0,8782,0,-1,0
8783,-1,-1,8783,-1,-1,-1,7945,8588,-1,0,0,0,0,8783,0,-1,0
8784,-1,-1,8784,-1,-1,-1,7946,8589,3221,0,0,0,0,8784,0,-1,0
8785,-1,-1,8785,5116,6027,5844,7947,8590,3222,0,0,0,0,8785,0,-1,0
8786,-1,-1,8786,-1,-1,-1,7948,8591,3223,0,0,0,0,8786,0,-1,0
8787,-1,-1,8787,-1,6028,-1,7949,8592,3224,0,0,0,0,8787,0,-1,0
8788,-1,-1,8788,5117,6028,5845,7950,8593,3225,0,0,0,0,8788,0,-1,0
8789,-1,-1,8789,-1,6029,5846,7951,8594,3226,0,0,0,0,8789,0,-1,0
8790,-1,-1,8790,5118,-1,5847,7952,8595,3226,0,0,0,0,8790,0,-1,0
8791,-1,-1,8791,5119,6030,5848,7953,8596,-1,0,0,0,0,8791,0,-1,0
8792,-1,-1,8792,5120,6031,-1,7954,8597,-1,0,0,0,0,8792,0,-1,0
8793,-1,-1,8793,5121,-1,5849,7955,8598,-1,0,0,0,0,8793,0,-1,0
8794,-1,-1,8794,5122,6031,-1,7956,8599,-1,0,0,0,0,8794,0,-1,0
8795,-1,-1,8795,5123,6032,5850,7957,8600,3227,0,0,0,0,8795,0,-1,0
8796,-1,-1,8796,5124,6033,5851,7957,8601,-1,0,0,0,0,8796,0,-1,0
8797,-1,-1,8797,-1,6034,-1,7958,8602,-1,0,0,0,0,8797,0,-1,0
8798,-1,-1,8798,5125,6035,-1,7959,8603,3228,0,0,0,0,8798,0,-1,0
8799,-1,-1,8799,5126,6036,5852,7960,8604,3228,0,0,0,0,8799,0,-1,0
8800,-1,-1,8800,-1,-1,-1,7961,8605,-1,0,0,0,0,8800,0,-1,0
8801,-1,-1,8801,-1,-1,-1,7962,8606,-1,0,0,0,0,8801,0,-1,0
8802,-1,-1,8802,5127,-1,-1,7962,8607,3228,0,0,0,0,8802,0,-1,0
8803,-1,-1,8803,5127,6037,5853,7962,8608,3228,0,0,0,0,8803,0,-1,0
8804,-1,-1,8804,5128,6038,5854,7963,8609,-1,0,0,0,0,8804,0,-1,0
8805,-1,-1,8805,-1,6039,5855,7964,8610,-1,0,0,0,0,8805,0,-1,0
8806,-1,-1,8806,5129,6040,-1,7965,8611,3228,0,0,0,0,8806,0,-1,0
8807,-1,-1,8807,5130,6041,5855,7966,8612,3229,0,0,0,0,8807,0,-1,0
8808,-1,-1,8808,-1,-1,-1,7967,8613,3230,0,0,0,0,8808,0,-1,0
8809,-1,-1,8809,5131,6041,5856,7968,8614,-1,0,0,0,0,8809,0,-1,0
8810,-1,-1,8810,5132,6042,5857,7969,8615,3231,0,0,0,0,8810,0,-1,0
8811,-1,-1,8811,5133,6043,5858,7970,8616,3232,0,0,0,0,8811,0,-1,0
8812,-1,-1,8812,5133,6044,-1,7971,8617,3233,0,0,0,0,8812,0,-1,0
8813,-1,-1,8813,5134,6045,5859,7972,8618,3234,0,0,0,0,8813,0,-1,0
8814,-1,-1,8814,5134,-1,-1,7973,8619,-1,0,0,0,0,8814,0,-1,0
8815,-1,-1,8815,5135,6046,5860,7974,8620,-1,0,0,0,0,8815,0,-1,0
8816,-1,-1,8816,-1,6047,5861,7975,8621,-1,0,0,0,0,8816,0,-1,0
8817,-1,-1,8817,5136,6048,5862,7976,8622,3235,0,0,0,0,8817,0,-1,0
8818,-1,-1,8818,5137,6049,5862,7977,8623,3235,0,0,0,0,8818,0,-1,0
8819,-1,-1,8819,5138,6049,5863,7978,8624,-1,0,0,0,0,8819,0,-1,0
8820,-1,-1,8820,5139,-1,-1,7979,8625,3236,0,0,0,0,8820,0,-1,0
8821,-1,-1,8821,-1,6050,5864,7980,8626,3237,0,0,0,0,8821,0,-1,0
8822,-1,-1,8822,5140,6050,5865,7981,8627,-1,0,0,0,0,8822,0,-1,0
8823,-1,-1,8823,5141,6051,5866,7982,8628,-1,0,0,0,0,8823,0,-1,0
8824,-1,-1,8824,-1,-1,-1,7983,8629,-1,0,0,0,0,8824,0,-1,0
8825,-1,-1,8825,5142,6052,5867,7984,8630,-1,0,0,0,0,8825,0,-1,0
8826,-1,-1,8826,-1,-1,-1,7985,8631,3237,0,0,0,0,8826,0,-1,0
8827,-1,-1,8827,5142,6053,5867,7986,8632,3237,0,0,0,0,8827,0,-1,0
8828,-1,-1,8828,-1,-1,-1,7987,8633,3238,0,0,0,0,8828,0,-1,0
8829,-1,-1,8829,5143,6053,5868,7988,8634,3239,0,0,0,0,8829,0,-1,0
8830,-1,-1,8830,-1,6054,5869,7989,8635,3240,0,0,0,0,8830,0,-1,0
8831,-1,-1,8831,5144,6055,5870,7990,8636,3241,0,0,0,0,8831,0,-1,0
8832,-1,-1,8832,-1,6056,5871,7991,8637,3242,0,0,0,0,8832,0,-1,0
8833,-1,-1,8833,5145,6057,5872,7992,8638,3243,0,0,0,0,8833,0,-1,0
8834,-1,-1,8834,5146,6058,5873,7993,8639,3244,0,0,0,0,8834,0,-1,0
8835,-1,-1,8835,5147,6059,5874,7994,8640,-1,0,0,0,0,8835,0,-1,0
8836,-1,-1,8836,-1,6060,5875,7995,8641,3245,0,0,0,0,8836,0,-1,0
8837,-1,-1,8837,-1,-1,-1,7996,8642,-1,0,0,0,0,8837,0,-1,0
8838,-1,-1,8838,5148,6061,5876,7997,8643,-1,0,0,0,0,8838,0,-1,0
8839,-1,-1,8839,5149,6062,5876,7998,8644,-1,0,0,0,0,8839,0,-1,0
8840,-1,-1,8840,-1,-1,-1,7998,8644,-1,0,0,0,0,8840,0,-1,0
8841,-1,-1,8841,-1,6063,5877,7999,8645,-1,0,0,0,0,8841,0,-1,0
8842,-1,-1,8842,-1,-1,-1,8000,8646,3245,0,0,0,0,8842,0,-1,0
8843,-1,-1,8843,-1,6063,5878,8001,8647,3245,0,0,0,0,8843,0,-1,0
8844,-1,-1,8844,-1,6064,5879,8002,8648,3246,0,0,0,0,8844,0,-1,0
8845,-1,-1,8845,5149,6065,5880,8003,8649,3247,0,0,0,0,8845,0,-1,0
8846,-1,-1,8846,-1,-1,-1,8004,8650,-1,0,0,0,0,8846,0,-1,0
8847,-1,-1,8847,5150,6066,5881,8005,8651,3248,0,0,0,0,8847,0,-1,0
8848,-1,-1,8848,-1,6067,-1,8006,8652,-1,0,0,0,0,8848,0,-1,0
8849,-1,-1,8849,5151,6068,5882,8007,8653,3249,0,0,0,0,8849,0,-1,0
8850,-1,-1,8850,5152,6069,5883,8008,8654,3250,0,0,0,0,8850,0,-1,0
8851,-1,-1,8851,5153,6070,5884,8009,8655,3250,0,0,0,0,8851,0,-1,0
8852,-1,-1,8852,5154,6071,5885,8010,8656,3251,0,0,0,0,8852,0,-1,0
8853,-1,-1,8853,5155,6071,-1,8011,8657,3252,0,0,0,0,8853,0,-1,0
8854,-1,-1,8854,5156,6072,5886,8012,8658,3252,0,0,0,0,8854,0,-1,0
8855,-1,-1,8855,5157,6073,5886,8013,8659,3252,0,0,0,0,8855,0,-1,0
8856,-1,-1,8856,5157,6074,5887,8014,8660,3253,0,0,0,0,8856,0,-1,0
8857,-1,-1,8857,5158,6075,5888,8015,8661,-1,0,0,0,0,8857,0,-1,0
8858,-1,-1,8858,-1,-1,-1,8016,8662,-1,0,0,0,0,8858,0,-1,0
8859,-1,-1,8859,5159,6076,5889,8017,8663,-1,0,0,0,0,8859,0,-1,0
8860,-1,-1,8860,5160,6077,5890,8018,8664,-1,0,0,0,0,8860,0,-1,0
8861,-1,-1,8861,5161,6078,5891,8018,8664,-1,0,0,0,0,8861,0,-1,0
8862,-1,-1,8862,-1,6079,5892,8019,8665,-1,0,0,0,0,8862,0,-1,0
8863,-1,-1,8863,5162,6080,-1,8020,8666,3254,0,0,0,0,8863,0,-1,0
8864,-1,-1,8864,5163,6081,-1,8021,8667,-1,0,0,0,0,8864,0,-1,0
8865,-1,-1,8865,-1,-1,-1,8022,8668,-1,0,0,0,0,8865,0,-1,0
8866,-1,-1,8866,5164,6081,5893,8022,8668,-1,0,0,0,0,8866,0,-1,0
8867,-1,-1,8867,-1,6081,5894,8023,8669,3254,0,0,0,0,8867,0,-1,0
8868,-1,-1,8868,5165,6082,-1,8024,8670,3254,0,0,0,0,8868,0,-1,0
8869,-1,-1,8869,5165,6083,-1,8025,8671,3255,0,0,0,0,8869,0,-1,0
8870,-1,-1,8870,5166,6083,5895,8026,8672,-1,0,0,0,0,8870,0,-1,0
8871,-1,-1,8871,5167,6083,5896,8027,8673,-1,0,0,0,0,8871,0,-1,0
8872,-1,-1,8872,5167,6083,5897,8028,8674,3256,0,0,0,0,8872,0,-1,0
8873,-1,-1,8873,5168,6083,5898,8029,8675,-1,0,0,0,0,8873,0,-1,0
8874,-1,-1,8874,5169,6084,5899,8030,8676,3256,0,0,0,0,8874,0,-1,0
8875,-1,-1,8875,5170,6085,5900,8031,8677,-1,0,0,0,0,8875,0,-1,0
8876,-1,-1,8876,-1,6086,5901,8032,8678,3256,0,0,0,0,8876,0,-1,0
8877,-1,-1,8877,-1,6087,5902,8033,8679,3256,0,0,0,0,8877,0,-1,0
8878,-1,-1,8878,5170,6088,5903,8033,8680,-1,0,0,0,0,8878,0,-1,0
8879,-1,-1,8879,5171,6089,5904,8034,8681,3257,0,0,0,0,8879,0,-1,0
8880,-1,-1,8880,5172,6090,-1,8035,8682,3258,0,0,0,0,8880,0,-1,0
8881,-1,-1,8881,5173,6091,5905,8036,8683,3259,0,0,0,0,8881,0,-1,0
8882,-1,-1,8882,-1,6092,5906,8037,8684,3259,0,0,0,0,8882,0,-1,0
8883,-1,-1,8883,5174,6093,5907,8038,8685,3260,0,0,0,0,8883,0,-1,0
8884,-1,-1,8884,5175,6094,5908,8039,8686,-1,0,0,0,0,8884,0,-1,0
8885,-1,-1,8885,5176,-1,5909,8040,8687,3261,0,0,0,0,8885,0,-1,0
8886,-1,-1,8886,5177,6095,5910,8040,8688,-1,0,0,0,0,8886,0,-1,0
8887,-1,-1,8887,5178,6096,5911,8041,8689,-1,0,0,0,0,8887,0,-1,0
8888,-1,-1,8888,-1,6097,5912,8042,8690,3261,0,0,0,0,8888,0,-1,0
8889,-1,-1,8889,-1,6097,-1,8043,8691,3261,0,0,0,0,8889,0,-1,0
8890,-1,-1,8890,5179,6097,5913,8044,8692,-1,0,0,0,0,8890,0,-1,0
8891,-1,-1,8891,-1,6097,5914,8045,8693,-1,0,0,0,0,8891,0,-1,0
8892,-1,-1,8892,-1,-1,-1,8046,8694,-1,0,0,0,0,8892,0,-1,0
8893,-1,-1,8893,5180,6098,5915,8046,8695,3261,0,0,0,0,8893,0,-1,0
8894,-1,-1,8894,5181,6099,5916,8046,8696,3262,0,0,0,0,8894,0,-1,0
8895,-1,-1,8895,5181,6100,5917,8047,8697,-1,0,0,0,0,8895,0,-1,0
8896,-1,-1,8896,5181,6101,5918,8048,8698,3263,0,0,0,0,8896,0,-1,0
8897,-1,-1,8897,5182,6102,5919,8049,8699,3264,0,0,0,0,8897,0,-1,0
8898,-1,-1,8898,5183,6103,-1,8050,8700,3264,0,0,0,0,8898,0,-1,0
8899,-1,-1,8899,-1,6104,-1,8051,8701,3265,0,0,0,0,8899,0,-1,0
8900,-1,-1,8900,5184,6105,5920,8052,8702,-1,0,0,0,0,8900,0,-1,0
8901,-1,-1,8901,5185,6106,5921,8053,8703,3266,0,0,0,0,8901,0,-1,0
8902,-1,-1,8902,5186,6107,-1,8054,8704,-1,0,0,0,0,8902,0,-1,0
8903,-1,-1,8903,-1,6108,5922,8055,8705,3267,0,0,0,0,8903,0,-1,0
8904,-1,-1,8904,-1,6109,5923,8056,8706,-1,0,0,0,0,8904,0,-1,0
8905,-1,-1,8905,5187,-1,-1,-1,8707,-1,0,0,0,0,8905,0,-1,0
8906,-1,-1,8906,5188,6110,5924,8057,8708,3268,0,0,0,0,8906,0,-1,0
8907,-1,-1,8907,5189,6111,5925,8058,8709,3269,0,0,0,0,8907,0,-1,0
8908,-1,-1,8908,-1,6112,5926,8059,8710,3269,0,0,0,0,8908,0,-1,0
8909,-1,-1,8909,-1,6113,5927,8060,8711,3270,0,0,0,0,8909,0,-1,0
8910,-1,-1,8910,5190,6114,5927,8060,8712,3271,0,0,0,0,8910,0,-1,0
8911,-1,-1,8911,5191,6115,5928,8060,8713,3271,0,0,0,0,8911,0,-1,0
8912,-1,-1,8912,5192,6116,5929,8061,8714,3272,0,0,0,0,8912,0,-1,0
8913,-1,-1,8913,5193,6117,-1,8062,8715,3273,0,0,0,0,8913,0,-1,0
8914,-1,-1,8914,5194,6118,5930,8063,8716,-1,0,0,0,0,8914,0,-1,0
8915,-1,-1,8915,-1,6119,5931,8064,8717,-1,0,0,0,0,8915,0,-1,0
8916,-1,-1,8916,-1,6120,5932,8065,8718,3274,0,0,0,0,8916,0,-1,0
8917,-1,-1,8917,5195,6121,5933,8066,8719,-1,0,0,0,0,8917,0,-1,0
8918,-1,-1,8918,5196,6122,5934,8067,8720,3274,0,0,0,0,8918,0,-1,0
8919,-1,-1,8919,5197,6123,-1,8068,8721,-1,0,0,0,0,8919,0,-1,0
8920,-1,-1,8920,-1,-1,-1,8069,8722,3274,0,0,0,0,8920,0,-1,0
8921,-1,-1,8921,-1,6124,5935,8070,8723,3274,0,0,0,0,8921,0,-1,0
8922,-1,-1,8922,-1,6125,5936,8071,8724,3275,0,0,0,0,8922,0,-1,0
8923,-1,-1,8923,5198,6126,5937,8072,8725,-1,0,0,0,0,8923,0,-1,0
8924,-1,-1,8924,-1,6127,5938,8073,8726,-1,0,0,0,0,8924,0,-1,0
8925,-1,-1,8925,5199,6127,-1,8074,8727,3276,0,0,0,0,8925,0,-1,0
8926,-1,-1,8926,-1,-1,5939,8075,8728,-1,0,0,0,0,8926,0,-1,0
8927,-1,-1,8927,-1,6128,5940,8076,8729,3276,0,0,0,0,8927,0,-1,0
8928,-1,-1,8928,-1,6129,5940,8077,8730,3276,0,0,0,0,8928,0,-1,0
8929,-1,-1,8929,-1,6130,5941,8078,8731,3276,0,0,0,0,8929,0,-1,0
8930,-1,-1,8930,-1,6131,-1,8079,8732,-1,0,0,0,0,8930,0,-1,0
8931,-1,-1,8931,-1,6132,5942,8080,8733,3277,0,0,0,0,8931,0,-1,0
8932,-1,-1,8932,5200,6133,5943,8081,8734,3278,0,0,0,0,8932,0,-1,0
8933,-1,-1,8933,5201,-1,-1,8082,8735,3279,0,0,0,0,8933,0,-1,0
8934,-1,-1,8934,-1,-1,-1,8083,8736,-1,0,0,0,0,8934,0,-1,0
8935,-1,-1,8935,5202,6134,5944,8084,8737,3280,0,0,0,0,8935,0,-1,0
8936,-1,-1,8936,5203,6134,5945,8085,8738,-1,0,0,0,0,8936,0,-1,0
8937,-1,-1,8937,-1,6135,-1,8086,8739,-1,0,0,0,0,8937,0,-1,0
8938,-1,-1,8938,5203,6136,5946,8087,8740,3281,0,0,0,0,8938,0,-1,0
8939,-1,-1,8939,5204,6137,5946,8088,8741,-1,0,0,0,0,8939,0,-1,0
8940,-1,-1,8940,5204,6137,5946,8089,8742,-1,0,0,0,0,8940,0,-1,0
8941,-1,-1,8941,5205,6138,5947,8090,8743,3282,0,0,0,0,8941,0,-1,0
8942,-1,-1,8942,-1,-1,-1,8091,8744,-1,0,0,0,0,8942,0,-1,0
8943,-1,-1,8943,-1,6139,-1,8092,8745,3283,0,0,0,0,8943,0,-1,0
8944,-1,-1,8944,5206,6140,5948,8093,8746,3284,0,0,0,0,8944,0,-1,0
8945,-1,-1,8945,5207,6141,5949,8094,8747,-1,0,0,0,0,8945,0,-1,0
8946,-1,-1,8946,5207,6142,5950,8095,8748,3284,0,0,0,0,8946,0,-1,0
8947,-1,-1,8947,-1,6143,-1,8096,8749,-1,0,0,0,0,8947,0,-1,0
8948,-1,-1,8948,-1,6144,5951,8097,8750,3285,0,0,0,0,8948,0,-1,0
8949,-1,-1,8949,5208,6145,5952,8098,8751,3286,0,0,0,0,8949,0,-1,0
8950,-1,-1,8950,5208,6145,5953,8099,8752,3287,0,0,0,0,8950,0,-1,0
8951,-1,-1,8951,5209,6146,-1,8100,8753,-1,0,0,0,0,8951,0,-1,0
8952,-1,-1,8952,-1,-1,-1,8101,8754,3288,0,0,0,0,8952,0,-1,0
8953,-1,-1,8953,-1,6147,-1,8102,8755,3289,0,0,0,0,8953,0,-1,0
8954,-1,-1,8954,5210,6148,5954,8103,8756,3290,0,0,0,0,8954,0,-1,0
8955,-1,-1,8955,5211,6149,5955,8104,8757,3291,0,0,0,0,8955,0,-1,0
8956,-1,-1,8956,5212,6150,5955,8105,8758,3292,0,0,0,0,8956,0,-1,0
8957,-1,-1,8957,5213,6151,5956,8106,8759,3292,0,0,0,0,8957,0,-1,0
8958,-1,-1,8958,-1,6152,5957,8107,8760,3292,0,0,0,0,8958,0,-1,0
8959,-1,-1,8959,5214,6153,5958,8108,8761,3293,0,0,0,0,8959,0,-1,0
8960,-1,-1,8960,5215,6153,5959,8109,8762,3294,0,0,0,0,8960,0,-1,0
8961,-1,-1,8961,5216,6154,5960,8110,8763,-1,0,0,0,0,8961,0,-1,0
8962,-1,-1,8962,5216,-1,-1,-1,8764,-1,0,0,0,0,8962,0,-1,0
8963,-1,-1,8963,-1,-1,-1,8111,8765,-1,0,0,0,0,8963,0,-1,0
8964,-1,-1,8964,5217,6155,5961,8112,8766,3294,0,0,0,0,8964,0,-1,0
8965,-1,-1,8965,5218,6156,5962,8112,8766,3294,0,0,0,0,8965,0,-1,0
8966,-1,-1,8966,5219,6157,5963,8113,8767,3294,0,0,0,0,8966,0,-1,0
8967,-1,-1,8967,-1,-1,-1,8114,8768,-1,0,0,0,0,8967,0,-1,0
8968,-1,-1,8968,-1,6158,5964,8115,8769,3294,0,0,0,0,8968,0,-1,0
8969,-1,-1,8969,-1,-1,-1,8116,8770,3294,0,0,0,0,8969,0,-1,0
8970,-1,-1,8970,5220,6159,5965,8117,8771,3294,0,0,0,0,8970,0,-1,0
8971,-1,-1,8971,5221,6160,5966,8118,8772,-1,0,0,0,0,8971,0,-1,0
8972,-1,-1,8972,5222,-1,-1,8119,8773,3295,0,0,0,0,8972,0,-1,0
8973,-1,-1,8973,5223,6161,5967,8120,8774,3296,0,0,0,0,8973,0,-1,0
8974,-1,-1,8974,5224,6162,-1,8121,8775,-1,0,0,0,0,8974,0,-1,0
8975,-1,-1,8975,5225,6163,5968,8122,8776,3296,0,0,0,0,8975,0,-1,0
8976,-1,-1,8976,-1,-1,-1,-1,8777,-1,0,0,0,0,8976,0,-1,0
8977,-1,-1,8977,5226,6164,5969,8123,8778,3296,0,0,0,0,8977,0,-1,0
8978,-1,-1,8978,-1,6165,5970,8124,8779,-1,0,0,0,0,8978,0,-1,0
8979,-1,-1,8979,5227,6166,5970,8125,8780,-1,0,0,0,0,8979,0,-1,0
8980,-1,-1,8980,5228,6167,5971,8126,8781,3296,0,0,0,0,8980,0,-1,0
8981,-1,-1,8981,5229,6168,5972,8127,8782,3296,0,0,0,0,8981,0,-1,0
8982,-1,-1,8982,5230,6169,5973,8128,8783,3297,0,0,0,0,8982,0,-1,0
8983,-1,-1,8983,5231,6170,-1,8129,8784,-1,0,0,0,0,8983,0,-1,0
8984,-1,-1,8984,5232,6171,-1,8130,8785,-1,0,0,0,0,8984,0,-1,0
8985,-1,-1,8985,5233,6172,5974,8131,8786,3298,0,0,0,0,8985,0,-1,0
8986,-1,-1,8986,5234,6173,-1,8132,8787,-1,0,0,0,0,8986,0,-1,0
8987,-1,-1,8987,5235,6174,5975,8133,8788,-1,0,0,0,0,8987,0,-1,0
8988,-1,-1,8988,-1,6175,5976,8134,8789,3298,0,0,0,0,8988,0,-1,0
8989,-1,-1,8989,-1,-1,5977,8135,8790,-1,0,0,0,0,8989,0,-1,0
8990,-1,-1,8990,-1,6176,5977,8135,8790,-1,0,0,0,0,8990,0,-1,0
8991,-1,-1,8991,-1,6176,-1,8136,8791,3298,0,0,0,0,8991,0,-1,0
8992,-1,-1,8992,5236,6177,5978,8137,8792,3298,0,0,0,0,8992,0,-1,0
8993,-1,-1,8993,-1,6178,5979,8138,8793,3298,0,0,0,0,8993,0,-1,0
8994,-1,-1,8994,-1,6179,5980,8139,8794,3299,0,0,0,0,8994,0,-1,0
8995,-1,-1,8995,5237,6179,5981,8140,8795,-1,0,0,0,0,8995,0,-1,0
8996,-1,-1,8996,5238,6180,5982,8140,8796,3300,0,0,0,0,8996,0,-1,0
8997,-1,-1,8997,-1,6181,5983,8141,8797,3301,0,0,0,0,8997,0,-1,0
8998,-1,63,8998,5239,6182,5983,8142,8798,3302,0,0,0,0,8998,0,-1,0
8999,-1,-1,8999,5239,6183,5984,8143,8799,-1,0,0,0,0,8999,0,-1,0
9000,-1,-1,9000,-1,6184,-1,8144,8800,-1,0,0,0,0,9000,0,-1,0
9001,-1,-1,9001,5240,6184,-1,8145,8801,-1,0,0,0,0,9001,0,-1,0
9002,-1,-1,9002,5240,6185,-1,8146,8802,3303,0,0,0,0,9002,0,-1,0
9003,-1,-1,9003,-1,-1,-1,8147,8803,-1,0,0,0,0,9003,0,-1,0
9004,-1,-1,9004,5241,6186,5985,8148,8804,3304,0,0,0,0,9004,0,-1,0
9005,-1,-1,9005,-1,6187,-1,8149,8805,-1,0,0,0,0,9005,0,-1,0
9006,-1,-1,9006,5242,6188,5986,8150,8806,3305,0,0,0,0,9006,0,-1,0
9007,-1,-1,9007,-1,6189,5987,8151,8807,3306,0,0,0,0,9007,0,-1,0
9008,-1,-1,9008,5243,-1,-1,8152,8808,3306,0,0,0,0,9008,0,-1,0
9009,-1,-1,9009,-1,6190,5988,8153,8809,3306,0,0,0,0,9009,0,-1,0
9010,-1,-1,9010,-1,-1,5989,8154,8810,3307,0,0,0,0,9010,0,-1,0
9011,-1,-1,9011,-1,6191,5990,8155,8811,-1,0,0,0,0,9011,0,-1,0
9012,-1,-1,9012,-1,-1,-1,-1,8812,3308,0,0,0,0,9012,0,-1,0
9013,-1,-1,9013,-1,6191,5991,8156,8813,3308,0,0,0,0,9013,0,-1,0
9014,-1,-1,9014,5243,6191,5992,8157,8814,3309,0,0,0,0,9014,0,-1,0
9015,-1,-1,9015,5244,6192,5993,8157,8815,3310,0,0,0,0,9015,0,-1,0
9016,-1,-1,9016,5245,6193,5993,8158,8816,3311,0,0,0,0,9016,0,-1,0
9017,-1,-1,9017,-1,6193,5994,8159,8817,-1,0,0,0,0,9017,0,-1,0
9018,-1,-1,9018,5246,6194,-1,8159,8817,-1,0,0,0,0,9018,0,-1,0
9019,-1,-1,9019,-1,6195,5995,8159,8818,3311,0,0,0,0,9019,0,-1,0
9020,-1,-1,9020,5247,6196,5996,8160,8819,3311,0,0,0,0,9020,0,-1,0
9021,-1,-1,9021,-1,-1,-1,8160,8820,3312,0,0,0,0,9021,0,-1,0
9022,-1,-1,9022,5248,6197,5997,8161,8821,-1,0,0,0,0,9022,0,-1,0
9023,-1,-1,9023,-1,-1,-1,8161,8822,3313,0,0,0,0,9023,0,-1,0
9024,-1,-1,9024,5249,6197,5998,8161,8823,-1,0,0,0,0,9024,0,-1,0
9025,-1,-1,9025,5250,6198,5999,8161,8824,3313,0,0,0,0,9025,0,-1,0
9026,-1,-1,9026,-1,-1,-1,8162,8825,-1,0,0,0,0,9026,0,-1,0
9027,-1,-1,9027,5251,6199,6000,8163,8826,-1,0,0,0,0,9027,0,-1,0
9028,-1,-1,9028,5252,6200,6001,8163,8827,3314,0,0,0,0,9028,0,-1,0
9029,-1,-1,9029,-1,-1,-1,-1,8828,3314,0,0,0,0,9029,0,-1,0
9030,-1,-1,9030,5252,6201,6002,8163,8829,3315,0,0,0,0,9030,0,-1,0
9031,-1,-1,9031,5253,6202,6003,8164,8830,3315,0,0,0,0,9031,0,-1,0
9032,-1,-1,9032,5253,-1,-1,8165,8831,-1,0,0,0,0,9032,0,-1,0
9033,-1,-1,9033,-1,-1,-1,8166,8832,-1,0,0,0,0,9033,0,-1,0
9034,-1,-1,9034,-1,6203,6004,8167,8833,-1,0,0,0,0,9034,0,-1,0
9035,-1,-1,9035,5254,6204,6005,8168,8834,3316,0,0,0,0,9035,0,-1,0
9036,-1,-1,9036,-1,-1,-1,8169,8835,-1,0,0,0,0,9036,0,-1,0
9037,-1,-1,9037,5255,6205,-1,8170,8836,-1,0,0,0,0,9037,0,-1,0
9038,-1,-1,9038,-1,6206,-1,8171,8837,-1,0,0,0,0,9038,0,-1,0
9039,-1,-1,9039,5256,6207,-1,8172,8838,3317,0,0,0,0,9039,0,-1,0
9040,-1,-1,9040,5257,6208,6006,8173,8839,3318,0,0,0,0,9040,0,-1,0
9041,-1,-1,9041,5258,6208,6006,8174,8840,3318,0,0,0,0,9041,0,-1,0
9042,-1,-1,9042,5259,6208,6007,8175,8841,3318,0,0,0,0,9042,0,-1,0
9043,-1,-1,9043,5260,6209,-1,8176,8842,3318,0,0,0,0,9043,0,-1,0
9044,-1,-1,9044,5261,6210,-1,8177,8843,3318,0,0,0,0,9044,0,-1,0
9045,-1,-1,9045,5262,6211,6008,8178,8844,3319,0,0,0,0,9045,0,-1,0
9046,-1,-1,9046,5263,6212,6009,8179,8845,3320,0,0,0,0,9046,0,-1,0
9047,-1,-1,9047,-1,6213,6010,8180,8846,-1,0,0,0,0,9047,0,-1,0
9048,-1,-1,9048,5264,6214,6011,8181,8847,3320,0,0,0,0,9048,0,-1,0
9049,-1,-1,9049,-1,6214,6012,8182,8848,3320,0,0,0,0,9049,0,-1,0
9050,-1,-1,9050,-1,-1,-1,8183,8849,3321,0,0,0,0,9050,0,-1,0
9051,-1,-1,9051,5265,6215,6013,8184,8850,-1,0,0,0,0,9051,0,-1,0
9052,-1,-1,9052,5266,6215,6014,8185,8851,-1,0,0,0,0,9052,0,-1,0
9053,-1,-1,9053,5267,6215,6015,8186,8852,3322,0,0,0,0,9053,0,-1,0
9054,-1,-1,9054,5268,6216,-1,8187,8853,3323,0,0,0,0,9054,0,-1,0
9055,-1,-1,9055,5269,6217,6016,8188,8854,3324,0,0,0,0,9055,0,-1,0
9056,-1,-1,9056,5270,6218,6017,8189,8855,3324,0,0,0,0,9056,0,-1,0
9057,-1,-1,9057,5271,6219,6018,8190,8856,-1,0,0,0,0,9057,0,-1,0
9058,-1,-1,9058,-1,6220,6019,8191,8857,-1,0,0,0,0,9058,0,-1,0
9059,-1,-1,9059,5272,6221,6020,8192,8858,-1,0,0,0,0,9059,0,-1,0
9060,-1,-1,9060,5273,6222,6020,8193,8859,-1,0,0,0,0,9060,0,-1,0
9061,-1,-1,9061,5274,6223,-1,8194,8860,-1,0,0,0,0,9061,0,-1,0
9062,-1,-1,9062,5275,6224,6021,8195,8861,-1,0,0,0,0,9062,0,-1,0
9063,-1,-1,9063,5276,6225,6022,8196,8862,3324,0,0,0,0,9063,0,-1,0
9064,-1,-1,9064,-1,6226,6023,8197,8863,3324,0,0,0,0,9064,0,-1,0
9065,-1,-1,9065,5277,6227,6024,8198,8864,3324,0,0,0,0,9065,0,-1,0
9066,-1,-1,9066,5278,6227,6025,8199,8865,3324,0,0,0,0,9066,0,-1,0
9067,-1,-1,9067,5278,-1,6026,8200,8866,-1,0,0,0,0,9067,0,-1,0
9068,-1,-1,9068,5278,6228,6027,8200,8867,3325,0,0,0,0,9068,0,-1,0
9069,-1,-1,9069,5278,6228,6028,8201,8868,-1,0,0,0,0,9069,0,-1,0
9070,-1,-1,9070,-1,-1,-1,8202,8869,-1,0,0,0,0,9070,0,-1,0
9071,-1,-1,9071,-1,-1,-1,8202,8869,-1,0,0,0,0,9071,0,-1,0
9072,-1,-1,9072,5278,6229,6029,8203,8870,3326,0,0,0,0,9072,0,-1,0
9073,-1,-1,9073,-1,-1,-1,8204,8871,3327,0,0,0,0,9073,0,-1,0
9074,-1,-1,9074,5279,6230,6030,8205,8872,3328,0,0,0,0,9074,0,-1,0
9075,-1,-1,9075,5280,6231,-1,8206,8873,-1,0,0,0,0,9075,0,-1,0
9076,-1,-1,9076,5281,6232,6031,8207,8874,-1,0,0,0,0,9076,0,-1,0
9077,-1,-1,9077,5281,6233,6032,8208,8875,3329,0,0,0,0,9077,0,-1,0
9078,-1,-1,9078,5282,6234,6033,8209,8876,-1,0,0,0,0,9078,0,-1,0
9079,-1,-1,9079,5283,-1,-1,8210,8877,3330,0,0,0,0,9079,0,-1,0
9080,-1,-1,9080,-1,6235,6034,8211,8878,3331,0,0,0,0,9080,0,-1,0
9081,-1,-1,9081,5284,6235,6035,8212,8879,-1,0,0,0,0,9081,0,-1,0
9082,-1,-1,9082,-1,-1,-1,8213,8880,-1,0,0,0,0,9082,0,-1,0
9083,-1,-1,9083,5285,6235,-1,8214,8881,3332,0,0,0,0,9083,0,-1,0
9084,-1,-1,9084,5285,6236,6036,8215,8882,3332,0,0,0,0,9084,0,-1,0
9085,-1,-1,9085,5286,6237,6037,8216,8883,3333,0,0,0,0,9085,0,-1,0
9086,-1,-1,9086,5287,-1,-1,8217,8884,3334,0,0,0,0,9086,0,-1,0
9087,-1,-1,9087,5288,6238,6038,8218,8885,-1,0,0,0,0,9087,0,-1,0
9088,-1,-1,9088,5289,6239,6039,8219,8886,3334,0,0,0,0,9088,0,-1,0
9089,-1,-1,9089,5290,6240,6040,8220,8887,-1,0,0,0,0,9089,0,-1,0
9090,-1,-1,9090,5291,6241,-1,8221,8888,3334,0,0,0,0,9090,0,-1,0
9091,-1,-1,9091,-1,6242,6041,8222,8889,3334,0,0,0,0,9091,0,-1,0
9092,-1,-1,9092,-1,6243,6042,8223,8890,3334,0,0,0,0,9092,0,-1,0
9093,-1,-1,9093,-1,6244,6043,8224,8891,3334,0,0,0,0,9093,0,-1,0
9094,-1,-1,9094,5292,6245,6044,8225,8892,3334,0,0,0,0,9094,0,-1,0
9095,-1,-1,9095,-1,-1,-1,8226,8893,3334,0,0,0,0,9095,0,-1,0
9096,-1,-1,9096,5293,6245,-1,8227,8894,3334,0,0,0,0,9096,0,-1,0
9097,-1,-1,9097,5294,6246,-1,8228,8895,3334,0,0,0,0,9097,0,-1,0
9098,-1,-1,9098,-1,6247,6045,8229,8896,-1,0,0,0,0,9098,0,-1,0
9099,-1,-1,9099,5294,6247,6046,8230,8897,3334,0,0,0,0,9099,0,-1,0
9100,-1,-1,9100,-1,-1,-1,8231,8898,-1,0,0,0,0,9100,0,-1,0
9101,-1,-1,9101,5295,6248,-1,8232,8899,3334,0,0,0,0,9101,0,-1,0
9102,-1,-1,9102,-1,-1,-1,8233,8900,-1,0,0,0,0,9102,0,-1,0
9103,-1,-1,9103,5296,6249,6047,8234,8901,-1,0,0,0,0,9103,0,-1,0
9104,-1,-1,9104,5297,6250,6048,8234,8902,3334,0,0,0,0,9104,0,-1,0
9105,-1,-1,9105,5298,6251,-1,8235,8903,-1,0,0,0,0,9105,0,-1,0
9106,-1,-1,9106,5299,6252,-1,8236,8904,3334,0,0,0,0,9106,0,-1,0
9107,-1,-1,9107,5300,-1,6049,8237,8905,3335,0,0,0,0,9107,0,-1,0
9108,-1,-1,9108,5301,6253,6050,-1,8906,3336,0,0,0,0,9108,0,-1,0
9109,-1,-1,9109,5302,6254,-1,8238,8907,3337,0,0,0,0,9109,0,-1,0
9110,-1,-1,9110,5303,6255,-1,8239,8908,-1,0,0,0,0,9110,0,-1,0
9111,-1,-1,9111,5304,6255,6051,8240,8909,3337,0,0,0,0,9111,0,-1,0
9112,-1,-1,9112,-1,-1,-1,8241,8910,3337,0,0,0,0,9112,0,-1,0
9113,-1,-1,9113,-1,-1,-1,8242,8911,3337,0,0,0,0,9113,0,-1,0
9114,-1,-1,9114,5305,6256,6052,8243,8912,3338,0,0,0,0,9114,0,-1,0
9115,-1,-1,9115,-1,6257,6053,8244,8913,-1,0,0,0,0,9115,0,-1,0
9116,-1,-1,9116,-1,-1,-1,8245,8914,-1,0,0,0,0,9116,0,-1,0
9117,-1,-1,9117,5306,6258,6054,8246,8915,3339,0,0,0,0,9117,0,-1,0
9118,-1,-1,9118,5307,6259,6055,8247,8916,3339,0,0,0,0,9118,0,-1,0
9119,-1,-1,9119,5308,6260,6056,8248,8917,3340,0,0,0,0,9119,0,-1,0
9120,-1,-1,9120,5309,6261,6057,8249,8918,3341,0,0,0,0,9120,0,-1,0
9121,-1,-1,9121,5310,6262,6058,8250,8919,-1,0,0,0,0,9121,0,-1,0
9122,-1,-1,9122,5311,6263,6059,8251,8920,3342,0,0,0,0,9122,0,-1,0
9123,-1,-1,9123,5312,6264,6060,8252,8921,3342,0,0,0,0,9123,0,-1,0
9124,-1,-1,9124,5312,6264,6061,8253,8922,3342,0,0,0,0,9124,0,-1,0
9125,-1,-1,9125,-1,-1,-1,8254,8923,-1,0,0,0,0,9125,0,-1,0
9126,-1,-1,9126,5313,6265,6062,8255,8924,3342,0,0,0,0,9126,0,-1,0
9127,-1,-1,9127,-1,6266,6063,8256,8925,3343,0,0,0,0,9127,0,-1,0
9128,-1,-1,9128,-1,6266,6064,8257,8926,3344,0,0,0,0,9128,0,-1,0
9129,-1,-1,9129,5314,6267,6065,8258,8927,-1,0,0,0,0,9129,0,-1,0
9130,-1,-1,9130,-1,6267,6066,8259,8928,-1,0,0,0,0,9130,0,-1,0
9131,-1,-1,9131,-1,6268,-1,8260,8929,3344,0,0,0,0,9131,0,-1,0
9132,-1,-1,9132,-1,-1,-1,8261,8930,-1,0,0,0,0,9132,0,-1,0
9133,-1,-1,9133,-1,6268,-1,8262,8931,3344,0,0,0,0,9133,0,-1,0
9134,-1,-1,9134,5315,6269,6067,8263,8932,3344,0,0,0,0,9134,0,-1,0
9135,-1,-1,9135,-1,-1,-1,8264,8933,-1,0,0,0,0,9135,0,-1,0
9136,-1,-1,9136,5316,6269,6068,8265,8934,3345,0,0,0,0,9136,0,-1,0
9137,-1,-1,9137,5316,6270,6069,8266,8935,3346,0,0,0,0,9137,0,-1,0
9138,-1,-1,9138,-1,6270,6070,8267,8936,3347,0,0,0,0,9138,0,-1,0
9139,-1,-1,9139,-1,-1,-1,8268,8937,3348,0,0,0,0,9139,0,-1,0
9140,-1,-1,9140,5316,6271,6071,8269,8938,3349,0,0,0,0,9140,0,-1,0
9141,-1,-1,9141,5317,6272,-1,8270,8939,3350,0,0,0,0,9141,0,-1,0
9142,-1,-1,9142,5318,6273,6072,8271,8940,3351,0,0,0,0,9142,0,-1,0
9143,-1,-1,9143,5319,6274,6073,8272,8941,3352,0,0,0,0,9143,0,-1,0
9144,-1,-1,9144,-1,6275,6074,8273,8942,3353,0,0,0,0,9144,0,-1,0
9145,-1,-1,9145,5320,6276,6074,8274,8943,3354,0,0,0,0,9145,0,-1,0
9146,-1,-1,9146,5321,6277,6075,8275,8944,3355,0,0,0,0,9146,0,-1,0
9147,-1,-1,9147,5322,-1,6076,8276,8945,3355,0,0,0,0,9147,0,-1,0
9148,-1,-1,9148,5323,6277,6077,8277,8946,-1,0,0,0,0,9148,0,-1,0
9149,-1,-1,9149,5324,6278,6078,8277,8947,3356,0,0,0,0,9149,0,-1,0
9150,-1,-1,9150,-1,6279,-1,8278,8948,3357,0,0,0,0,9150,0,-1,0
9151,-1,-1,9151,5325,6280,-1,8279,8949,3358,0,0,0,0,9151,0,-1,0
9152,-1,-1,9152,5326,6281,6079,8280,8950,3359,0,0,0,0,9152,0,-1,0
9153,-1,-1,9153,-1,-1,-1,8281,8951,3359,0,0,0,0,9153,0,-1,0
9154,-1,-1,9154,5327,6282,6080,8282,8952,-1,0,0,0,0,9154,0,-1,0
9155,-1,-1,9155,5328,6283,6081,8283,8953,3359,0,0,0,0,9155,0,-1,0
9156,-1,-1,9156,5329,6284,6082,8284,8954,3360,0,0,0,0,9156,0,-1,0
9157,-1,-1,9157,5330,6285,6083,8285,8955,-1,0,0,0,0,9157,0,-1,0
9158,-1,-1,9158,-1,6286,-1,8286,8956,-1,0,0,0,0,9158,0,-1,0
9159,-1,-1,9159,5331,6287,6084,8287,8957,3360,0,0,0,0,9159,0,-1,0
9160,-1,-1,9160,5331,6288,6085,8288,8958,3361,0,0,0,0,9160,0,-1,0
9161,-1,-1,9161,5332,6288,6086,8289,8959,-1,0,0,0,0,9161,0,-1,0
9162,-1,-1,9162,5333,6289,6087,8290,8960,3362,0,0,0,0,9162,0,-1,0
9163,-1,-1,9163,5333,6290,6088,8291,8961,3363,0,0,0,0,9163,0,-1,0
9164,-1,-1,9164,-1,-1,-1,8292,8962,-1,0,0,0,0,9164,0,-1,0
9165,-1,-1,9165,5334,6291,6089,8293,8963,3364,0,0,0,0,9165,0,-1,0
9166,-1,-1,9166,-1,-1,-1,8294,8964,-1,0,0,0,0,9166,0,-1,0
9167,-1,-1,9167,5335,6292,6090,8295,8965,3364,0,0,0,0,9167,0,-1,0
9168,-1,-1,9168,5336,6293,6091,8296,8966,3365,0,0,0,0,9168,0,-1,0
9169,-1,-1,9169,-1,6293,6092,8297,8967,3365,0,0,0,0,9169,0,-1,0
9170,-1,-1,9170,5337,6294,6093,8298,8968,3366,0,0,0,0,9170,0,-1,0
9171,-1,-1,9171,5338,6294,6094,8299,8969,3367,0,0,0,0,9171,0,-1,0
9172,-1,-1,9172,-1,-1,-1,8300,8970,-1,0,0,0,0,9172,0,-1,0
9173,-1,-1,9173,5339,-1,-1,8301,8971,3368,0,0,0,0,9173,0,-1,0
9174,-1,-1,9174,-1,-1,-1,8302,8972,-1,0,0,0,0,9174,0,-1,0
9175,-1,-1,9175,-1,6294,6095,8303,8973,-1,0,0,0,0,9175,0,-1,0
9176,-1,-1,9176,-1,6295,6096,8304,8974,-1,0,0,0,0,9176,0,-1,0
9177,-1,-1,9177,5340,6296,6097,8305,8975,3368,0,0,0,0,9177,0,-1,0
9178,-1,-1,9178,-1,-1,-1,8306,8976,-1,0,0,0,0,9178,0,-1,0
9179,-1,-1,9179,-1,-1,-1,8306,8977,3368,0,0,0,0,9179,0,-1,0
9180,-1,64,9180,5341,6296,6098,8306,8978,-1,0,0,0,0,9180,0,-1,0
9181,-1,-1,9181,-1,-1,-1,8307,8979,-1,0,0,0,0,9181,0,-1,0
9182,-1,-1,9182,5342,6297,6099,8308,8980,3368,0,0,0,0,9182,0,-1,0
9183,-1,-1,9183,-1,6298,-1,8309,8981,-1,0,0,0,0,9183,0,-1,0
9184,-1,-1,9184,5343,6298,6100,8310,8982,3369,0,0,0,0,9184,0,-1,0
9185,-1,-1,9185,-1,6299,6101,8311,8983,3370,0,0,0,0,9185,0,-1,0
9186,-1,-1,9186,5344,6300,6102,8312,8984,3371,0,0,0,0,9186,0,-1,0
9187,-1,-1,9187,5345,6300,6103,8312,8985,3372,0,0,0,0,9187,0,-1,0
9188,-1,-1,9188,5346,6300,6104,8313,8986,3373,0,0,0,0,9188,0,-1,0
9189,-1,-1,9189,5347,-1,-1,8314,8987,-1,0,0,0,0,9189,0,-1,0
9190,-1,65,9190,-1,-1,-1,8315,8988,-1,0,0,0,0,9190,0,-1,0
9191,-1,-1,9191,5348,6300,-1,8316,8989,-1,0,0,0,0,9191,0,-1,0
9192,-1,-1,9192,5348,6301,6105,8317,8990,-1,0,0,0,0,9192,0,-1,0
9193,-1,-1,9193,-1,6302,6106,8318,8991,-1,0,0,0,0,9193,0,-1,0
9194,-1,-1,9194,5349,6303,6107,8319,8992,3374,0,0,0,0,9194,0,-1,0
9195,-1,-1,9195,5349,6304,6108,8320,8993,-1,0,0,0,0,9195,0,-1,0
9196,-1,-1,9196,5350,-1,6109,8321,8994,-1,0,0,0,0,9196,0,-1,0
9197,-1,-1,9197,-1,-1,6110,8322,8995,3374,0,0,0,0,9197,0,-1,0
9198,-1,-1,9198,5351,6304,6111,8323,8996,-1,0,0,0,0,9198,0,-1,0
9199,-1,-1,9199,5352,6305,-1,8324,8997,3374,0,0,0,0,9199,0,-1,0
9200,-1,-1,9200,5353,6305,6112,8325,8998,3375,0,0,0,0,9200,0,-1,0
9201,-1,-1,9201,5354,6306,6113,8326,8999,-1,0,0,0,0,9201,0,-1,0
9202,-1,-1,9202,-1,-1,-1,8327,9000,3376,0,0,0,0,9202,0,-1,0
9203,-1,-1,9203,5355,6307,6114,8328,9001,3376,0,0,0,0,9203,0,-1,0
9204,-1,-1,9204,-1,6308,6115,8329,9002,3377,0,0,0,0,9204,0,-1,0
9205,-1,-1,9205,5356,6309,6116,8330,9003,3377,0,0,0,0,9205,0,-1,0
9206,-1,-1,9206,5357,6310,6117,8331,9004,3377,0,0,0,0,9206,0,-1,0
9207,-1,-1,9207,-1,6310,6118,8332,9005,3377,0,0,0,0,9207,0,-1,0
9208,-1,-1,9208,-1,6311,6119,8333,9006,3377,0,0,0,0,9208,0,-1,0
9209,-1,-1,9209,-1,-1,-1,8334,9007,-1,0,0,0,0,9209,0,-1,0
9210,-1,-1,9210,5358,6312,6120,8335,9008,3378,0,0,0,0,9210,0,-1,0
9211,-1,-1,9211,5359,6313,6121,8336,9009,-1,0,0,0,0,9211,0,-1,0
9212,-1,-1,9212,-1,6314,6122,8337,9010,-1,0,0,0,0,9212,0,-1,0
9213,-1,-1,9213,-1,6314,-1,8338,9011,-1,0,0,0,0,9213,0,-1,0
9214,-1,-1,9214,5360,6314,6123,8339,9012,-1,0,0,0,0,9214,0,-1,0
9215,-1,-1,9215,5361,6314,6124,8340,9013,3379,0,0,0,0,9215,0,-1,0
9216,-1,-1,9216,5362,6315,-1,8341,9014,3379,0,0,0,0,9216,0,-1,0
9217,-1,-1,9217,-1,-1,-1,8342,9015,-1,0,0,0,0,9217,0,-1,0
9218,-1,-1,9218,5363,6315,6125,8343,9016,3379,0,0,0,0,9218,0,-1,0
9219,-1,-1,9219,-1,-1,-1,8344,9017,-1,0,0,0,0,9219,0,-1,0
9220,-1,-1,9220,-1,6316,6126,8344,9018,3379,0,0,0,0,9220,0,-1,0
9221,-1,-1,9221,5364,6317,6127,8345,9019,-1,0,0,0,0,9221,0,-1,0
9222,-1,-1,9222,5365,6318,6128,8346,9020,3379,0,0,0,0,9222,0,-1,0
9223,-1,-1,9223,-1,-1,-1,8347,9021,-1,0,0,0,0,9223,0,-1,0
9224,-1,-1,9224,5366,6319,6129,8348,9022,3380,0,0,0,0,9224,0,-1,0
9225,-1,-1,9225,5367,6320,6130,8349,9023,3381,0,0,0,0,9225,0,-1,0
9226,-1,-1,9226,5368,6321,6131,8349,9024,3382,0,0,0,0,9226,0,-1,0
9227,-1,-1,9227,-1,-1,-1,8350,9025,-1,0,0,0,0,9227,0,-1,0
9228,-1,-1,9228,-1,6322,6132,8351,9026,-1,0,0,0,0,9228,0,-1,0
9229,-1,-1,9229,5369,6323,6132,8352,9027,-1,0,0,0,0,9229,0,-1,0
9230,-1,-1,9230,5370,6324,6132,8353,9028,-1,0,0,0,0,9230,0,-1,0
9231,-1,-1,9231,-1,6325,6133,8353,9028,-1,0,0,0,0,9231,0,-1,0
9232,-1,-1,9232,5370,6326,6134,8354,9029,3383,0,0,0,0,9232,0,-1,0
9233,-1,-1,9233,-1,-1,6135,8355,9030,3384,0,0,0,0,9233,0,-1,0
9234,-1,-1,9234,5371,6327,6136,8356,9031,3385,0,0,0,0,9234,0,-1,0
9235,-1,-1,9235,5372,6328,6137,8357,9032,3386,0,0,0,0,9235,0,-1,0
9236,-1,-1,9236,-1,-1,6138,8358,9033,3387,0,0,0,0,9236,0,-1,0
9237,-1,-1,9237,5373,6329,6139,8359,9034,3387,0,0,0,0,9237,0,-1,0
9238,-1,-1,9238,5374,6330,6139,8360,9035,-1,0,0,0,0,9238,0,-1,0
9239,-1,-1,9239,5375,6331,6140,8361,9036,3388,0,0,0,0,9239,0,-1,0
9240,-1,-1,9240,5376,6331,6141,8362,9037,3389,0,0,0,0,9240,0,-1,0
9241,-1,-1,9241,-1,6332,6142,8363,9038,-1,0,0,0,0,9241,0,-1,0
9242,-1,-1,9242,5377,6332,6143,8364,9039,3390,0,0,0,0,9242,0,-1,0
9243,-1,-1,9243,-1,6332,6144,8365,9040,3391,0,0,0,0,9243,0,-1,0
9244,-1,-1,9244,5378,6333,-1,8366,9041,3392,0,0,0,0,9244,0,-1,0
9245,-1,-1,9245,-1,-1,-1,8367,9042,-1,0,0,0,0,9245,0,-1,0
9246,-1,-1,9246,5379,6334,6145,8368,9043,3393,0,0,0,0,9246,0,-1,0
9247,-1,-1,9247,5379,6335,6146,8369,9044,3394,0,0,0,0,9247,0,-1,0
9248,-1,-1,9248,-1,6336,6147,8370,9045,3394,0,0,0,0,9248,0,-1,0
9249,-1,-1,9249,5380,6337,6148,8371,9046,-1,0,0,0,0,9249,0,-1,0
9250,-1,-1,9250,5380,6338,-1,8372,9047,3394,0,0,0,0,9250,0,-1,0
9251,-1,-1,9251,5381,6339,6149,8373,9048,-1,0,0,0,0,9251,0,-1,0
9252,-1,-1,9252,-1,6340,-1,8374,9049,3394,0,0,0,0,9252,0,-1,0
9253,-1,-1,9253,5382,6341,-1,8375,9050,3395,0,0,0,0,9253,0,-1,0
9254,-1,-1,9254,-1,6342,-1,8376,9051,3396,0,0,0,0,9254,0,-1,0
9255,-1,-1,9255,5383,6343,6150,8377,9052,-1,0,0,0,0,9255,0,-1,0
9256,-1,-1,9256,5384,6344,6151,8378,9053,-1,0,0,0,0,9256,0,-1,0
9257,-1,-1,9257,5385,6345,6152,8379,9054,3397,0,0,0,0,9257,0,-1,0
9258,-1,-1,9258,5386,6346,6153,8380,9055,3398,0,0,0,0,9258,0,-1,0
9259,-1,-1,9259,5387,6347,6154,8381,9056,3399,0,0,0,0,9259,0,-1,0
9260,-1,-1,9260,-1,6348,6155,8382,9057,-1,0,0,0,0,9260,0,-1,0
9261,-1,-1,9261,-1,-1,6156,8383,9058,3400,0,0,0,0,9261,0,-1,0
9262,-1,-1,9262,5387,6349,6157,8384,9059,-1,0,0,0,0,9262,0,-1,0
9263,-1,-1,9263,5388,6350,6157,8385,9060,3401,0,0,0,0,9263,0,-1,0
9264,-1,-1,9264,5389,-1,-1,8386,9061,-1,0,0,0,0,9264,0,-1,0
9265,-1,-1,9265,5389,6351,6158,8387,9062,-1,0,0,0,0,9265,0,-1,0
9266,-1,-1,9266,5390,6352,6159,8388,9063,-1,0,0,0,0,9266,0,-1,0
9267,-1,-1,9267,-1,6353,6160,8389,9064,3402,0,0,0,0,9267,0,-1,0
9268,-1,-1,9268,-1,6354,6161,8390,9065,3402,0,0,0,0,9268,0,-1,0
9269,-1,-1,9269,-1,-1,6162,8391,9066,-1,0,0,0,0,9269,0,-1,0
9270,-1,-1,9270,5390,-1,-1,8392,9067,3403,0,0,0,0,9270,0,-1,0
9271,-1,-1,9271,5391,6355,6163,8393,9068,3404,0,0,0,0,9271,0,-1,0
9272,-1,-1,9272,5392,6356,6164,8394,9069,3404,0,0,0,0,9272,0,-1,0
9273,-1,-1,9273,5392,6357,6164,8394,9070,3405,0,0,0,0,9273,0,-1,0
9274,-1,-1,9274,5393,-1,-1,8395,9071,-1,0,0,0,0,9274,0,-1,0
9275,-1,-1,9275,5393,6358,6164,8396,9072,-1,0,0,0,0,9275,0,-1,0
9276,-1,-1,9276,-1,-1,-1,8397,9073,-1,0,0,0,0,9276,0,-1,0
9277,-1,-1,9277,5394,6359,6164,8398,9074,3406,0,0,0,0,9277,0,-1,0
9278,-1,-1,9278,5395,6360,6165,8399,9075,3406,0,0,0,0,9278,0,-1,0
9279,-1,-1,9279,5396,6361,6166,8400,9076,3406,0,0,0,0,9279,0,-1,0
9280,-1,-1,9280,5397,6362,-1,8401,9077,-1,0,0,0,0,9280,0,-1,0
9281,-1,-1,9281,5398,6363,6167,8402,9078,3406,0,0,0,0,9281,0,-1,0
9282,-1,-1,9282,-1,6364,6168,8403,9079,3406,0,0,0,0,9282,0,-1,0
9283,-1,-1,9283,-1,-1,-1,8404,9080,-1,0,0,0,0,9283,0,-1,0
9284,-1,-1,9284,5399,6365,6168,8405,9081,3406,0,0,0,0,9284,0,-1,0
9285,-1,-1,9285,5400,6366,6169,8406,9082,3407,0,0,0,0,9285,0,-1,0
9286,-1,-1,9286,5401,6367,-1,8407,9083,-1,0,0,0,0,9286,0,-1,0
9287,-1,-1,9287,5402,6368,6169,8408,9084,-1,0,0,0,0,9287,0,-1,0
9288,-1,-1,9288,5403,6369,6170,8409,9085,-1,0,0,0,0,9288,0,-1,0
9289,-1,-1,9289,5404,6370,6171,8409,9086,3408,0,0,0,0,9289,0,-1,0
9290,-1,-1,9290,-1,-1,-1,8409,9087,-1,0,0,0,0,9290,0,-1,0
9291,-1,-1,9291,5405,6371,6172,8410,9088,3408,0,0,0,0,9291,0,-1,0
9292,-1,-1,9292,5406,6371,6172,8410,9089,-1,0,0,0,0,9292,0,-1,0
9293,-1,-1,9293,-1,6372,6173,8411,9090,3408,0,0,0,0,9293,0,-1,0
9294,-1,-1,9294,5406,6372,6174,8412,9091,-1,0,0,0,0,9294,0,-1,0
9295,-1,-1,9295,-1,-1,-1,8413,9092,-1,0,0,0,0,9295,0,-1,0
9296,-1,-1,9296,5407,6372,-1,8413,9092,-1,0,0,0,0,9296,0,-1,0
9297,-1,-1,9297,-1,6373,-1,8414,9093,-1,0,0,0,0,9297,0,-1,0
9298,-1,-1,9298,5408,6373,6175,8415,9094,-1,0,0,0,0,9298,0,-1,0
9299,-1,-1,9299,5409,-1,6176,8415,9094,-1,0,0,0,0,9299,0,-1,0
9300,-1,-1,9300,5410,6374,6177,8416,9095,3409,0,0,0,0,9300,0,-1,0
9301,-1,-1,9301,5411,6375,6178,8417,9096,3410,0,0,0,0,9301,0,-1,0
9302,-1,-1,9302,5412,6376,6179,8417,9097,3411,0,0,0,0,9302,0,-1,0
9303,-1,-1,9303,5413,6377,6180,8417,9098,3412,0,0,0,0,9303,0,-1,0
9304,-1,-1,9304,5414,6378,6181,8418,9099,3412,0,0,0,0,9304,0,-1,0
9305,-1,-1,9305,5414,6379,6182,8419,9100,-1,0,0,0,0,9305,0,-1,0
9306,-1,-1,9306,-1,6380,-1,8420,9101,-1,0,0,0,0,9306,0,-1,0
9307,-1,-1,9307,5415,6380,-1,8421,9102,3412,0,0,0,0,9307,0,-1,0
9308,-1,-1,9308,5416,6381,6183,8422,9103,-1,0,0,0,0,9308,0,-1,0
9309,-1,-1,9309,5416,6382,6184,8423,9104,3413,0,0,0,0,9309,0,-1,0
9310,-1,-1,9310,5417,6383,6185,8424,9105,-1,0,0,0,0,9310,0,-1,0
9311,-1,-1,9311,5418,6384,6186,8425,9106,3414,0,0,0,0,9311,0,-1,0
9312,-1,-1,9312,5419,6385,6187,8426,9107,3415,0,0,0,0,9312,0,-1,0
9313,-1,-1,9313,5420,6386,6188,8427,9108,-1,0,0,0,0,9313,0,-1,0
9314,-1,-1,9314,-1,-1,-1,8428,9109,-1,0,0,0,0,9314,0,-1,0
9315,-1,-1,9315,5421,6387,6189,8429,9110,-1,0,0,0,0,9315,0,-1,0
9316,-1,-1,9316,5422,6388,6190,8430,9111,3416,0,0,0,0,9316,0,-1,0
9317,-1,-1,9317,5423,6389,6191,8431,9112,-1,0,0,0,0,9317,0,-1,0
9318,-1,-1,9318,5424,6390,-1,8432,9113,-1,0,0,0,0,9318,0,-1,0
9319,-1,-1,9319,-1,6391,-1,8433,9114,3416,0,0,0,0,9319,0,-1,0
9320,-1,-1,9320,5425,6392,6192,8434,9115,3417,0,0,0,0,9320,0,-1,0
9321,-1,-1,9321,-1,6393,6192,8435,9116,-1,0,0,0,0,9321,0,-1,0
9322,-1,-1,9322,-1,-1,-1,-1,9117,-1,0,0,0,0,9322,0,-1,0
9323,-1,-1,9323,-1,-1,-1,8436,9118,-1,0,0,0,0,9323,0,-1,0
9324,-1,-1,9324,5425,6394,6193,8437,9119,3418,0,0,0,0,9324,0,-1,0
9325,-1,-1,9325,5426,6395,-1,8438,9120,3418,0,0,0,0,9325,0,-1,0
9326,-1,-1,9326,-1,-1,-1,8439,9121,-1,0,0,0,0,9326,0,-1,0
9327,-1,66,9327,-1,-1,-1,8440,9122,-1,0,0,0,0,9327,0,-1,0
9328,-1,-1,9328,5427,6396,6194,8441,9123,3419,0,0,0,0,9328,0,-1,0
9329,-1,-1,9329,5428,6396,6195,8442,9124,3420,0,0,0,0,9329,0,-1,0
9330,-1,-1,9330,5429,6397,6196,8443,9125,-1,0,0,0,0,9330,0,-1,0
9331,-1,-1,9331,5430,6398,6197,8444,9126,3420,0,0,0,0,9331,0,-1,0
9332,-1,-1,9332,-1,-1,-1,8445,9127,-1,0,0,0,0,9332,0,-1,0
9333,-1,-1,9333,5431,6399,-1,8446,9128,-1,0,0,0,0,9333,0,-1,0
9334,-1,-1,9334,5432,6400,6198,8447,9129,3421,0,0,0,0,9334,0,-1,0
9335,-1,-1,9335,-1,6401,6199,8448,9130,-1,0,0,0,0,9335,0,-1,0
9336,-1,67,9336,-1,-1,-1,8449,9131,3421,0,0,0,0,9336,0,-1,0
9337,-1,-1,9337,-1,6401,6200,8450,9132,3421,0,0,0,0,9337,0,-1,0
9338,-1,-1,9338,5433,6401,-1,8451,9133,-1,0,0,0,0,9338,0,-1,0
9339,-1,-1,9339,-1,-1,-1,-1,9134,-1,0,0,0,0,9339,0,-1,0
9340,-1,-1,9340,5433,6402,6201,8452,9135,3422,0,0,0,0,9340,0,-1,0
9341,-1,-1,9341,5434,6402,-1,8453,9136,-1,0,0,0,0,9341,0,-1,0
9342,-1,-1,9342,5435,6402,6202,8454,9137,3423,0,0,0,0,9342,0,-1,0
9343,-1,-1,9343,-1,-1,-1,8455,9138,3423,0,0,0,0,9343,0,-1,0
9344,-1,-1,9344,5436,6403,6203,8456,9139,-1,0,0,0,0,9344,0,-1,0
9345,-1,-1,9345,-1,6404,6204,8457,9140,-1,0,0,0,0,9345,0,-1,0
9346,-1,-1,9346,-1,6405,6205,8458,9141,-1,0,0,0,0,9346,0,-1,0
9347,-1,-1,9347,5437,-1,-1,8458,9142,3423,0,0,0,0,9347,0,-1,0
9348,-1,-1,9348,5437,6406,6206,-1,9143,3424,0,0,0,0,9348,0,-1,0
9349,-1,-1,9349,-1,-1,-1,8459,9144,-1,0,0,0,0,9349,0,-1,0
9350,-1,-1,9350,-1,6407,6206,8460,9145,3424,0,0,0,0,9350,0,-1,0
9351,-1,-1,9351,5438,6408,6207,8460,9146,-1,0,0,0,0,9351,0,-1,0
9352,-1,-1,9352,5438,6408,6208,8460,9147,3424,0,0,0,0,9352,0,-1,0
9353,-1,68,9353,5439,6409,6209,8461,9148,-1,0,0,0,0,9353,0,-1,0
9354,-1,-1,9354,5440,6410,-1,8462,9149,3425,0,0,0,0,9354,0,-1,0
9355,-1,-1,9355,5441,6411,6210,8463,9150,-1,0,0,0,0,9355,0,-1,0
9356,-1,-1,9356,5442,6412,6211,8464,9151,3426,0,0,0,0,9356,0,-1,0
9357,-1,-1,9357,5443,-1,-1,8465,9152,3427,0,0,0,0,9357,0,-1,0
9358,-1,-1,9358,5444,6412,6212,8466,9153,-1,0,0,0,0,9358,0,-1,0
9359,-1,-1,9359,-1,6413,-1,8467,9154,3427,0,0,0,0,9359,0,-1,0
9360,-1,-1,9360,5444,6414,6213,8468,9155,3427,0,0,0,0,9360,0,-1,0
9361,-1,-1,9361,-1,6415,6213,8469,9156,-1,0,0,0,0,9361,0,-1,0
9362,-1,-1,9362,-1,6416,6214,8470,9157,3427,0,0,0,0,9362,0,-1,0
9363,-1,-1,9363,5444,6417,6215,8471,9158,3428,0,0,0,0,9363,0,-1,0
9364,-1,-1,9364,5444,6418,6216,8472,9159,3429,0,0,0,0,9364,0,-1,0
9365,-1,-1,9365,5445,6419,-1,8473,9160,3429,0,0,0,0,9365,0,-1,0
9366,-1,-1,9366,5446,6420,6217,8474,9161,-1,0,0,0,0,9366,0,-1,0
9367,-1,-1,9367,-1,-1,-1,8475,9162,-1,0,0,0,0,9367,0,-1,0
9368,-1,-1,9368,5447,6421,6218,8476,9163,-1,0,0,0,0,9368,0,-1,0
9369,-1,-1,9369,-1,6421,6219,8477,9164,-1,0,0,0,0,9369,0,-1,0
9370,-1,-1,9370,-1,-1,6220,8478,9165,3429,0,0,0,0,9370,0,-1,0
9371,-1,-1,9371,5448,-1,-1,8479,9166,3429,0,0,0,0,9371,0,-1,0
9372,-1,-1,9372,-1,6422,6221,8479,9167,-1,0,0,0,0,9372,0,-1,0
9373,-1,-1,9373,5449,-1,-1,8480,9168,3429,0,0,0,0,9373,0,-1,0
9374,-1,-1,9374,-1,-1,-1,8480,9169,-1,0,0,0,0,9374,0,-1,0
9375,-1,-1,9375,5450,6422,6222,8480,9169,-1,0,0,0,0,9375,0,-1,0
9376,-1,-1,9376,-1,6423,-1,8480,9169,-1,0,0,0,0,9376,0,-1,0
9377,-1,-1,9377,5451,6424,6223,8481,9170,-1,0,0,0,0,9377,0,-1,0
9378,-1,-1,9378,5452,6424,-1,8482,9171,-1,0,0,0,0,9378,0,-1,0
9379,-1,-1,9379,-1,-1,-1,8483,9172,3429,0,0,0,0,9379,0,-1,0
9380,-1,-1,9380,5453,6425,6224,8484,9173,3429,0,0,0,0,9380,0,-1,0
9381,-1,-1,9381,-1,-1,6225,8485,9174,-1,0,0,0,0,9381,0,-1,0
9382,-1,-1,9382,5454,6426,6226,8486,9175,3430,0,0,0,0,9382,0,-1,0
9383,-1,-1,9383,5455,6427,6227,8487,9176,-1,0,0,0,0,9383,0,-1,0
9384,-1,-1,9384,-1,-1,-1,8488,9177,-1,0,0,0,0,9384,0,-1,0
9385,-1,-1,9385,5456,6428,-1,8489,9178,-1,0,0,0,0,9385,0,-1,0
9386,-1,-1,9386,5457,6428,6228,8490,9179,-1,0,0,0,0,9386,0,-1,0
9387,-1,-1,9387,5458,-1,-1,8491,9180,3431,0,0,0,0,9387,0,-1,0
9388,-1,-1,9388,5459,6429,6228,8491,9181,3431,0,0,0,0,9388,0,-1,0
9389,-1,-1,9389,5459,6430,6229,8492,9182,3431,0,0,0,0,9389,0,-1,0
9390,-1,-1,9390,5459,-1,6230,8493,9183,3432,0,0,0,0,9390,0,-1,0
9391,-1,-1,9391,-1,6430,-1,8494,9184,-1,0,0,0,0,9391,0,-1,0
9392,-1,-1,9392,5459,6431,6231,8495,9185,3433,0,0,0,0,9392,0,-1,0
9393,-1,-1,9393,5460,6432,6232,8496,9186,3434,0,0,0,0,9393,0,-1,0
9394,-1,-1,9394,5461,6433,6233,8497,9187,3435,0,0,0,0,9394,0,-1,0
9395,-1,-1,9395,-1,-1,-1,8498,9188,3436,0,0,0,0,9395,0,-1,0
9396,-1,-1,9396,-1,6434,6234,8499,9189,3437,0,0,0,0,9396,0,-1,0
9397,-1,-1,9397,-1,6435,6235,8500,9190,-1,0,0,0,0,9397,0,-1,0
9398,-1,-1,9398,5462,6436,6236,8501,9191,3437,0,0,0,0,9398,0,-1,0
9399,-1,-1,9399,5463,6437,6237,8502,9192,3437,0,0,0,0,9399,0,-1,0
9400,-1,-1,9400,-1,6438,6238,8503,9193,3438,0,0,0,0,9400,0,-1,0
9401,-1,-1,9401,-1,6439,6238,8504,9194,-1,0,0,0,0,9401,0,-1,0
9402,-1,-1,9402,5463,6440,-1,8505,9195,3439,0,0,0,0,9402,0,-1,0
9403,-1,-1,9403,5464,6441,6239,8506,9196,3439,0,0,0,0,9403,0,-1,0
9404,-1,-1,9404,5465,-1,-1,8507,9197,-1,0,0,0,0,9404,0,-1,0
9405,-1,-1,9405,5466,6442,6240,8508,9198,3439,0,0,0,0,9405,0,-1,0
9406,-1,-1,9406,5467,6443,6241,8509,9199,3439,0,0,0,0,9406,0,-1,0
9407,-1,-1,9407,5468,6444,-1,8510,9200,3439,0,0,0,0,9407,0,-1,0
9408,-1,-1,9408,5469,6444,6242,8511,9201,3440,0,0,0,0,9408,0,-1,0
9409,-1,-1,9409,-1,6445,6243,8512,9202,-1,0,0,0,0,9409,0,-1,0
9410,-1,-1,9410,-1,6446,6244,8513,9203,3441,0,0,0,0,9410,0,-1,0
9411,-1,-1,9411,5470,6447,6245,8514,9204,3442,0,0,0,0,9411,0,-1,0
9412,-1,-1,9412,5470,6448,-1,8515,9205,3443,0,0,0,0,9412,0,-1,0
9413,-1,-1,9413,-1,-1,-1,8516,9206,3444,0,0,0,0,9413,0,-1,0
9414,-1,-1,9414,5471,6449,6246,8517,9207,3445,0,0,0,0,9414,0,-1,0
9415,-1,-1,9415,5472,6449,6247,8518,9208,3446,0,0,0,0,9415,0,-1,0
9416,-1,-1,9416,5473,6450,6248,8519,9209,-1,0,0,0,0,9416,0,-1,0
9417,-1,-1,9417,5474,6451,6249,8520,9210,3446,0,0,0,0,9417,0,-1,0
9418,-1,-1,9418,-1,6451,6250,8521,9211,-1,0,0,0,0,9418,0,-1,0
9419,-1,-1,9419,5475,6452,-1,8522,9212,3447,0,0,0,0,9419,0,-1,0
9420,-1,-1,9420,-1,-1,-1,8523,9213,3448,0,0,0,0,9420,0,-1,0
9421,-1,-1,9421,5476,6453,-1,8524,9214,3449,0,0,0,0,9421,0,-1,0
9422,-1,-1,9422,5477,6453,6250,8525,9215,3450,0,0,0,0,9422,0,-1,0
9423,-1,-1,9423,-1,6454,-1,8526,9216,3451,0,0,0,0,9423,0,-1,0
9424,-1,-1,9424,5477,6455,-1,8527,9217,-1,0,0,0,0,9424,0,-1,0
9425,-1,-1,9425,5478,6456,6251,8528,9218,3452,0,0,0,0,9425,0,-1,0
9426,-1,-1,9426,5479,6457,6252,8529,9219,3452,0,0,0,0,9426,0,-1,0
9427,-1,-1,9427,-1,6458,6253,8530,9220,3453,0,0,0,0,9427,0,-1,0
9428,-1,-1,9428,5480,6459,6254,8530,9221,3454,0,0,0,0,9428,0,-1,0
9429,-1,-1,9429,5481,6459,6255,8531,9222,-1,0,0,0,0,9429,0,-1,0
9430,-1,-1,9430,-1,-1,6256,8532,9223,-1,0,0,0,0,9430,0,-1,0
9431,-1,-1,9431,-1,6460,6257,8533,9224,3455,0,0,0,0,9431,0,-1,0
9432,-1,-1,9432,5482,-1,-1,8534,9225,-1,0,0,0,0,9432,0,-1,0
9433,-1,-1,9433,5483,6461,6258,8535,9226,3455,0,0,0,0,9433,0,-1,0
9434,-1,-1,9434,5484,6461,6259,8536,9227,-1,0,0,0,0,9434,0,-1,0
9435,-1,-1,9435,5485,6462,-1,8537,9228,3456,0,0,0,0,9435,0,-1,0
9436,-1,-1,9436,5486,6463,6260,8538,9229,3457,0,0,0,0,9436,0,-1,0
9437,-1,-1,9437,-1,-1,-1,8539,9230,3458,0,0,0,0,9437,0,-1,0
9438,-1,-1,9438,5487,-1,6261,8540,9231,3459,0,0,0,0,9438,0,-1,0
9439,-1,-1,9439,5488,6464,6262,8541,9232,-1,0,0,0,0,9439,0,-1,0
9440,-1,-1,9440,5489,-1,-1,8542,9233,3459,0,0,0,0,9440,0,-1,0
9441,-1,-1,9441,5490,6465,-1,8543,9234,3459,0,0,0,0,9441,0,-1,0
9442,-1,-1,9442,5491,6466,6263,8544,9235,3459,0,0,0,0,9442,0,-1,0
9443,-1,-1,9443,5492,-1,-1,8545,9236,3459,0,0,0,0,9443,0,-1,0
9444,-1,-1,9444,5493,6466,6264,8546,9237,3460,0,0,0,0,9444,0,-1,0
9445,-1,-1,9445,5493,6467,6264,8547,9238,3461,0,0,0,0,9445,0,-1,0
9446,-1,-1,9446,-1,-1,-1,8548,9239,3461,0,0,0,0,9446,0,-1,0
9447,-1,-1,9447,5494,-1,6265,8549,9240,-1,0,0,0,0,9447,0,-1,0
9448,-1,-1,9448,-1,6468,6266,8550,9241,-1,0,0,0,0,9448,0,-1,0
9449,-1,-1,9449,5495,6468,6267,8551,9242,3461,0,0,0,0,9449,0,-1,0
9450,-1,-1,9450,-1,-1,-1,8551,9242,3461,0,0,0,0,9450,0,-1,0
9451,-1,-1,9451,5496,6468,-1,8552,9243,3461,0,0,0,0,9451,0,-1,0
9452,-1,-1,9452,5497,6469,6268,8553,9244,3462,0,0,0,0,9452,0,-1,0
9453,-1,-1,9453,-1,-1,-1,8554,9245,-1,0,0,0,0,9453,0,-1,0
9454,-1,-1,9454,5498,6470,6269,8555,9246,-1,0,0,0,0,9454,0,-1,0
9455,-1,-1,9455,-1,6471,-1,8556,9247,-1,0,0,0,0,9455,0,-1,0
9456,-1,-1,9456,5499,-1,-1,8556,9248,3463,0,0,0,0,9456,0,-1,0
9457,-1,-1,9457,5500,6472,6270,8557,9249,-1,0,0,0,0,9457,0,-1,0
9458,-1,-1,9458,5501,6473,-1,8558,9250,-1,0,0,0,0,9458,0,-1,0
9459,-1,-1,9459,5502,6474,6271,8559,9251,-1,0,0,0,0,9459,0,-1,0
9460,-1,-1,9460,5503,6475,-1,8560,9252,3463,0,0,0,0,9460,0,-1,0
9461,-1,-1,9461,5504,-1,6272,8561,9253,3463,0,0,0,0,9461,0,-1,0
9462,-1,-1,9462,-1,6475,6273,8562,9254,-1,0,0,0,0,9462,0,-1,0
9463,-1,-1,9463,5504,6476,6274,8563,9255,3463,0,0,0,0,9463,0,-1,0
9464,-1,-1,9464,5505,6477,6274,8564,9256,3463,0,0,0,0,9464,0,-1,0
9465,-1,-1,9465,5506,6478,6275,8565,9257,-1,0,0,0,0,9465,0,-1,0
9466,-1,-1,9466,5507,6479,6276,8566,9258,3463,0,0,0,0,9466,0,-1,0
9467,-1,-1,9467,5508,6479,6277,8567,9259,3464,0,0,0,0,9467,0,-1,0
9468,-1,-1,9468,5508,6479,-1,8568,9260,3465,0,0,0,0,9468,0,-1,0
9469,-1,-1,9469,5509,6480,6278,8569,9261,3466,0,0,0,0,9469,0,-1,0
9470,-1,-1,9470,-1,-1,-1,8570,9262,-1,0,0,0,0,9470,0,-1,0
9471,-1,-1,9471,-1,6481,6279,8571,9263,-1,0,0,0,0,9471,0,-1,0
9472,-1,-1,9472,5510,6482,6280,8572,9264,-1,0,0,0,0,9472,0,-1,0
9473,-1,-1,9473,5511,6483,6281,8573,9265,3467,0,0,0,0,9473,0,-1,0
9474,-1,-1,9474,5512,6484,-1,8574,9266,-1,0,0,0,0,9474,0,-1,0
9475,-1,-1,9475,5513,6485,-1,8575,9267,3468,0,0,0,0,9475,0,-1,0
9476,-1,-1,9476,5514,6486,6282,8576,9268,3469,0,0,0,0,9476,0,-1,0
9477,-1,-1,9477,5515,6486,6283,8577,9269,-1,0,0,0,0,9477,0,-1,0
9478,-1,-1,9478,5516,6487,6284,8578,9270,3470,0,0,0,0,9478,0,-1,0
9479,-1,-1,9479,5517,6488,6285,8579,9271,3471,0,0,0,0,9479,0,-1,0
9480,-1,-1,9480,5517,6489,6286,8580,9272,3472,0,0,0,0,9480,0,-1,0
9481,-1,-1,9481,5518,6490,6286,8581,9273,3472,0,0,0,0,9481,0,-1,0
9482,-1,-1,9482,5519,6491,6287,8582,9274,3473,0,0,0,0,9482,0,-1,0
9483,-1,-1,9483,5520,6492,6288,8583,9275,3474,0,0,0,0,9483,0,-1,0
9484,-1,-1,9484,5521,6493,-1,8584,9276,-1,0,0,0,0,9484,0,-1,0
9485,-1,-1,9485,5522,6494,6289,8585,9277,3475,0,0,0,0,9485,0,-1,0
9486,-1,-1,9486,-1,-1,-1,8586,9278,-1,0,0,0,0,9486,0,-1,0
9487,-1,-1,9487,-1,6495,6290,8587,9279,3475,0,0,0,0,9487,0,-1,0
9488,-1,-1,9488,5523,6496,6291,8588,9280,3476,0,0,0,0,9488,0,-1,0
9489,-1,-1,9489,5524,-1,6292,8589,9281,-1,0,0,0,0,9489,0,-1,0
9490,-1,-1,9490,5525,6497,6293,8590,9282,3477,0,0,0,0,9490,0,-1,0
9491,-1,-1,9491,5525,-1,6294,8591,9283,3478,0,0,0,0,9491,0,-1,0
9492,-1,-1,9492,5526,-1,-1,8592,9284,3479,0,0,0,0,9492,0,-1,0
9493,-1,-1,9493,5526,6498,6295,8593,9285,3480,0,0,0,0,9493,0,-1,0
9494,-1,-1,9494,-1,-1,-1,8594,9286,-1,0,0,0,0,9494,0,-1,0
9495,-1,-1,9495,5527,6499,-1,-1,9287,-1,0,0,0,0,9495,0,-1,0
9496,-1,-1,9496,-1,6500,-1,8595,9288,-1,0,0,0,0,9496,0,-1,0
9497,-1,-1,9497,5528,6501,6296,8596,9289,3480,0,0,0,0,9497,0,-1,0
9498,-1,-1,9498,5529,6502,6297,8597,9290,-1,0,0,0,0,9498,0,-1,0
9499,-1,-1,9499,-1,-1,-1,8598,9291,-1,0,0,0,0,9499,0,-1,0
9500,-1,-1,9500,5530,6502,6298,8599,9292,3480,0,0,0,0,9500,0,-1,0
9501,-1,-1,9501,5531,6503,6299,8600,9293,3480,0,0,0,0,9501,0,-1,0
9502,-1,-1,9502,5532,6504,6300,8601,9294,3480,0,0,0,0,9502,0,-1,0
9503,-1,-1,9503,5532,6505,-1,8602,9295,-1,0,0,0,0,9503,0,-1,0
9504,-1,-1,9504,5533,6506,-1,8603,9296,3480,0,0,0,0,9504,0,-1,0
9505,-1,-1,9505,5534,6506,6301,8604,9297,-1,0,0,0,0,9505,0,-1,0
9506,-1,-1,9506,5535,-1,6302,8605,9298,3480,0,0,0,0,9506,0,-1,0
9507,-1,-1,9507,5536,6507,6303,8606,9299,3480,0,0,0,0,9507,0,-1,0
9508,-1,-1,9508,5537,6508,6304,8607,9300,3480,0,0,0,0,9508,0,-1,0
9509,-1,-1,9509,5538,6509,6305,8608,9301,3480,0,0,0,0,9509,0,-1,0
9510,-1,-1,9510,5539,6510,6306,8609,9302,-1,0,0,0,0,9510,0,-1,0
9511,-1,-1,9511,5540,6510,6307,8610,9303,-1,0,0,0,0,9511,0,-1,0
9512,-1,-1,9512,5541,6511,6308,8611,9304,-1,0,0,0,0,9512,0,-1,0
9513,-1,-1,9513,5542,6512,6309,8612,9305,3480,0,0,0,0,9513,0,-1,0
9514,-1,-1,9514,5543,6513,6310,8613,9306,3480,0,0,0,0,9514,0,-1,0
9515,-1,-1,9515,-1,-1,6311,8614,9307,-1,0,0,0,0,9515,0,-1,0
9516,-1,-1,9516,-1,-1,-1,8615,9308,3480,0,0,0,0,9516,0,-1,0
9517,-1,-1,9517,5544,6514,6312,8616,9309,3481,0,0,0,0,9517,0,-1,0
9518,-1,-1,9518,5545,6515,6313,8617,9310,-1,0,0,0,0,9518,0,-1,0
9519,-1,-1,9519,-1,-1,-1,8618,9311,-1,0,0,0,0,9519,0,-1,0
9520,-1,-1,9520,5546,6516,6314,8619,9312,3482,0,0,0,0,9520,0,-1,0
9521,-1,-1,9521,5547,6516,6315,8620,9313,3482,0,0,0,0,9521,0,-1,0
9522,-1,-1,9522,5547,6517,6316,8621,9314,-1,0,0,0,0,9522,0,-1,0
9523,-1,-1,9523,5548,6518,-1,8622,9315,-1,0,0,0,0,9523,0,-1,0
9524,-1,-1,9524,-1,-1,6316,8623,9316,3482,0,0,0,0,9524,0,-1,0
9525,-1,-1,9525,5549,6519,6317,8623,9316,3482,0,0,0,0,9525,0,-1,0
9526,-1,-1,9526,5550,6520,6318,8624,9317,-1,0,0,0,0,9526,0,-1,0
9527,-1,-1,9527,5551,6521,-1,8625,9318,-1,0,0,0,0,9527,0,-1,0
9528,-1,-1,9528,-1,6522,6319,8626,9319,3482,0,0,0,0,9528,0,-1,0
9529,-1,-1,9529,5552,6523,6320,8627,9320,3482,0,0,0,0,9529,0,-1,0
9530,-1,-1,9530,-1,6523,6321,8628,9321,3482,0,0,0,0,9530,0,-1,0
9531,-1,-1,9531,5553,-1,-1,8629,9322,3482,0,0,0,0,9531,0,-1,0
9532,-1,-1,9532,-1,-1,-1,8630,9323,-1,0,0,0,0,9532,0,-1,0
9533,-1,-1,9533,-1,-1,6322,8630,9324,3482,0,0,0,0,9533,0,-1,0
9534,-1,-1,9534,5554,6523,6323,8631,9325,3482,0,0,0,0,9534,0,-1,0
9535,-1,-1,9535,5555,6524,6323,8632,9326,3483,0,0,0,0,9535,0,-1,0
9536,-1,-1,9536,5556,6525,6324,8633,9327,3484,0,0,0,0,9536,0,-1,0
9537,-1,-1,9537,5557,6526,6324,8634,9328,3484,0,0,0,0,9537,0,-1,0
9538,-1,-1,9538,-1,6527,6325,8635,9329,-1,0,0,0,0,9538,0,-1,0
9539,-1,-1,9539,-1,6528,6326,8636,9330,3484,0,0,0,0,9539,0,-1,0
9540,-1,-1,9540,5558,6529,6327,8637,9331,3484,0,0,0,0,9540,0,-1,0
9541,-1,-1,9541,5559,6530,-1,8638,9332,3484,0,0,0,0,9541,0,-1,0
9542,-1,-1,9542,5560,6531,6327,8639,9333,3485,0,0,0,0,9542,0,-1,0
9543,-1,-1,9543,-1,6531,-1,8640,9334,-1,0,0,0,0,9543,0,-1,0
9544,-1,-1,9544,5561,6532,6328,8641,9335,3486,0,0,0,0,9544,0,-1,0
9545,-1,-1,9545,5562,6533,-1,8642,9336,3487,0,0,0,0,9545,0,-1,0
9546,-1,-1,9546,5563,6534,6329,8643,9337,3487,0,0,0,0,9546,0,-1,0
9547,-1,-1,9547,-1,6535,6330,8644,9338,3487,0,0,0,0,9547,0,-1,0
9548,-1,-1,9548,-1,6536,6331,8645,9339,3488,0,0,0,0,9548,0,-1,0
9549,-1,-1,9549,5564,6537,6332,8646,9340,-1,0,0,0,0,9549,0,-1,0
9550,-1,-1,9550,5565,-1,-1,8647,9341,-1,0,0,0,0,9550,0,-1,0
9551,-1,-1,9551,5565,6538,6333,8648,9342,3489,0,0,0,0,9551,0,-1,0
9552,-1,-1,9552,5565,6539,6334,8649,9343,3490,0,0,0,0,9552,0,-1,0
9553,-1,-1,9553,5566,6540,6335,8650,9344,3491,0,0,0,0,9553,0,-1,0
9554,-1,69,9554,-1,-1,-1,8651,9345,-1,0,0,0,0,9554,0,-1,0
9555,-1,-1,9555,5567,6541,6336,8652,9346,-1,0,0,0,0,9555,0,-1,0
9556,-1,-1,9556,-1,6542,6337,8653,9347,3492,0,0,0,0,9556,0,-1,0
9557,-1,-1,9557,5568,6542,6338,8654,9348,3492,0,0,0,0,9557,0,-1,0
9558,-1,-1,9558,-1,6543,6339,8655,9349,-1,0,0,0,0,9558,0,-1,0
9559,-1,-1,9559,5569,6544,6340,8656,9350,3493,0,0,0,0,9559,0,-1,0
9560,-1,-1,9560,5570,6545,6341,8657,9351,3494,0,0,0,0,9560,0,-1,0
9561,-1,-1,9561,-1,6546,-1,8658,9352,3494,0,0,0,0,9561,0,-1,0
9562,-1,-1,9562,-1,6547,6342,8659,9353,3495,0,0,0,0,9562,0,-1,0
9563,-1,-1,9563,-1,6548,6343,8660,9354,3496,0,0,0,0,9563,0,-1,0
9564,-1,-1,9564,-1,-1,-1,8661,9355,-1,0,0,0,0,9564,0,-1,0
9565,-1,-1,9565,5571,6548,6344,8662,9356,3497,0,0,0,0,9565,0,-1,0
9566,-1,-1,9566,5572,6549,-1,8663,9357,3497,0,0,0,0,9566,0,-1,0
9567,-1,-1,9567,5573,6549,6345,8664,9358,3498,0,0,0,0,9567,0,-1,0
9568,-1,-1,9568,5574,6550,6346,8665,9359,3499,0,0,0,0,9568,0,-1,0
9569,-1,-1,9569,5574,6551,6347,8666,9360,-1,0,0,0,0,9569,0,-1,0
9570,-1,-1,9570,5575,6552,-1,8667,9361,3500,0,0,0,0,9570,0,-1,0
9571,-1,-1,9571,-1,-1,6348,8668,9362,-1,0,0,0,0,9571,0,-1,0
9572,-1,-1,9572,-1,6553,6349,8669,9363,-1,0,0,0,0,9572,0,-1,0
9573,-1,-1,9573,5576,6554,6350,8670,9364,3501,0,0,0,0,9573,0,-1,0
9574,-1,-1,9574,5577,6555,6351,8671,9365,3502,0,0,0,0,9574,0,-1,0
9575,-1,-1,9575,5578,6555,6352,8672,9366,3503,0,0,0,0,9575,0,-1,0
9576,-1,-1,9576,5579,6555,6353,8673,9367,3503,0,0,0,0,9576,0,-1,0
9577,-1,-1,9577,5580,6556,6354,8674,9368,3503,0,0,0,0,9577,0,-1,0
9578,-1,-1,9578,5581,6557,6354,8675,9369,-1,0,0,0,0,9578,0,-1,0
9579,-1,-1,9579,5582,6558,6355,8676,9370,3503,0,0,0,0,9579,0,-1,0
9580,-1,-1,9580,5583,6559,6356,8677,9371,3503,0,0,0,0,9580,0,-1,0
9581,-1,-1,9581,5584,6559,6357,8678,9372,3503,0,0,0,0,9581,0,-1,0
9582,-1,-1,9582,5585,6559,-1,8679,9373,3503,0,0,0,0,9582,0,-1,0
9583,-1,-1,9583,-1,-1,-1,8680,9374,3503,0,0,0,0,9583,0,-1,0
9584,-1,-1,9584,5586,-1,-1,8681,9375,3504,0,0,0,0,9584,0,-1,0
9585,-1,-1,9585,-1,-1,-1,8682,9376,-1,0,0,0,0,9585,0,-1,0
9586,-1,-1,9586,5587,6560,6358,8683,9377,3505,0,0,0,0,9586,0,-1,0
9587,-1,-1,9587,5588,6561,6359,8683,9378,3505,0,0,0,0,9587,0,-1,0
9588,-1,-1,9588,-1,-1,-1,8684,9379,3505,0,0,0,0,9588,0,-1,0
9589,-1,-1,9589,-1,6562,6360,8685,9380,3506,0,0,0,0,9589,0,-1,0
9590,-1,-1,9590,5589,-1,-1,8686,9381,-1,0,0,0,0,9590,0,-1,0
9591,-1,-1,9591,5590,6563,-1,8687,9382,-1,0,0,0,0,9591,0,-1,0
9592,-1,-1,9592,5591,6564,6361,8688,9383,3507,0,0,0,0,9592,0,-1,0
9593,-1,-1,9593,-1,6565,6361,8689,9384,3508,0,0,0,0,9593,0,-1,0
9594,-1,-1,9594,5591,6566,-1,8690,9385,-1,0,0,0,0,9594,0,-1,0
9595,-1,-1,9595,5592,6566,6362,8691,9386,3509,0,0,0,0,9595,0,-1,0
9596,-1,-1,9596,-1,6567,6363,8692,9387,-1,0,0,0,0,9596,0,-1,0
9597,-1,-1,9597,-1,6568,-1,8693,9388,3509,0,0,0,0,9597,0,-1,0
9598,-1,-1,9598,5593,6569,6364,8694,9389,-1,0,0,0,0,9598,0,-1,0
9599,-1,-1,9599,5594,6570,6365,8695,9390,-1,0,0,0,0,9599,0,-1,0
9600,-1,-1,9600,-1,6570,6366,8696,9391,3510,0,0,0,0,9600,0,-1,0
9601,-1,-1,9601,5595,6571,6366,8697,9392,3511,0,0,0,0,9601,0,-1,0
9602,-1,-1,9602,-1,6572,6367,8698,9393,3512,0,0,0,0,9602,0,-1,0
9603,-1,-1,9603,-1,-1,-1,8699,9394,-1,0,0,0,0,9603,0,-1,0
9604,-1,-1,9604,5596,6573,6368,8700,9395,3513,0,0,0,0,9604,0,-1,0
9605,-1,-1,9605,5597,-1,-1,8701,9396,-1,0,0,0,0,9605,0,-1,0
9606,-1,-1,9606,5598,6574,6369,8702,9397,-1,0,0,0,0,9606,0,-1,0
9607,-1,-1,9607,5599,6575,6370,8703,9398,3513,0,0,0,0,9607,0,-1,0
9608,-1,-1,9608,5600,6575,6371,8703,9399,3514,0,0,0,0,9608,0,-1,0
9609,-1,-1,9609,-1,-1,-1,8704,9400,3515,0,0,0,0,9609,0,-1,0
9610,-1,-1,9610,5601,6576,6372,8705,9401,3516,0,0,0,0,9610,0,-1,0
9611,-1,-1,9611,5602,-1,6373,8706,9402,3517,0,0,0,0,9611,0,-1,0
9612,-1,-1,9612,5603,-1,6374,8707,9403,3518,0,0,0,0,9612,0,-1,0
9613,-1,-1,9613,5604,6577,-1,8708,9404,3519,0,0,0,0,9613,0,-1,0
9614,-1,-1,9614,5605,6577,6375,8709,9405,3519,0,0,0,0,9614,0,-1,0
9615,-1,-1,9615,5606,6578,-1,8710,9406,3519,0,0,0,0,9615,0,-1,0
9616,-1,-1,9616,5606,6579,6376,8711,9407,-1,0,0,0,0,9616,0,-1,0
9617,-1,-1,9617,-1,6580,6376,8711,9408,3519,0,0,0,0,9617,0,-1,0
9618,-1,-1,9618,5607,6581,6377,8712,9409,-1,0,0,0,0,9618,0,-1,0
9619,-1,-1,9619,-1,-1,-1,8713,9410,3519,0,0,0,0,9619,0,-1,0
9620,-1,-1,9620,-1,-1,-1,8714,9411,-1,0,0,0,0,9620,0,-1,0
9621,-1,-1,9621,-1,6582,-1,8715,9412,-1,0,0,0,0,9621,0,-1,0
9622,-1,-1,9622,5608,6583,6378,8716,9413,3519,0,0,0,0,9622,0,-1,0
9623,-1,-1,9623,5609,-1,6379,8716,9413,3519,0,0,0,0,9623,0,-1,0
9624,-1,-1,9624,-1,-1,-1,8717,9414,3519,0,0,0,0,9624,0,-1,0
9625,-1,-1,9625,5610,6584,6380,8718,9415,3519,0,0,0,0,9625,0,-1,0
9626,-1,-1,9626,5611,6585,6381,8719,9416,3519,0,0,0,0,9626,0,-1,0
9627,-1,-1,9627,5612,6586,-1,8720,9417,3520,0,0,0,0,9627,0,-1,0
9628,-1,-1,9628,5613,6587,6382,8721,9418,3520,0,0,0,0,9628,0,-1,0
9629,-1,70,9629,-1,-1,-1,8722,9419,-1,0,0,0,0,9629,0,-1,0
9630,-1,-1,9630,-1,-1,-1,8723,9420,3521,0,0,0,0,9630,0,-1,0
9631,-1,-1,9631,-1,-1,-1,8724,9421,-1,0,0,0,0,9631,0,-1,0
9632,-1,-1,9632,5614,6588,-1,8724,9422,3522,0,0,0,0,9632,0,-1,0
9633,-1,-1,9633,5615,6589,6383,8725,9423,3523,0,0,0,0,9633,0,-1,0
9634,-1,-1,9634,-1,6590,6384,8726,9424,-1,0,0,0,0,9634,0,-1,0
9635,-1,-1,9635,5616,6591,-1,8727,9425,3524,0,0,0,0,9635,0,-1,0
9636,-1,-1,9636,5617,6592,6385,8727,9426,-1,0,0,0,0,9636,0,-1,0
9637,-1,-1,9637,-1,6593,6386,8728,9427,-1,0,0,0,0,9637,0,-1,0
9638,-1,-1,9638,-1,6594,6387,8729,9428,3525,0,0,0,0,9638,0,-1,0
9639,-1,-1,9639,5618,-1,-1,8730,9429,-1,0,0,0,0,9639,0,-1,0
9640,-1,-1,9640,-1,6595,-1,8731,9430,3525,0,0,0,0,9640,0,-1,0
9641,-1,-1,9641,-1,-1,-1,8731,9431,-1,0,0,0,0,9641,0,-1,0
9642,-1,-1,9642,5618,6596,6388,8731,9432,3526,0,0,0,0,9642,0,-1,0
9643,-1,-1,9643,-1,6597,6389,8732,9433,-1,0,0,0,0,9643,0,-1,0
9644,-1,-1,9644,-1,6598,6390,8732,9434,3527,0,0,0,0,9644,0,-1,0
9645,-1,-1,9645,5619,6598,6391,8733,9435,-1,0,0,0,0,9645,0,-1,0
9646,-1,-1,9646,5620,6599,6392,8734,9436,3528,0,0,0,0,9646,0,-1,0
9647,-1,-1,9647,5621,6600,6393,8735,9437,3529,0,0,0,0,9647,0,-1,0
9648,-1,-1,9648,5622,6601,6394,8736,9438,-1,0,0,0,0,9648,0,-1,0
9649,-1,-1,9649,-1,-1,-1,8737,9439,-1,0,0,0,0,9649,0,-1,0
9650,-1,-1,9650,-1,6602,6395,8738,9440,3530,0,0,0,0,9650,0,-1,0
9651,-1,-1,9651,5622,6603,6396,8739,9441,3531,0,0,0,0,9651,0,-1,0
9652,-1,-1,9652,5623,6604,-1,8740,9442,-1,0,0,0,0,9652,0,-1,0
9653,-1,-1,9653,5624,6605,6397,8741,9443,3532,0,0,0,0,9653,0,-1,0
9654,-1,-1,9654,-1,6606,-1,8742,9444,3533,0,0,0,0,9654,0,-1,0
9655,-1,-1,9655,5625,6607,6398,8743,9445,3534,0,0,0,0,9655,0,-1,0
9656,-1,-1,9656,5626,6608,6399,8744,9446,-1,0,0,0,0,9656,0,-1,0
9657,-1,-1,9657,5627,6609,6400,8745,9447,3534,0,0,0,0,9657,0,-1,0
9658,-1,-1,9658,5628,6610,6400,8746,9448,3535,0,0,0,0,9658,0,-1,0
9659,-1,-1,9659,5629,6611,-1,8747,9449,3536,0,0,0,0,9659,0,-1,0
9660,-1,-1,9660,5630,6612,6400,8748,9450,-1,0,0,0,0,9660,0,-1,0
9661,-1,-1,9661,5631,6613,6401,8749,9451,-1,0,0,0,0,9661,0,-1,0
9662,-1,-1,9662,5631,6614,6402,8750,9452,3537,0,0,0,0,9662,0,-1,0
9663,-1,-1,9663,-1,6615,6403,8751,9453,3538,0,0,0,0,9663,0,-1,0
9664,-1,-1,9664,5632,-1,-1,8752,9454,-1,0,0,0,0,9664,0,-1,0
9665,-1,-1,9665,5632,6616,-1,8753,9455,3539,0,0,0,0,9665,0,-1,0
9666,-1,-1,9666,5633,6617,-1,8754,9456,3539,0,0,0,0,9666,0,-1,0
9667,-1,-1,9667,5634,6618,6403,8755,9457,3540,0,0,0,0,9667,0,-1,0
9668,-1,-1,9668,5635,6618,6404,8756,9458,3541,0,0,0,0,9668,0,-1,0
9669,-1,-1,9669,-1,6619,6405,8757,9459,3542,0,0,0,0,9669,0,-1,0
9670,-1,-1,9670,5636,6620,6406,8757,9460,3543,0,0,0,0,9670,0,-1,0
9671,-1,-1,9671,5637,6621,6407,8758,9461,3544,0,0,0,0,9671,0,-1,0
9672,-1,-1,9672,-1,-1,-1,8759,9462,3544,0,0,0,0,9672,0,-1,0
9673,-1,-1,9673,5638,6622,-1,8760,9463,-1,0,0,0,0,9673,0,-1,0
9674,-1,-1,9674,5638,6623,6408,8761,9464,3544,0,0,0,0,9674,0,-1,0
9675,-1,-1,9675,-1,-1,-1,-1,9465,-1,0,0,0,0,9675,0,-1,0
9676,-1,-1,9676,5639,6624,-1,8762,9466,3544,0,0,0,0,9676,0,-1,0
9677,-1,-1,9677,5640,6625,6409,8763,9467,3545,0,0,0,0,9677,0,-1,0
9678,-1,-1,9678,-1,6626,6410,8764,9468,3546,0,0,0,0,9678,0,-1,0
9679,-1,-1,9679,-1,6627,6411,8765,9469,-1,0,0,0,0,9679,0,-1,0
9680,-1,-1,9680,5641,6628,6412,8766,9470,3547,0,0,0,0,9680,0,-1,0
9681,-1,-1,9681,5642,6629,6413,8767,9471,3548,0,0,0,0,9681,0,-1,0
9682,-1,-1,9682,-1,-1,-1,8768,9472,-1,0,0,0,0,9682,0,-1,0
9683,-1,-1,9683,5643,6630,6414,8769,9473,3549,0,0,0,0,9683,0,-1,0
9684,-1,-1,9684,-1,-1,-1,8770,9474,-1,0,0,0,0,9684,0,-1,0
9685,-1,-1,9685,5644,6631,-1,8770,9475,3549,0,0,0,0,9685,0,-1,0
9686,-1,-1,9686,5645,6632,6415,8771,9476,3549,0,0,0,0,9686,0,-1,0
9687,-1,-1,9687,5646,6633,6416,8772,9477,3549,0,0,0,0,9687,0,-1,0
9688,-1,-1,9688,5647,6634,6417,8773,9478,3549,0,0,0,0,9688,0,-1,0
9689,-1,-1,9689,5648,6635,6418,8774,9479,3549,0,0,0,0,9689,0,-1,0
9690,-1,-1,9690,5649,6636,6419,8775,9480,3550,0,0,0,0,9690,0,-1,0
9691,-1,-1,9691,5650,6637,6420,8776,9481,-1,0,0,0,0,9691,0,-1,0
9692,-1,-1,9692,-1,6638,6421,8777,9482,-1,0,0,0,0,9692,0,-1,0
9693,-1,-1,9693,5651,6639,6422,8778,9483,-1,0,0,0,0,9693,0,-1,0
9694,-1,-1,9694,5652,6640,6423,8779,9484,-1,0,0,0,0,9694,0,-1,0
9695,-1,-1,9695,5652,6641,6423,8780,9485,3550,0,0,0,0,9695,0,-1,0
9696,-1,-1,9696,5653,-1,-1,8781,9486,-1,0,0,0,0,9696,0,-1,0
9697,-1,-1,9697,-1,-1,-1,8782,9487,3551,0,0,0,0,9697,0,-1,0
9698,-1,-1,9698,5654,6642,6424,8783,9488,3551,0,0,0,0,9698,0,-1,0
9699,-1,-1,9699,5655,6643,6425,8784,9489,3551,0,0,0,0,9699,0,-1,0
9700,-1,-1,9700,5655,6644,6426,8784,9490,-1,0,0,0,0,9700,0,-1,0
9701,-1,-1,9701,5656,6645,6427,8785,9491,3551,0,0,0,0,9701,0,-1,0
9702,-1,-1,9702,5657,6646,6428,8786,9492,3551,0,0,0,0,9702,0,-1,0
9703,-1,-1,9703,5658,6647,6429,8787,9493,3552,0,0,0,0,9703,0,-1,0
9704,-1,-1,9704,5659,6647,6429,8788,9494,-1,0,0,0,0,9704,0,-1,0
9705,-1,-1,9705,5660,6648,6430,8789,9495,3553,0,0,0,0,9705,0,-1,0
9706,-1,-1,9706,5661,6649,6431,8790,9496,3553,0,0,0,0,9706,0,-1,0
9707,-1,-1,9707,5662,6650,6432,8791,9497,3553,0,0,0,0,9707,0,-1,0
9708,-1,-1,9708,5663,-1,-1,8792,9498,3554,0,0,0,0,9708,0,-1,0
9709,-1,-1,9709,-1,6650,-1,8793,9499,3555,0,0,0,0,9709,0,-1,0
9710,-1,-1,9710,5664,6651,6433,8794,9500,-1,0,0,0,0,9710,0,-1,0
9711,-1,-1,9711,5665,6652,6434,8795,9501,-1,0,0,0,0,9711,0,-1,0
9712,-1,-1,9712,5666,6653,6435,8796,9502,-1,0,0,0,0,9712,0,-1,0
9713,-1,-1,9713,5667,-1,6436,8796,9503,3555,0,0,0,0,9713,0,-1,0
9714,-1,-1,9714,5668,6654,6437,8797,9504,-1,0,0,0,0,9714,0,-1,0
9715,-1,-1,9715,-1,-1,6438,8798,9505,-1,0,0,0,0,9715,0,-1,0
9716,-1,-1,9716,5669,6655,6439,8798,9506,3555,0,0,0,0,9716,0,-1,0
9717,-1,-1,9717,-1,6655,-1,8798,9507,-1,0,0,0,0,9717,0,-1,0
9718,-1,-1,9718,5670,6656,6439,8798,9508,3555,0,0,0,0,9718,0,-1,0
9719,-1,-1,9719,5671,6657,6440,8799,9509,3555,0,0,0,0,9719,0,-1,0
9720,-1,-1,9720,5672,6658,-1,8800,9510,3555,0,0,0,0,9720,0,-1,0
9721,-1,-1,9721,-1,-1,-1,8801,9511,-1,0,0,0,0,9721,0,-1,0
9722,-1,-1,9722,5673,6658,6441,8802,9512,-1,0,0,0,0,9722,0,-1,0
9723,-1,-1,9723,5673,6659,6442,8802,9512,-1,0,0,0,0,9723,0,-1,0
9724,-1,-1,9724,5673,6660,6442,8803,9513,3556,0,0,0,0,9724,0,-1,0
9725,-1,-1,9725,5674,-1,6443,8804,9514,-1,0,0,0,0,9725,0,-1,0
9726,-1,-1,9726,5674,6661,6444,8804,9514,-1,0,0,0,0,9726,0,-1,0
9727,-1,-1,9727,-1,-1,-1,8805,9515,-1,0,0,0,0,9727,0,-1,0
9728,-1,-1,9728,-1,6662,-1,8806,9516,3557,0,0,0,0,9728,0,-1,0
9729,-1,-1,9729,-1,-1,-1,8807,9517,-1,0,0,0,0,9729,0,-1,0
9730,-1,-1,9730,5675,6663,6445,8808,9518,-1,0,0,0,0,9730,0,-1,0
9731,-1,-1,9731,-1,-1,-1,8809,9519,3557,0,0,0,0,9731,0,-1,0
9732,-1,-1,9732,5676,6664,6446,8810,9520,-1,0,0,0,0,9732,0,-1,0
9733,-1,-1,9733,-1,6665,6447,8811,9521,-1,0,0,0,0,9733,0,-1,0
9734,-1,-1,9734,5677,6666,-1,8812,9522,3557,0,0,0,0,9734,0,-1,0
9735,-1,-1,9735,5678,6667,6448,8813,9523,-1,0,0,0,0,9735,0,-1,0
9736,-1,-1,9736,-1,6667,6449,8814,9524,3558,0,0,0,0,9736,0,-1,0
9737,-1,-1,9737,5679,6668,-1,8815,9525,-1,0,0,0,0,9737,0,-1,0
9738,-1,-1,9738,5680,6669,6449,8816,9526,-1,0,0,0,0,9738,0,-1,0
9739,-1,-1,9739,5681,6670,6450,8817,9527,3559,0,0,0,0,9739,0,-1,0
9740,-1,-1,9740,-1,6671,6451,8818,9528,3559,0,0,0,0,9740,0,-1,0
9741,-1,-1,9741,-1,-1,-1,8819,9529,-1,0,0,0,0,9741,0,-1,0
9742,-1,-1,9742,5682,6672,6452,8820,9530,3560,0,0,0,0,9742,0,-1,0
9743,-1,-1,9743,-1,6672,-1,8821,9531,3561,0,0,0,0,9743,0,-1,0
9744,-1,-1,9744,-1,-1,-1,8822,9532,3562,0,0,0,0,9744,0,-1,0
9745,-1,-1,9745,5683,6672,6453,8823,9533,3563,0,0,0,0,9745,0,-1,0
9746,-1,-1,9746,5684,6672,6454,8824,9534,3563,0,0,0,0,9746,0,-1,0
9747,-1,-1,9747,5685,6673,6455,8825,9535,3563,0,0,0,0,9747,0,-1,0
9748,-1,-1,9748,5685,6674,6456,8826,9536,3564,0,0,0,0,9748,0,-1,0
9749,-1,-1,9749,5685,6675,6457,8827,9537,3565,0,0,0,0,9749,0,-1,0
9750,-1,-1,9750,5686,6676,6458,8828,9538,3566,0,0,0,0,9750,0,-1,0
9751,-1,-1,9751,5686,6676,6459,8828,9539,3567,0,0,0,0,9751,0,-1,0
9752,-1,-1,9752,-1,-1,-1,8829,9540,-1,0,0,0,0,9752,0,-1,0
9753,-1,-1,9753,-1,-1,-1,8830,9541,3568,0,0,0,0,9753,0,-1,0
9754,-1,-1,9754,-1,-1,-1,8831,9542,-1,0,0,0,0,9754,0,-1,0
9755,-1,-1,9755,5687,6677,6460,8832,9543,-1,0,0,0,0,9755,0,-1,0
9756,-1,-1,9756,5687,6678,6461,8833,9544,3568,0,0,0,0,9756,0,-1,0
9757,-1,-1,9757,-1,-1,6462,8834,9545,3568,0,0,0,0,9757,0,-1,0
9758,-1,-1,9758,5688,6679,6463,8835,9546,-1,0,0,0,0,9758,0,-1,0
9759,-1,-1,9759,-1,-1,-1,8836,9547,3568,0,0,0,0,9759,0,-1,0
9760,-1,-1,9760,-1,6680,6464,8837,9548,3568,0,0,0,0,9760,0,-1,0
9761,-1,-1,9761,5688,6680,6464,8838,9549,-1,0,0,0,0,9761,0,-1,0
9762,-1,-1,9762,-1,-1,-1,8839,9550,3569,0,0,0,0,9762,0,-1,0
9763,-1,-1,9763,5689,-1,-1,8839,9551,3570,0,0,0,0,9763,0,-1,0
9764,-1,-1,9764,5689,6681,6465,8840,9552,3571,0,0,0,0,9764,0,-1,0
9765,-1,-1,9765,-1,6682,6466,8841,9553,-1,0,0,0,0,9765,0,-1,0
9766,-1,-1,9766,-1,6683,6467,8842,9554,-1,0,0,0,0,9766,0,-1,0
9767,-1,-1,9767,-1,-1,-1,8843,9555,-1,0,0,0,0,9767,0,-1,0
9768,-1,-1,9768,-1,-1,-1,8844,9556,-1,0,0,0,0,9768,0,-1,0
9769,-1,-1,9769,-1,6684,6468,8845,9557,-1,0,0,0,0,9769,0,-1,0
9770,-1,-1,9770,-1,6684,6469,8846,9558,3572,0,0,0,0,9770,0,-1,0
9771,-1,-1,9771,5690,6685,-1,8847,9559,3572,0,0,0,0,9771,0,-1,0
9772,-1,-1,9772,5691,6686,-1,8848,9560,3572,0,0,0,0,9772,0,-1,0
9773,-1,-1,9773,5692,6687,6470,8849,9561,3573,0,0,0,0,9773,0,-1,0
9774,-1,-1,9774,5693,6688,6471,8850,9562,3574,0,0,0,0,9774,0,-1,0
9775,-1,-1,9775,5694,6689,-1,8851,9563,3575,0,0,0,0,9775,0,-1,0
9776,-1,-1,9776,5695,6690,6472,8852,9564,3576,0,0,0,0,9776,0,-1,0
9777,-1,-1,9777,5696,6691,6473,8853,9565,3577,0,0,0,0,9777,0,-1,0
9778,-1,-1,9778,-1,-1,-1,8854,9566,-1,0,0,0,0,9778,0,-1,0
9779,-1,-1,9779,-1,6692,6474,8855,9567,3578,0,0,0,0,9779,0,-1,0
9780,-1,-1,9780,5697,6693,6475,8856,9568,3578,0,0,0,0,9780,0,-1,0
9781,-1,-1,9781,5698,6694,6476,8857,9569,3579,0,0,0,0,9781,0,-1,0
9782,-1,-1,9782,5699,6694,6477,8858,9570,3580,0,0,0,0,9782,0,-1,0
9783,-1,-1,9783,5700,-1,-1,8859,9571,3580,0,0,0,0,9783,0,-1,0
9784,-1,-1,9784,5701,6694,6478,8860,9572,3580,0,0,0,0,9784,0,-1,0
9785,-1,-1,9785,5702,6694,-1,8861,9573,3580,0,0,0,0,9785,0,-1,0
9786,-1,-1,9786,-1,6694,6479,8862,9574,-1,0,0,0,0,9786,0,-1,0
9787,-1,-1,9787,5703,6695,6480,8863,9575,-1,0,0,0,0,9787,0,-1,0
9788,-1,-1,9788,5704,6696,6481,8864,9576,-1,0,0,0,0,9788,0,-1,0
9789,-1,-1,9789,-1,6697,6481,8865,9577,-1,0,0,0,0,9789,0,-1,0
9790,-1,-1,9790,-1,6698,-1,8866,9578,3581,0,0,0,0,9790,0,-1,0
9791,-1,-1,9791,5705,6699,6481,8867,9579,3582,0,0,0,0,9791,0,-1,0
9792,-1,-1,9792,5706,6700,6481,8868,9580,3583,0,0,0,0,9792,0,-1,0
9793,-1,-1,9793,5706,6701,6482,8869,9581,3584,0,0,0,0,9793,0,-1,0
9794,-1,-1,9794,5707,6702,6483,8870,9582,-1,0,0,0,0,9794,0,-1,0
9795,-1,-1,9795,-1,6703,6484,8871,9583,3584,0,0,0,0,9795,0,-1,0
9796,-1,-1,9796,-1,-1,-1,8872,9584,-1,0,0,0,0,9796,0,-1,0
9797,-1,-1,9797,5708,6703,6485,8873,9585,3584,0,0,0,0,9797,0,-1,0
9798,-1,-1,9798,5709,6704,6486,8874,9586,-1,0,0,0,0,9798,0,-1,0
9799,-1,-1,9799,5710,6705,6487,8875,9587,3584,0,0,0,0,9799,0,-1,0
9800,-1,-1,9800,-1,6706,6488,8876,9588,3584,0,0,0,0,9800,0,-1,0
9801,-1,-1,9801,5711,6707,6489,8877,9589,3584,0,0,0,0,9801,0,-1,0
9802,-1,-1,9802,5712,6707,6490,8878,9590,3584,0,0,0,0,9802,0,-1,0
9803,-1,-1,9803,5713,-1,-1,8878,9591,3584,0,0,0,0,9803,0,-1,0
9804,-1,-1,9804,5714,-1,-1,8879,9592,-1,0,0,0,0,9804,0,-1,0
9805,-1,-1,9805,-1,-1,-1,8879,9592,-1,0,0,0,0,9805,0,-1,0
9806,-1,-1,9806,5715,6708,6491,8880,9593,3585,0,0,0,0,9806,0,-1,0
9807,-1,-1,9807,-1,-1,-1,8881,9594,3585,0,0,0,0,9807,0,-1,0
9808,-1,-1,9808,5716,6709,6492,8882,9595,-1,0,0,0,0,9808,0,-1,0
9809,-1,-1,9809,5717,6709,-1,8883,9596,3586,0,0,0,0,9809,0,-1,0
9810,-1,-1,9810,5718,6709,6493,8884,9597,3587,0,0,0,0,9810,0,-1,0
9811,-1,-1,9811,-1,-1,-1,-1,9598,-1,0,0,0,0,9811,0,-1,0
9812,-1,-1,9812,5719,6710,6494,8885,9599,3588,0,0,0,0,9812,0,-1,0
9813,-1,-1,9813,-1,-1,6495,8886,9600,3588,0,0,0,0,9813,0,-1,0
9814,-1,-1,9814,5720,6711,6496,8887,9601,3588,0,0,0,0,9814,0,-1,0
9815,-1,-1,9815,5721,6712,6497,8888,9602,3589,0,0,0,0,9815,0,-1,0
9816,-1,-1,9816,5722,6713,6498,8889,9603,3590,0,0,0,0,9816,0,-1,0
9817,-1,-1,9817,-1,6713,-1,8890,9604,3591,0,0,0,0,9817,0,-1,0
9818,-1,-1,9818,5723,6714,-1,8891,9605,3592,0,0,0,0,9818,0,-1,0
9819,-1,-1,9819,5724,-1,-1,8892,9606,-1,0,0,0,0,9819,0,-1,0
9820,-1,-1,9820,5725,6715,6499,8892,9607,3593,0,0,0,0,9820,0,-1,0
9821,-1,-1,9821,5726,6716,6500,8893,9608,3594,0,0,0,0,9821,0,-1,0
9822,-1,-1,9822,5727,6717,6501,8894,9609,3594,0,0,0,0,9822,0,-1,0
9823,-1,-1,9823,-1,6718,6502,8894,9610,-1,0,0,0,0,9823,0,-1,0
9824,-1,-1,9824,5728,6719,6503,8895,9611,-1,0,0,0,0,9824,0,-1,0
9825,-1,-1,9825,5728,6720,6504,8896,9612,3595,0,0,0,0,9825,0,-1,0
9826,-1,-1,9826,5729,-1,-1,8897,9613,-1,0,0,0,0,9826,0,-1,0
9827,-1,-1,9827,5730,-1,-1,8898,9614,3596,0,0,0,0,9827,0,-1,0
9828,-1,-1,9828,5731,6721,6505,8899,9615,3597,0,0,0,0,9828,0,-1,0
9829,-1,-1,9829,-1,-1,-1,8900,9616,-1,0,0,0,0,9829,0,-1,0
9830,-1,-1,9830,5732,6722,6506,8901,9617,3597,0,0,0,0,9830,0,-1,0
9831,-1,-1,9831,5733,6723,6507,8902,9618,3597,0,0,0,0,9831,0,-1,0
9832,-1,-1,9832,-1,-1,6508,8903,9619,-1,0,0,0,0,9832,0,-1,0
9833,-1,-1,9833,-1,6724,6509,8904,9620,-1,0,0,0,0,9833,0,-1,0
9834,-1,-1,9834,5734,6725,6510,8905,9621,-1,0,0,0,0,9834,0,-1,0
9835,-1,-1,9835,5735,6725,6511,8905,9621,-1,0,0,0,0,9835,0,-1,0
9836,-1,-1,9836,5736,6726,6512,8906,9622,-1,0,0,0,0,9836,0,-1,0
9837,-1,-1,9837,-1,6727,6513,8907,9623,3597,0,0,0,0,9837,0,-1,0
9838,-1,-1,9838,-1,6728,-1,8907,9624,-1,0,0,0,0,9838,0,-1,0
9839,-1,-1,9839,5737,6728,6514,8908,9625,-1,0,0,0,0,9839,0,-1,0
9840,-1,-1,9840,5738,6729,-1,8909,9626,3597,0,0,0,0,9840,0,-1,0
9841,-1,-1,9841,5739,6730,6515,8910,9627,3597,0,0,0,0,9841,0,-1,0
9842,-1,-1,9842,5740,6731,6516,8911,9628,-1,0,0,0,0,9842,0,-1,0
9843,-1,-1,9843,-1,6731,6517,8911,9628,-1,0,0,0,0,9843,0,-1,0
9844,-1,-1,9844,5741,6732,6518,8912,9629,3598,0,0,0,0,9844,0,-1,0
9845,-1,-1,9845,-1,6733,6519,8912,9630,-1,0,0,0,0,9845,0,-1,0
9846,-1,-1,9846,5742,6733,6520,8913,9631,3599,0,0,0,0,9846,0,-1,0
9847,-1,-1,9847,5743,6734,6521,8914,9632,3600,0,0,0,0,9847,0,-1,0
9848,-1,-1,9848,5744,6735,-1,8915,9633,3601,0,0,0,0,9848,0,-1,0
9849,-1,-1,9849,-1,-1,-1,8916,9634,-1,0,0,0,0,9849,0,-1,0
9850,-1,-1,9850,-1,6736,-1,8916,9635,3602,0,0,0,0,9850,0,-1,0
9851,-1,-1,9851,5745,6737,6522,8917,9636,3602,0,0,0,0,9851,0,-1,0
9852,-1,-1,9852,5745,6737,6523,8918,9637,3603,0,0,0,0,9852,0,-1,0
9853,-1,-1,9853,-1,6738,6524,8919,9638,-1,0,0,0,0,9853,0,-1,0
9854,-1,-1,9854,-1,6739,6525,8920,9639,3604,0,0,0,0,9854,0,-1,0
9855,-1,-1,9855,5746,6739,-1,8921,9640,3604,0,0,0,0,9855,0,-1,0
9856,-1,-1,9856,-1,6740,6526,8922,9641,3605,0,0,0,0,9856,0,-1,0
9857,-1,-1,9857,-1,6741,-1,8923,9642,-1,0,0,0,0,9857,0,-1,0
9858,-1,-1,9858,5747,6742,6527,8924,9643,3606,0,0,0,0,9858,0,-1,0
9859,-1,-1,9859,-1,6743,6528,8925,9644,-1,0,0,0,0,9859,0,-1,0
9860,-1,-1,9860,5748,6744,6529,8926,9645,-1,0,0,0,0,9860,0,-1,0
9861,-1,-1,9861,5749,6745,6530,8927,9646,-1,0,0,0,0,9861,0,-1,0
9862,-1,-1,9862,-1,6746,6531,8928,9647,3606,0,0,0,0,9862,0,-1,0
9863,-1,-1,9863,5750,6747,-1,8929,9648,-1,0,0,0,0,9863,0,-1,0
9864,-1,-1,9864,-1,6748,6532,8930,9649,3607,0,0,0,0,9864,0,-1,0
9865,-1,-1,9865,5750,6749,6533,8931,9650,3608,0,0,0,0,9865,0,-1,0
9866,-1,-1,9866,-1,6750,6534,8932,9651,-1,0,0,0,0,9866,0,-1,0
9867,-1,-1,9867,5751,6751,6535,8933,9652,3608,0,0,0,0,9867,0,-1,0
9868,-1,-1,9868,5752,-1,-1,8934,9653,-1,0,0,0,0,9868,0,-1,0
9869,-1,-1,9869,5752,6752,6536,8935,9654,3608,0,0,0,0,9869,0,-1,0
9870,-1,-1,9870,-1,6753,6537,8936,9655,-1,0,0,0,0,9870,0,-1,0
9871,-1,-1,9871,-1,-1,-1,8937,9656,-1,0,0,0,0,9871,0,-1,0
9872,-1,-1,9872,5753,6753,6538,8938,9657,-1,0,0,0,0,9872,0,-1,0
9873,-1,-1,9873,5754,6753,6539,8939,9658,3608,0,0,0,0,9873,0,-1,0
9874,-1,-1,9874,5755,6754,6540,8940,9659,3608,0,0,0,0,9874,0,-1,0
9875,-1,-1,9875,-1,6755,6541,8941,9660,-1,0,0,0,0,9875,0,-1,0
9876,-1,-1,9876,-1,6756,6542,8942,9661,-1,0,0,0,0,9876,0,-1,0
9877,-1,-1,9877,5756,6757,6543,8943,9662,3609,0,0,0,0,9877,0,-1,0
9878,-1,-1,9878,5756,6758,6544,8943,9663,3610,0,0,0,0,9878,0,-1,0
9879,-1,-1,9879,5757,6758,6545,8944,9664,3611,0,0,0,0,9879,0,-1,0
9880,-1,-1,9880,-1,6758,-1,8945,9665,-1,0,0,0,0,9880,0,-1,0
9881,-1,-1,9881,5758,6759,-1,8946,9666,3612,0,0,0,0,9881,0,-1,0
9882,-1,-1,9882,5759,6760,6546,8947,9667,3613,0,0,0,0,9882,0,-1,0
9883,-1,-1,9883,-1,6761,6547,8948,9668,3614,0,0,0,0,9883,0,-1,0
9884,-1,-1,9884,-1,-1,-1,8949,9669,-1,0,0,0,0,9884,0,-1,0
9885,-1,-1,9885,-1,-1,-1,8950,9670,-1,0,0,0,0,9885,0,-1,0
9886,-1,-1,9886,5760,6762,6548,8951,9671,3614,0,0,0,0,9886,0,-1,0
9887,-1,-1,9887,-1,6763,6549,8952,9672,3614,0,0,0,0,9887,0,-1,0
9888,-1,-1,9888,5761,6764,6550,8953,9673,3614,0,0,0,0,9888,0,-1,0
9889,-1,-1,9889,5762,6765,6551,8954,9674,3614,0,0,0,0,9889,0,-1,0
9890,-1,-1,9890,5763,6766,6552,8955,9675,3614,0,0,0,0,9890,0,-1,0
9891,-1,-1,9891,5764,6767,6553,8956,9676,3614,0,0,0,0,9891,0,-1,0
9892,-1,-1,9892,5765,6768,6554,8957,9677,-1,0,0,0,0,9892,0,-1,0
9893,-1,-1,9893,5766,6768,-1,8958,9678,-1,0,0,0,0,9893,0,-1,0
9894,-1,-1,9894,5766,6769,6555,8959,9679,3614,0,0,0,0,9894,0,-1,0
9895,-1,-1,9895,5767,6770,-1,8960,9680,-1,0,0,0,0,9895,0,-1,0
9896,-1,-1,9896,5768,6770,6556,8961,9681,3615,0,0,0,0,9896,0,-1,0
9897,-1,-1,9897,5769,6771,6557,8962,9682,3616,0,0,0,0,9897,0,-1,0
9898,-1,-1,9898,5770,6771,6558,8963,9683,-1,0,0,0,0,9898,0,-1,0
9899,-1,-1,9899,-1,6772,6559,8964,9684,3617,0,0,0,0,9899,0,-1,0
9900,-1,-1,9900,5771,-1,6560,8965,9685,3617,0,0,0,0,9900,0,-1,0
9901,-1,-1,9901,-1,-1,-1,8966,9686,3617,0,0,0,0,9901,0,-1,0
9902,-1,-1,9902,-1,6773,6561,8967,9687,3618,0,0,0,0,9902,0,-1,0
9903,-1,-1,9903,-1,6774,6562,8968,9688,3619,0,0,0,0,9903,0,-1,0
9904,-1,-1,9904,5772,6775,6563,8969,9689,3619,0,0,0,0,9904,0,-1,0
9905,-1,-1,9905,5773,6776,6564,8970,9690,-1,0,0,0,0,9905,0,-1,0
9906,-1,-1,9906,5773,6777,6565,8971,9691,3620,0,0,0,0,9906,0,-1,0
9907,-1,-1,9907,5773,6778,-1,8972,9692,3621,0,0,0,0,9907,0,-1,0
9908,-1,-1,9908,5774,6779,6566,8973,9693,3622,0,0,0,0,9908,0,-1,0
9909,-1,-1,9909,-1,6780,6567,8974,9694,3623,0,0,0,0,9909,0,-1,0
9910,-1,-1,9910,5775,6781,6568,8975,9695,-1,0,0,0,0,9910,0,-1,0
9911,-1,-1,9911,5775,6782,6569,8976,9696,3624,0,0,0,0,9911,0,-1,0
9912,-1,-1,9912,-1,6783,6570,8977,9697,3625,0,0,0,0,9912,0,-1,0